#0
data modify storage ps:ani_data data append value {ani_tag:'boss',height:0.1,width:0.3}
data modify storage ps:ani_data data[-1].parts.part_1 set value {name:'coin',init_pos:[0.8030601217229444, -0.14826793806047225, 0.577157742252173, -0.05287855320034332, -0.021001856967572192, 0.9609072736264447, 0.276072696034408, -0.481032111397721, -0.595527801955747, -0.2338243572322801, 0.7685524100948924, -2.3085088568191003, 0.0, 0.0, 0.0, 1.0],item_model:'cointosser:boss_body'}
data modify storage ps:ani_data data[-1].parts.part_2 set value {name:'coin',init_pos:[0.7637603565709955, -0.2890658372912996, 0.577157742252173, -0.08266804283539639, 0.15064964888297244, 0.9492568407948032, 0.27607269603440804, 0.21410072622476078, -0.6276741200830116, -0.12390476954237654, 0.7685524100948924, -2.373194051154431, 0.0, 0.0, 0.0, 1.0],item_model:'cointosser:boss_tie'}
data modify storage ps:ani_data data[-1].parts.part_3 set value {name:'coin',init_pos:[0.9150836063301909, -0.07151153665197066, 0.3968728934449996, -0.16407950674569752, 0.07777115655857234, 0.9969711848704362, 0.0003220956075455361, 0.2396483438221125, -0.39569387237266407, 0.03057051951982881, 0.9178735221712269, -2.48387712474331, 0.0, 0.0, 0.0, 1.0],item_model:'cointosser:boss_head'}
data modify storage ps:ani_data data[-1].parts.part_4 set value {name:'coin',init_pos:[0.9205418564575765, -0.07879708709348296, 0.3826143091616162, -0.07380022546594399, 0.025456782704365064, 0.989463517124663, 0.14252684130939824, 0.3643502658328036, -0.3898135999730916, -0.12146179376607975, 0.9128485032748559, -2.2505874292605252, 0.0, 0.0, 0.0, 1.0],item_model:'cointosser:boss_hair'}
data modify storage ps:ani_data data[-1].parts.part_5 set value {name:'coin',init_pos:[0.9150836063301909, -0.07151153665197066, 0.3968728934449996, -0.08412020850473413, 0.07777115655857234, 0.9969711848704362, 0.0003220956075455361, 0.34296870633601356, -0.39569387237266407, 0.03057051951982881, 0.9178735221712269, -2.2495223495826715, 0.0, 0.0, 0.0, 1.0],item_model:'cointosser:boss_eye'}
data modify storage ps:ani_data data[-1].parts.part_6 set value {name:'coin',init_pos:[0.9161387734606447, -0.0564061540137189, 0.3968728934449996, -0.0764484185388427, 0.0613140659409923, 0.9981184707098668, 0.0003220956075455361, 0.4185613165012451, -0.3961443336459691, 0.0240388064840453, 0.9178735221712269, -2.246056810601753, 0.0, 0.0, 0.0, 1.0],item_model:'cointosser:boss_eyelid'}
data modify storage ps:ani_data data[-1].parts.part_7 set value {name:'coin',init_pos:[0.5883303408162627, -0.5555563568553162, 0.5875581200465779, 0.05521901594259763, 0.07294811046069911, 0.7601197246466431, 0.6456752878834106, 0.11428447037691385, -0.8053235270717192, -0.33700910753384694, 0.4877282831495484, -2.6035310305782122, 0.0, 0.0, 0.0, 1.0],item_model:'cointosser:boss_left_arm_upper'}
data modify storage ps:ani_data data[-1].parts.part_8 set value {name:'coin',init_pos:[0.5883303408162627, -0.7924751800134264, -0.16078090414507457, 0.24926407460795122, 0.07294811046069911, -0.14600746436289924, 0.9865902865579665, -0.06890657542905629, -0.8053235270717192, -0.5921696626922086, -0.028091054301360913, -2.594777834357724, 0.0, 0.0, 0.0, 1.0],item_model:'cointosser:boss_left_arm_lower'}
data modify storage ps:ani_data data[-1].parts.part_16 set value {name:'coin',init_pos:[-0.2073935370399776, -0.027070464599033256, 0.9778829739495621, 0.5306250797911146, 0.12367133694059396, 0.9908714034502494, 0.05365875738273512, 0.09935360723161807, -0.9704088422996637, 0.13206457424656193, -0.20215248456474855, -2.3303346692898517, 0.0, 0.0, 0.0, 1.0],item_model:'cointosser:boss_pipe'}
data modify storage ps:ani_data data[-1].parts.part_9 set value {name:'coin',init_pos:[0.9815345560452098, 0.18438156752868495, -0.05092497270296925, -0.3254494151377723, -0.19079186003508725, 0.9627754344734973, -0.19147305011076665, 0.09938398989758923, 0.013725211600730702, 0.19765348549932923, 0.9801758608721609, -2.3070239812094377, 0.0, 0.0, 0.0, 1.0],item_model:'cointosser:boss_right_arm_upper'}
data modify storage ps:ani_data data[-1].parts.part_10 set value {name:'coin',init_pos:[0.9815345560452098, 0.19038425180615517, -0.01854054889542578, -0.4635636716491819, -0.19079186003508722, 0.9813497445956505, -0.02347647602181613, -0.12342313184249562, 0.013725211600730536, 0.02658035827940919, 0.9995524514102565, -2.3577240911718387, 0.0, 0.0, 0.0, 1.0],item_model:'cointosser:boss_right_arm_lower'}
data modify storage ps:ani_data data[-1].parts.part_15 set value {name:'coin',init_pos:[0.0, 0.0, 0.0, -0.5349577660764903, 0.0, 0.0, 0.0, -0.4914292860658647, 0.0, 0.0, 0.0, -2.367691725526617, 0.0, 0.0, 0.0, 1.0],item_model:'cointosser:boss_sickle'}
data modify storage ps:ani_data data[-1].parts.part_17 set value {name:'coin',init_pos:[0.0, 0.0, 0.0, -0.5349577660764903, 0.0, 0.0, 0.0, -0.4914292860658647, 0.0, 0.0, 0.0, -2.367691725526617, 0.0, 0.0, 0.0, 1.0],item_model:'cointosser:boss_money_box'}
data modify storage ps:ani_data data[-1].parts.part_11 set value {name:'coin',init_pos:[0.9688206694689533, -0.213524740786117, -0.12567297037131997, 0.08550725494819578, 0.07591753515961827, -0.22699680174488263, 0.9709320160819102, -0.4287474829365197, -0.23584536939490086, -0.950199787976095, -0.20370892141771002, -2.333639422181291, 0.0, 0.0, 0.0, 1.0],item_model:'cointosser:boss_left_leg_upper'}
data modify storage ps:ani_data data[-1].parts.part_12 set value {name:'coin',init_pos:[0.9688206694689532, -0.10772496757386503, 0.2231184478498789, 0.16557903274298966, 0.07591753515961938, 0.9862863212673729, 0.14654630782165884, -0.3436236822821887, -0.23584536939490103, -0.12503848944257995, 0.9637127880716849, -1.9773145016902556, 0.0, 0.0, 0.0, 1.0],item_model:'cointosser:boss_left_leg_lower'}
data modify storage ps:ani_data data[-1].parts.part_13 set value {name:'coin',init_pos:[0.43877688335929843, -0.8546413431693541, -0.27760227155983963, -0.1186201501577127, 0.01080113510514634, -0.3038904437883796, 0.9526457545460127, -0.35183613172051226, -0.898531124730769, -0.42099735476578015, -0.12410900519412332, -2.1674510146027943, 0.0, 0.0, 0.0, 1.0],item_model:'cointosser:boss_right_leg_upper'}
data modify storage ps:ani_data data[-1].parts.part_14 set value {name:'coin',init_pos:[0.43877688335929843, -0.8020112603830031, 0.40528111829737073, 0.20187035353079502, 0.01080113510514634, 0.4556905558771609, 0.8900727233011942, -0.23787721529986983, -0.898531124730769, -0.3861658393789267, 0.2086091138632925, -2.009577006565627, 0.0, 0.0, 0.0, 1.0],item_model:'cointosser:boss_right_leg_lower'}
#1
data modify storage ps:ani_data data[-1].frames append value {}
data modify storage ps:ani_data data[-1].frames[-1].part_1 set value {interpolation_duration:1,start_interpolation:0,transformation:[0.803146979358021, -0.14809906810623621, 0.5770802332207808, -0.05287855320034332, -0.0209664499079597, 0.9609856124514378, 0.27580257547672027, -0.481032111397721, -0.5954119057646927, -0.2336093291959877, 0.7687075801540253, -2.3085088568191003, 0.0, 0.0, 0.0, 1.0]}
data modify storage ps:ani_data data[-1].frames[-1].part_2 set value {interpolation_duration:1,start_interpolation:0,transformation:[0.7638751797093135, -0.2891978834554452, 0.576939593050221, -0.08256163337078314, 0.15070118999772167, 0.9491929710447587, 0.27626410380737854, 0.2141208190972324, -0.6275220005365026, -0.12408580871362417, 0.7686474165171906, -2.3730268231220886, 0.0, 0.0, 0.0, 1.0]}
data modify storage ps:ani_data data[-1].frames[-1].part_3 set value {interpolation_duration:1,start_interpolation:0,transformation:[0.9150936550800527, -0.0715310800146777, 0.3968462007178135, -0.1639528542800205, 0.07785408426751074, 0.9969647487664729, 0.0001768611629237582, 0.23970709794085734, -0.39565432386756083, 0.030734253023904506, 0.917885102665887, -2.483715853716091, 0.0, 0.0, 0.0, 1.0]}
data modify storage ps:ani_data data[-1].frames[-1].part_4 set value {interpolation_duration:1,start_interpolation:0,transformation:[0.920552713107871, -0.07881206975189069, 0.3825851017109275, -0.07368268910240185, 0.02553883525762088, 0.9894822304875571, 0.142382173894954, 0.3643719068273974, -0.3897825936126725, -0.12129951859258106, 0.9128833203130542, -2.250402796421631, 0.0, 0.0, 0.0, 1.0]}
data modify storage ps:ani_data data[-1].frames[-1].part_5 set value {interpolation_duration:1,start_interpolation:0,transformation:[0.9150936550800527, -0.0715310800146777, 0.3968462007178135, -0.08400495501830037, 0.07785408426751074, 0.9969647487664729, 0.0001768611629237582, 0.34302693960174296, -0.39565432386756083, 0.030734253023904506, 0.917885102665887, -2.2493404334914375, 0.0, 0.0, 0.0, 1.0]}
data modify storage ps:ani_data data[-1].frames[-1].part_6 set value {interpolation_duration:1,start_interpolation:0,transformation:[0.9161491432396596, -0.05642552894811548, 0.3968462007178135, -0.07633202825524393, 0.06139708853846724, 0.9981134034963808, 0.0001768611629237582, 0.4185821536767513, -0.3961074915477329, 0.02420317011874093, 0.917885102665887, -2.2458632386078956, 0.0, 0.0, 0.0, 1.0]}
data modify storage ps:ani_data data[-1].frames[-1].part_7 set value {interpolation_duration:1,start_interpolation:0,transformation:[0.5884976119212454, -0.555140740788956, 0.5877833943548254, 0.0553462740727643, 0.07286721114863877, 0.7604654910738374, 0.6452771547368206, 0.1143422839074377, -0.8052086253278777, -0.3369139278838382, 0.48798368302175127, -2.603367664007766, 0.0, 0.0, 0.0, 1.0]}
data modify storage ps:ani_data data[-1].frames[-1].part_8 set value {interpolation_duration:1,start_interpolation:0,transformation:[0.5884976119212454, -0.7924350510401379, -0.16036598967987287, 0.24930311038762007, 0.07286721114863877, -0.14555762721030557, 0.9866627319911934, -0.06894278781583679, -0.8052086253278777, -0.5923340839795729, -0.027917783824463582, -2.5946274906612947, 0.0, 0.0, 0.0, 1.0]}
data modify storage ps:ani_data data[-1].frames[-1].part_16 set value {interpolation_duration:1,start_interpolation:0,transformation:[-0.20717701506193653, -0.026681030609438217, 0.9779395722822777, 0.5306890432322249, 0.12395479304976087, 0.9908557072205897, 0.05329330866418308, 0.09914665513712535, -0.9704189269125044, 0.13226144590924133, -0.20197528615149868, -2.3301022785874133, 0.0, 0.0, 0.0, 1.0]}
data modify storage ps:ani_data data[-1].frames[-1].part_9 set value {interpolation_duration:1,start_interpolation:0,transformation:[0.9815059370290327, 0.18448563124135756, -0.05109938788516388, -0.3253797023890986, -0.19093175764297987, 0.9627009299500221, -0.19170806815761604, 0.0993652896497177, 0.013826044268805404, 0.19791910301646143, 0.9801208441621044, -2.3069332508205957, 0.0, 0.0, 0.0, 1.0]}
data modify storage ps:ani_data data[-1].frames[-1].part_10 set value {interpolation_duration:1,start_interpolation:0,transformation:[0.9815059370290327, 0.19051669279105288, -0.018694527132831318, -0.46351729179590984, -0.19093175764297984, 0.9813166604080272, -0.02372079107025249, -0.12341009055875844, 0.013826044268805238, 0.02685147619025413, 0.9995438153109053, -2.3577092182249113, 0.0, 0.0, 0.0, 1.0]}
data modify storage ps:ani_data data[-1].frames[-1].part_15 set value {interpolation_duration:1,start_interpolation:0,transformation:[0.0, 0.0, 0.0, -0.5349610515925547, 0.0, 0.0, 0.0, -0.4914038382117687, 0.0, 0.0, 0.0, -2.367778521796257, 0.0, 0.0, 0.0, 1.0]}
data modify storage ps:ani_data data[-1].frames[-1].part_17 set value {interpolation_duration:1,start_interpolation:0,transformation:[0.0, 0.0, 0.0, -0.5349610515925547, 0.0, 0.0, 0.0, -0.4914038382117687, 0.0, 0.0, 0.0, -2.367778521796257, 0.0, 0.0, 0.0, 1.0]}
data modify storage ps:ani_data data[-1].frames[-1].part_11 set value {interpolation_duration:1,start_interpolation:0,transformation:[0.9688333888597012, -0.21356449931466276, -0.1255072478508881, 0.08551831124117631, 0.07580559143327065, -0.22674424502765123, 0.9709997732514115, -0.428760524812601, -0.23582912656853655, -0.9502511520536651, -0.20348801213487547, -2.333605644149422, 0.0, 0.0, 0.0, 1.0]}
data modify storage ps:ani_data data[-1].frames[-1].part_12 set value {interpolation_duration:1,start_interpolation:0,transformation:[0.9688333888597009, -0.10755654111562495, 0.22314447134954957, 0.1656049984841748, 0.07580559143327179, 0.9863331224428693, 0.14628904224018768, -0.34373143292723185, -0.23582912656853683, -0.12481410992088367, 0.9637458487726825, -1.9772614621292979, 0.0, 0.0, 0.0, 1.0]}
data modify storage ps:ani_data data[-1].frames[-1].part_13 set value {interpolation_duration:1,start_interpolation:0,transformation:[0.43871047557590304, -0.8545796451559686, -0.2778970109682069, -0.11862345353689654, 0.011006826277416157, -0.304112392155109, 0.9525725708380416, -0.35186183537571125, -0.8985610543503784, -0.4209623296956582, -0.12401108249644567, -2.1674290160972105, 0.0, 0.0, 0.0, 1.0]}
data modify storage ps:ani_data data[-1].frames[-1].part_14 set value {interpolation_duration:1,start_interpolation:0,transformation:[0.43871047557590304, -0.8019891212595738, 0.4053968031463266, 0.2018439133965917, 0.011006826277416157, 0.45589019627552696, 0.8899679649937744, -0.2378196883175454, -0.8985610543503784, -0.38597613698408595, 0.20883115975251004, -2.009568142461339, 0.0, 0.0, 0.0, 1.0]}
#2
data modify storage ps:ani_data data[-1].frames append value {}
data modify storage ps:ani_data data[-1].frames[-1].part_1 set value {interpolation_duration:1,start_interpolation:0,transformation:[0.8033955354997764, -0.14761609289664382, 0.5768579570890541, -0.05287855320034332, -0.02086507263367394, 0.9612093912986347, 0.2750293708375517, -0.481032111397721, -0.5950800469542051, -0.2329935518361773, 0.7691513131495932, -2.3085088568191003, 0.0, 0.0, 0.0, 1.0]}
data modify storage ps:ani_data data[-1].frames[-1].part_2 set value {interpolation_duration:1,start_interpolation:0,transformation:[0.764203776608478, -0.289575151979867, 0.5763148611420463, -0.08225737243065417, 0.15084844617918236, 0.9490099932316692, 0.2768118115828028, 0.21417801647478427, -0.6270863848806363, -0.1246044305081634, 0.7689189825950916, -2.372548009562773, 0.0, 0.0, 0.0, 1.0]}
data modify storage ps:ani_data data[-1].frames[-1].part_3 set value {interpolation_duration:1,start_interpolation:0,transformation:[0.9151223987343027, -0.07158741789426287, 0.3967697530482991, -0.1635906228728262, 0.07809182224284708, 0.9969461420963857, -0.0002388680068268756, 0.23987493207625504, -0.39554097465821114, 0.031203066489774473, 0.9179181368771766, -2.483254020696233, 0.0, 0.0, 0.0, 1.0]}
data modify storage ps:ani_data data[-1].frames[-1].part_4 set value {interpolation_duration:1,start_interpolation:0,transformation:[0.9205837897914433, -0.07885534347384984, 0.38250139970834734, -0.07334661184753433, 0.025774077232607745, 0.9895356345738864, 0.1419680416546757, 0.3644334828365963, -0.3896937039727886, -0.12083485719806722, 0.9129828883226079, -2.2498741031657175, 0.0, 0.0, 0.0, 1.0]}
data modify storage ps:ani_data data[-1].frames[-1].part_5 set value {interpolation_duration:1,start_interpolation:0,transformation:[0.9151223987343027, -0.07158741789426287, 0.3967697530482991, -0.08367563951221602, 0.07809182224284708, 0.9969461420963857, -0.0002388680068268756, 0.3431964251564118, -0.39554097465821114, 0.031203066489774473, 0.9179181368771766, -2.248819354530507, 0.0, 0.0, 0.0, 1.0]}
data modify storage ps:ani_data data[-1].frames[-1].part_6 set value {interpolation_duration:1,start_interpolation:0,transformation:[0.9161788123588726, -0.056481384992559336, 0.3967697530482991, -0.07599925325662443, 0.06163510110777911, 0.9980987211962096, -0.0002388680068268756, 0.4186414187995372, -0.3960018915309873, 0.024673789652445738, 0.9179181368771766, -2.2453089505120345, 0.0, 0.0, 0.0, 1.0]}
data modify storage ps:ani_data data[-1].frames[-1].part_7 set value {interpolation_duration:1,start_interpolation:0,transformation:[0.5889755345315466, -0.5539506793871901, 0.5884271106345709, 0.0557102726141984, 0.07263508742549733, 0.7614538102294446, 0.644136816958751, 0.11450749000550715, -0.8048800928075992, -0.3366403714552545, 0.48871392092767213, -2.602899838455262, 0.0, 0.0, 0.0, 1.0]}
data modify storage ps:ani_data data[-1].frames[-1].part_8 set value {interpolation_duration:1,start_interpolation:0,transformation:[0.5889755345315466, -0.7923193890505665, -0.15917853328202325, 0.24941439882332841, 0.07263508742549733, -0.14427017561465136, 0.9868689175887587, -0.06904642310571361, -0.8048800928075992, -0.59280359493061, -0.027421415706994856, -2.594197254292161, 0.0, 0.0, 0.0, 1.0]}
data modify storage ps:ani_data data[-1].frames[-1].part_16 set value {interpolation_duration:1,start_interpolation:0,transformation:[-0.20655728806196116, -0.02556662207518734, 0.9781004215233488, 0.5308713712432191, 0.12476545222694152, 0.9908096824244259, 0.05224705871735787, 0.09855424569739825, -0.9704471488335132, 0.13282515217259427, -0.20146912982199633, -2.3294375890280277, 0.0, 0.0, 0.0, 1.0]}
data modify storage ps:ani_data data[-1].frames[-1].part_9 set value {interpolation_duration:1,start_interpolation:0,transformation:[0.9814238818481469, 0.18478294636316617, -0.05159870997866095, -0.32518044391358625, -0.1913320324197986, 0.9624872722305675, -0.19238062315178855, 0.09931155240378743, 0.014114443248808228, 0.1986794240164509, 0.9799628916261409, -2.30667357193382, 0.0, 0.0, 0.0, 1.0]}
data modify storage ps:ani_data data[-1].frames[-1].part_10 set value {interpolation_duration:1,start_interpolation:0,transformation:[0.981423881848147, 0.1908952563217216, -0.019135444911967003, -0.4633846694276415, -0.19133203241979857, 0.9812215425668265, -0.024420028109856523, -0.12337288761449827, 0.014114443248808062, 0.02762762234868016, 0.9995186326302951, -2.357666656992508, 0.0, 0.0, 0.0, 1.0]}
data modify storage ps:ani_data data[-1].frames[-1].part_15 set value {interpolation_duration:1,start_interpolation:0,transformation:[0.0, 0.0, 0.0, -0.5349703905482872, 0.0, 0.0, 0.0, -0.49133096607705834, 0.0, 0.0, 0.0, -2.368027015373263, 0.0, 0.0, 0.0, 1.0]}
data modify storage ps:ani_data data[-1].frames[-1].part_17 set value {interpolation_duration:1,start_interpolation:0,transformation:[0.0, 0.0, 0.0, -0.5349703905482872, 0.0, 0.0, 0.0, -0.49133096607705834, 0.0, 0.0, 0.0, -2.368027015373263, 0.0, 0.0, 0.0, 1.0]}
data modify storage ps:ani_data data[-1].frames[-1].part_11 set value {interpolation_duration:1,start_interpolation:0,transformation:[0.9688696538799549, -0.21367795454598099, -0.12503329769138244, 0.08554990538944297, 0.07548565305865432, -0.22602115378501625, 0.9711932630655952, -0.428797869543336, -0.23578276012644495, -0.9503979007672185, -0.20285541709409594, -2.3335089651394036, 0.0, 0.0, 0.0, 1.0]}
data modify storage ps:ani_data data[-1].frames[-1].part_12 set value {interpolation_duration:1,start_interpolation:0,transformation:[0.9688696538799548, -0.10707487849819892, 0.2232186465892408, 0.16567913834418582, 0.07548565305865543, 0.9864666151763252, 0.14555251054128895, -0.344039936873955, -0.2357827601264451, -0.12417160519683904, 0.9638401851396297, -1.977109752351697, 0.0, 0.0, 0.0, 1.0]}
data modify storage ps:ani_data data[-1].frames[-1].part_13 set value {interpolation_duration:1,start_interpolation:0,transformation:[0.43852214712783794, -0.854401296310547, -0.27874136998523863, -0.11863298418637871, 0.011588062551537187, -0.30475237240153896, 0.9523611228530569, -0.3519354609034537, -0.8986456717108765, -0.4208615168656913, -0.12373980902206419, -2.167366080798353, 0.0, 0.0, 0.0, 1.0]}
data modify storage ps:ani_data data[-1].frames[-1].part_14 set value {interpolation_duration:1,start_interpolation:0,transformation:[0.43852214712783794, -0.8019254287044453, 0.40572642664187203, 0.20176750193007642, 0.011588062551537187, 0.4564567822813542, 0.8896701201657016, -0.23765332125287658, -0.8986456717108765, -0.3854384681198074, 0.20945917026657906, -2.0095430119737183, 0.0, 0.0, 0.0, 1.0]}
#3
data modify storage ps:ani_data data[-1].frames append value {}
data modify storage ps:ani_data data[-1].frames[-1].part_1 set value {interpolation_duration:1,start_interpolation:0,transformation:[0.8037877593520782, -0.14685477326883373, 0.5765057792285565, -0.05287855320034332, -0.020704933734184104, 0.9615613115749823, 0.2738086006707294, -0.481032111397721, -0.5945557531761245, -0.23202051558075493, 0.7698505937614207, -2.3085088568191003, 0.0, 0.0, 0.0, 1.0]}
data modify storage ps:ani_data data[-1].frames[-1].part_2 set value {interpolation_duration:1,start_interpolation:0,transformation:[0.764722345139237, -0.290168668970233, 0.5753276270029011, -0.08177798741909693, 0.15108010421896106, 0.9487206348478051, 0.27767599666367554, 0.21426736539392052, -0.6263980658925551, -0.12542448150987504, 0.7693465815118992, -2.3717916370606917, 0.0, 0.0, 0.0, 1.0]}
data modify storage ps:ani_data data[-1].frames[-1].part_3 set value {interpolation_duration:1,start_interpolation:0,transformation:[0.9151677189772062, -0.0716775618566623, 0.396648929493503, -0.16301963315196863, 0.07846826575370412, 0.9969162100170224, -0.0008952513069016566, 0.24013887228351563, -0.3953615780670442, 0.03194365870686697, 0.9179699479050258, -2.4825242435046664, 0.0, 0.0, 0.0, 1.0]}
data modify storage ps:ani_data data[-1].frames[-1].part_4 set value {interpolation_duration:1,start_interpolation:0,transformation:[0.9206328552599149, -0.07892483279511091, 0.3823689534784962, -0.07281709601067565, 0.02614660739538835, 0.9896194621630121, 0.1413141006053613, 0.36452958570891797, -0.38955294985109273, -0.12010075302201287, 0.9131398076887557, -2.2490387991900516, 0.0, 0.0, 0.0, 1.0]}
data modify storage ps:ani_data data[-1].frames[-1].part_5 set value {interpolation_duration:1,start_interpolation:0,transformation:[0.9151677189772062, -0.0716775618566623, 0.396648929493503, -0.08315714559193665, 0.07846826575370412, 0.9969162100170224, -0.0008952513069016566, 0.343467708225284, -0.3953615780670442, 0.03194365870686697, 0.9179699479050258, -2.2479957215531865, 0.0, 0.0, 0.0, 1.0]}
data modify storage ps:ani_data data[-1].frames[-1].part_6 set value {interpolation_duration:1,start_interpolation:0,transformation:[0.9162256134921807, -0.05657076906437841, 0.396648929493503, -0.07547501654745446, 0.06201198716741232, 0.9980750031799446, -0.0008952513069016566, 0.41873384292515836, -0.3958347365106122, 0.025417240503614602, 0.9179699479050258, -2.244433215121256, 0.0, 0.0, 0.0, 1.0]}
data modify storage ps:ani_data data[-1].frames[-1].part_7 set value {interpolation_duration:1,start_interpolation:0,transformation:[0.5897274404864387, -0.5520706054214959, 0.5894400669846402, 0.05628415334465517, 0.07226693545379756, 0.7630099350046748, 0.6423342814487474, 0.11476747490309691, -0.8043625028414929, -0.3362051244608043, 0.48986434684396507, -2.602160617351103, 0.0, 0.0, 0.0, 1.0]}
data modify storage ps:ani_data data[-1].frames[-1].part_8 set value {interpolation_duration:1,start_interpolation:0,transformation:[0.5897274404864387, -0.7921343835680574, -0.15730436836454298, 0.24958875224563276, 0.07226693545379756, -0.14223804066206727, 0.9871908781126032, -0.06920998364927826, -0.8043625028414929, -0.5935414544561062, -0.026636551291400343, -2.593518320877292, 0.0, 0.0, 0.0, 1.0]}
data modify storage ps:ani_data data[-1].frames[-1].part_16 set value {interpolation_duration:1,start_interpolation:0,transformation:[-0.20557900565693854, -0.023808123429346684, 0.9783508806618807, 0.5311569384360996, 0.12604319421185128, 0.9907337139865516, 0.05059467524638611, 0.09761886281971158, -0.9704897658532923, 0.13371567308728896, -0.20067319986693616, -2.328389702337093, 0.0, 0.0, 0.0, 1.0]}
data modify storage ps:ani_data data[-1].frames[-1].part_9 set value {interpolation_duration:1,start_interpolation:0,transformation:[0.9812939234423127, 0.18525066793118328, -0.05238726797842552, -0.32486672082349427, -0.19196347935567, 0.9621487554108377, -0.1934419681843658, 0.09922608031358422, 0.014569090872739776, 0.19987987015311584, 0.9797120899012707, -2.3062636754617003, 0.0, 0.0, 0.0, 1.0]}
data modify storage ps:ani_data data[-1].frames[-1].part_10 set value {interpolation_duration:1,start_interpolation:0,transformation:[0.9812939234423128, 0.19149131693424185, -0.01983207891227351, -0.46317569312900697, -0.19196347935566999, 0.9810701110431994, -0.02552371076762927, -0.12331453234953131, 0.01456909087273961, 0.02885329715083007, 0.9994774779026627, -2.3575994952692985, 0.0, 0.0, 0.0, 1.0]}
data modify storage ps:ani_data data[-1].frames[-1].part_15 set value {interpolation_duration:1,start_interpolation:0,transformation:[0.0, 0.0, 0.0, -0.5349849369793478, 0.0, 0.0, 0.0, -0.49121582399073105, 0.0, 0.0, 0.0, -2.36841948170086, 0.0, 0.0, 0.0, 1.0]}
data modify storage ps:ani_data data[-1].frames[-1].part_17 set value {interpolation_duration:1,start_interpolation:0,transformation:[0.0, 0.0, 0.0, -0.5349849369793478, 0.0, 0.0, 0.0, -0.49121582399073105, 0.0, 0.0, 0.0, -2.36841948170086, 0.0, 0.0, 0.0, 1.0]}
data modify storage ps:ani_data data[-1].frames[-1].part_11 set value {interpolation_duration:1,start_interpolation:0,transformation:[0.9689264795703983, -0.21385602435187817, -0.12428627452668942, 0.08559962527008681, 0.0749820103865336, -0.22487901715691322, 0.9714973627143486, -0.4288568706367748, -0.23570993892008135, -0.9506287542942039, -0.20185587978392378, -2.333356350147854, 0.0, 0.0, 0.0, 1.0]}
data modify storage ps:ani_data data[-1].frames[-1].part_12 set value {interpolation_duration:1,start_interpolation:0,transformation:[0.9689264795703982, -0.10631576113610758, 0.22333480723202348, 0.16579563440204112, 0.07498201038653474, 0.986675953405504, 0.144389269302581, -0.3445272392029324, -0.23570993892008152, -0.12315649355754563, 0.9639882275157212, -1.9768705672875277, 0.0, 0.0, 0.0, 1.0]}
data modify storage ps:ani_data data[-1].frames[-1].part_13 set value {interpolation_duration:1,start_interpolation:0,transformation:[0.43823018057258223, -0.8541144960302187, -0.2800763047927612, -0.11864825749489405, 0.012482837166219327, -0.3057766724988401, 0.9520214311305281, -0.35205185578478637, -0.89877610538532, -0.4207006705801439, -0.12333879422879726, -2.1672668190080837, 0.0, 0.0, 0.0, 1.0]}
data modify storage ps:ani_data data[-1].frames[-1].part_14 set value {interpolation_duration:1,start_interpolation:0,transformation:[0.43823018057258223, -0.8018237749215653, 0.40624246799892005, 0.20164467851643797, 0.012482837166219327, 0.4573368576364503, 0.8892059252071474, -0.23738560359772123, -0.89877610538532, -0.3846058145917046, 0.21042784932286807, -2.00950406754053, 0.0, 0.0, 0.0, 1.0]}
#4
data modify storage ps:ani_data data[-1].frames append value {}
data modify storage ps:ani_data data[-1].frames[-1].part_1 set value {interpolation_duration:1,start_interpolation:0,transformation:[0.8043055424739942, -0.14585127924913047, 0.5760381920385192, -0.05287855320034332, -0.020493222754802615, 0.9620236285918228, 0.2721958226206725, -0.481032111397721, -0.5938624606478641, -0.23073348775679423, 0.7707719737126211, -2.3085088568191003, 0.0, 0.0, 0.0, 1.0]}
data modify storage ps:ani_data data[-1].frames[-1].part_2 set value {interpolation_duration:1,start_interpolation:0,transformation:[0.7654069917151282, -0.2909487688189124, 0.5740217338710766, -0.08114653367930563, 0.15138458094522297, 0.9483374888864047, 0.2788166347703589, 0.21438361108674117, -0.625487686278185, -0.12651016202419274, 0.7699093019434013, -2.3707916329378187, 0.0, 0.0, 0.0, 1.0]}
data modify storage ps:ani_data data[-1].frames[-1].part_3 set value {interpolation_duration:1,start_interpolation:0,transformation:[0.9152274760559342, -0.07179889599368003, 0.3964890737540858, -0.16226701263719115, 0.07896763941433213, 0.9968756220141484, -0.0017624299227948503, 0.24048561004614613, -0.39512375149769513, 0.032922830497900096, 0.9180377488068747, -2.481558972636696, 0.0, 0.0, 0.0, 1.0]}
data modify storage ps:ani_data data[-1].frames[-1].part_4 set value {interpolation_duration:1,start_interpolation:0,transformation:[0.9206976760988838, -0.0790188265496669, 0.3821934252140248, -0.0721196061978797, 0.02664086273265482, 0.9897292872326465, 0.14044999973947112, 0.36465445531721585, -0.3893662204903944, -0.11913002578976987, 0.9133465844335076, -2.2479341816227394, 0.0, 0.0, 0.0, 1.0]}
data modify storage ps:ani_data data[-1].frames[-1].part_5 set value {interpolation_duration:1,start_interpolation:0,transformation:[0.9152274760559342, -0.07179889599368003, 0.3964890737540858, -0.08247453377350975, 0.07896763941433213, 0.9968756220141484, -0.0017624299227948503, 0.34382836076968587, -0.39512375149769513, 0.032922830497900096, 0.9180377488068747, -2.2469059982912007, 0.0, 0.0, 0.0, 1.0]}
data modify storage ps:ani_data data[-1].frames[-1].part_6 set value {interpolation_duration:1,start_interpolation:0,transformation:[0.9162873640246665, -0.056691100909713216, 0.3964890737540858, -0.07478462379540805, 0.06251196243411589, 0.9980426586040313, -0.0017624299227948503, 0.4188537956383753, -0.39561309518437826, 0.026400202352288654, 0.9180377488068747, -2.2432751434693317, 0.0, 0.0, 0.0, 1.0]}
data modify storage ps:ani_data data[-1].frames[-1].part_7 set value {interpolation_duration:1,start_interpolation:0,transformation:[0.5907158009013389, -0.5495846718257625, 0.5907719789052783, 0.05704078288744871, 0.07177746083549753, 0.7650577218327258, 0.6399489654496897, 0.11510935078346762, -0.8036808064657872, -0.3356238530830138, 0.4913794771459358, -2.6011829018290626, 0.0, 0.0, 0.0, 1.0]}
data modify storage ps:ani_data data[-1].frames[-1].part_8 set value {interpolation_duration:1,start_interpolation:0,transformation:[0.5907158009013389, -0.7918854951645597, -0.15482960024966033, 0.2498165571783899, 0.07177746083549753, -0.13955440233028443, 0.9876095204615262, -0.06942594272138607, -0.8036808064657872, -0.5945098244253133, -0.025597460426468904, -2.5926220141644767, 0.0, 0.0, 0.0, 1.0]}
data modify storage ps:ani_data data[-1].frames[-1].part_16 set value {interpolation_duration:1,start_interpolation:0,transformation:[-0.204286916978892, -0.021486788888781555, 0.9786752134669132, 0.5315298984630473, 0.12772718540044553, 0.9906271581868081, 0.048410738193180675, 0.09638300948858727, -0.970542436816103, 0.13489311089146616, -0.1996277209534867, -2.3270082408637265, 0.0, 0.0, 0.0, 1.0]}
data modify storage ps:ani_data data[-1].frames[-1].part_9 set value {interpolation_duration:1,start_interpolation:0,transformation:[0.981121474175423, 0.18586540625378598, -0.0534294270038535, -0.3244538971229665, -0.19279670987452713, 0.9616993143800328, -0.1948431609847578, 0.09911198304484742, 0.015168440045120135, 0.20146582707518906, 0.9793780878432536, -2.3057223376066434, 0.0, 0.0, 0.0, 1.0]}
data modify storage ps:ani_data data[-1].frames[-1].part_10 set value {interpolation_duration:1,start_interpolation:0,transformation:[0.9811214741754231, 0.1922757187077253, -0.02075333484702424, -0.46290038689035895, -0.1927967098745271, 0.9808676984133934, -0.026981231824539376, -0.12323815399942405, 0.015168440045120024, 0.030473040620191738, 0.9994204881940122, -2.357510835629671, 0.0, 0.0, 0.0, 1.0]}
data modify storage ps:ani_data data[-1].frames[-1].part_15 set value {interpolation_duration:1,start_interpolation:0,transformation:[0.0, 0.0, 0.0, -0.5350037814057559, 0.0, 0.0, 0.0, -0.4910635409044465, 0.0, 0.0, 0.0, -2.3689382258622427, 0.0, 0.0, 0.0, 1.0]}
data modify storage ps:ani_data data[-1].frames[-1].part_17 set value {interpolation_duration:1,start_interpolation:0,transformation:[0.0, 0.0, 0.0, -0.5350037814057559, 0.0, 0.0, 0.0, -0.4910635409044465, 0.0, 0.0, 0.0, -2.3689382258622427, 0.0, 0.0, 0.0, 1.0]}
data modify storage ps:ani_data data[-1].frames[-1].part_11 set value {interpolation_duration:1,start_interpolation:0,transformation:[0.9690007490177122, -0.21408929275488914, -0.1233017563979691, 0.08566500651858569, 0.07431943648020498, -0.22336921146870156, 0.9718965051532571, -0.428934892169416, -0.2356144515185296, -0.9509321585137196, -0.20053393762667854, -2.333154777267705, 0.0, 0.0, 0.0, 1.0]}
data modify storage ps:ani_data data[-1].frames[-1].part_12 set value {interpolation_duration:1,start_interpolation:0,transformation:[0.969000749017712, -0.10531541982192322, 0.2234864889671075, 0.1659484913016691, 0.07431943648020609, 0.9869498390737433, 0.14285179912614593, -0.3451714378686528, -0.23561445151852978, -0.12181411043078792, 0.9641821159592093, -1.9765552178250598, 0.0, 0.0, 0.0, 1.0]}
data modify storage ps:ani_data data[-1].frames[-1].part_13 set value {interpolation_duration:1,start_interpolation:0,transformation:[0.4378547412918457, -0.85372593484773, -0.281842604473881, -0.11866885889534178, 0.01362150003085634, -0.30715530443316075, 0.951561912696952, -0.35220591102426907, -0.8989425344621093, -0.42048501415263523, -0.12286037851112841, -2.167135877223008, 0.0, 0.0, 0.0, 1.0]}
data modify storage ps:ani_data data[-1].frames[-1].part_14 set value {interpolation_duration:1,start_interpolation:0,transformation:[0.4378547412918457, -0.8016870480251631, 0.40691657935865766, 0.20147836667255697, 0.01362150003085634, 0.4584730477059151, 0.8886039158501153, -0.2370226718618338, -0.8989425344621093, -0.38353662348718326, 0.21166477784196935, -2.0094539969157696, 0.0, 0.0, 0.0, 1.0]}
#5
data modify storage ps:ani_data data[-1].frames append value {}
data modify storage ps:ani_data data[-1].frames[-1].part_1 set value {interpolation_duration:1,start_interpolation:0,transformation:[0.8049308319590861, -0.14464177564098946, 0.5754694713892955, -0.05287855320034332, -0.020237088080078715, 0.9625785030260201, 0.2702463427656798, -0.481032111397721, -0.5930234531851947, -0.22917543989618053, 0.7718819869129603, -2.3085088568191003, 0.0, 0.0, 0.0, 1.0]}
data modify storage ps:ani_data data[-1].frames[-1].part_2 set value {interpolation_duration:1,start_interpolation:0,transformation:[0.7662338987903947, -0.29188563998097156, 0.5724407266410817, -0.08038609002986168, 0.15175023833660936, 0.9478730355008957, 0.2801938145910783, 0.21452140227837788, -0.6243856800962475, -0.1278259822697089, 0.7705861669842838, -2.3695817233836043, 0.0, 0.0, 0.0, 1.0]}
data modify storage ps:ani_data data[-1].frames[-1].part_3 set value {interpolation_duration:1,start_interpolation:0,transformation:[0.9152995307554082, -0.07194897015531077, 0.39629548911452406, -0.1613598849310854, 0.07957437691345906, 0.9968249688963763, -0.0028106802687508647, 0.24090176587179415, -0.3948350130595874, 0.034107580950993865, 0.9181187207458014, -2.4803904367412355, 0.0, 0.0, 0.0, 1.0]}
data modify storage ps:ani_data data[-1].frames[-1].part_4 set value {interpolation_duration:1,start_interpolation:0,transformation:[0.9207760278061095, -0.07913577161963416, 0.38198041346091016, -0.07127963392186823, 0.02724149211226265, 0.9898606363205456, 0.13940524298096518, 0.3648022169166534, -0.389139316601523, -0.11795528946702444, 0.9135957212912338, -2.2465973089359106, 0.0, 0.0, 0.0, 1.0]}
data modify storage ps:ani_data data[-1].frames[-1].part_5 set value {interpolation_duration:1,start_interpolation:0,transformation:[0.9152995307554082, -0.07194897015531077, 0.39629548911452406, -0.0816525446014179, 0.07957437691345906, 0.9968249688963763, -0.0028106802687508647, 0.3442609884694475, -0.3948350130595874, 0.034107580950993865, 0.9181187207458014, -2.245586543263856, 0.0, 0.0, 0.0, 1.0]}
data modify storage ps:ani_data data[-1].frames[-1].part_6 set value {interpolation_duration:1,start_interpolation:0,transformation:[0.9163618846135144, -0.05683996600146812, 0.39629548911452406, -0.07395341671418525, 0.06311945296856203, 0.9980020214074601, -0.0028106802687508647, 0.41899552720561917, -0.3953439402400364, 0.02758955475493599, 0.9181187207458014, -2.2418735972531, 0.0, 0.0, 0.0, 1.0]}
data modify storage ps:ani_data data[-1].frames[-1].part_7 set value {interpolation_duration:1,start_interpolation:0,transformation:[0.5919029122441279, -0.5465765415202933, 0.5923723716857793, 0.057953045013809795, 0.0711811255215632, 0.7675208158692399, 0.6370596868244762, 0.11552018097352189, -0.8028600063811896, -0.334911751760268, 0.49320373953009, -2.5999993700505115, 0.0, 0.0, 0.0, 1.0]}
data modify storage ps:ani_data data[-1].frames[-1].part_8 set value {interpolation_duration:1,start_interpolation:0,transformation:[0.5919029122441279, -0.7915778820604652, -0.15184004448625646, 0.2500880784167701, 0.07118112552156318, -0.1363121089045867, 0.988105387261636, -0.06968679247614133, -0.8028600063811897, -0.59567060159005, -0.02433812965172459, -2.591539557708681, 0.0, 0.0, 0.0, 1.0]}
data modify storage ps:ani_data data[-1].frames[-1].part_16 set value {interpolation_duration:1,start_interpolation:0,transformation:[-0.20272561701524044, -0.018683641375796034, 0.9790573250585127, 0.5319742000389953, 0.12975660191733604, 0.9904889603343738, 0.04576946268635196, 0.0948890030406838, -0.9706006122317542, 0.13631779414541595, -0.19837315981420467, -2.325342799981278, 0.0, 0.0, 0.0, 1.0]}
data modify storage ps:ani_data data[-1].frames[-1].part_9 set value {interpolation_duration:1,start_interpolation:0,transformation:[0.9809118746769927, 0.1866036631630672, -0.05468973406218586, -0.3239573762433697, -0.19380240361741902, 0.961152672004666, -0.19653541525740872, 0.09897227957475395, 0.015890955596787437, 0.20338292453501508, 0.978970307791715, -2.305068265468843, 0.0, 0.0, 0.0, 1.0]}
data modify storage ps:ani_data data[-1].frames[-1].part_10 set value {interpolation_duration:1,start_interpolation:0,transformation:[0.9809118746769927, 0.1932192300547536, -0.021868316229565088, -0.46256878028510456, -0.193802403617419, 0.9806194551304618, -0.028742174095691797, -0.12314691308727974, 0.01589095559678727, 0.032431672122853084, 0.9993476192864705, -2.3574037736897955, 0.0, 0.0, 0.0, 1.0]}
data modify storage ps:ani_data data[-1].frames[-1].part_15 set value {interpolation_duration:1,start_interpolation:0,transformation:[0.0, 0.0, 0.0, -0.5350259915556371, 0.0, 0.0, 0.0, -0.4908792087612028, 0.0, 0.0, 0.0, -2.3695656507358653, 0.0, 0.0, 0.0, 1.0]}
data modify storage ps:ani_data data[-1].frames[-1].part_17 set value {interpolation_duration:1,start_interpolation:0,transformation:[0.0, 0.0, 0.0, -0.5350259915556371, 0.0, 0.0, 0.0, -0.4908792087612028, 0.0, 0.0, 0.0, -2.3695656507358653, 0.0, 0.0, 0.0, 1.0]}
data modify storage ps:ani_data data[-1].frames[-1].part_11 set value {interpolation_duration:1,start_interpolation:0,transformation:[0.969089313475842, -0.2143682579441728, -0.12211532456207948, 0.08574357566051659, 0.07352278133168297, -0.22154282452163934, 0.9723750189758207, -0.4290293153066262, -0.23550011280713856, -0.9512964978853621, -0.19893383316789118, -2.3329111963476095, 0.0, 0.0, 0.0, 1.0]}
data modify storage ps:ani_data data[-1].frames[-1].part_12 set value {interpolation_duration:1,start_interpolation:0,transformation:[0.9690893134758418, -0.10411009559744303, 0.22366714220379574, 0.16613167238958135, 0.0735227813316841, 0.9872768464350825, 0.140992301628322, -0.3459507561110114, -0.23550011280713878, -0.12018950240303701, 0.9644139051153997, -1.9761750096405986, 0.0, 0.0, 0.0, 1.0]}
data modify storage ps:ani_data data[-1].frames[-1].part_13 set value {interpolation_duration:1,start_interpolation:0,transformation:[0.4374169320030984, -0.8532418313940043, -0.28398028938009445, -0.11869440402248792, 0.014931025202381779, -0.3088590982606136, 0.9509906003258111, -0.3523925596182893, -0.8991348575622028, -0.4202195076160148, -0.12236042389413083, -2.166977895243467, 0.0, 0.0, 0.0, 1.0]}
