#0
data modify storage ps:ani_data data append value {ani_tag:'boss',height:0.1,width:0.3}
data modify storage ps:ani_data data[-1].parts.part_1 set value {name:'coin',init_pos:[0.8030601217229444, -0.14826793806047225, 0.577157742252173, -0.05287855320034332, -0.021001856967572192, 0.9609072736264447, 0.276072696034408, -0.481032111397721, -0.595527801955747, -0.2338243572322801, 0.7685524100948924, -2.3085088568191003, 0.0, 0.0, 0.0, 1.0],item_model:'cointosser:boss_body'}
data modify storage ps:ani_data data[-1].parts.part_2 set value {name:'coin',init_pos:[0.7637603565709955, -0.2890658372912996, 0.577157742252173, -0.08266804283539639, 0.15064964888297244, 0.9492568407948032, 0.27607269603440804, 0.21410072622476078, -0.6276741200830116, -0.12390476954237654, 0.7685524100948924, -2.373194051154431, 0.0, 0.0, 0.0, 1.0],item_model:'cointosser:boss_tie'}
data modify storage ps:ani_data data[-1].parts.part_3 set value {name:'coin',init_pos:[0.9150836063301909, -0.07151153665197066, 0.3968728934449996, -0.16407950674569752, 0.07777115655857234, 0.9969711848704362, 0.0003220956075455361, 0.2396483438221125, -0.39569387237266407, 0.03057051951982881, 0.9178735221712269, -2.48387712474331, 0.0, 0.0, 0.0, 1.0],item_model:'cointosser:boss_head'}
data modify storage ps:ani_data data[-1].parts.part_4 set value {name:'coin',init_pos:[0.9205418564575765, -0.07879708709348296, 0.3826143091616162, -0.07380022546594399, 0.025456782704365064, 0.989463517124663, 0.14252684130939824, 0.3643502658328036, -0.3898135999730916, -0.12146179376607975, 0.9128485032748559, -2.2505874292605252, 0.0, 0.0, 0.0, 1.0],item_model:'cointosser:boss_hair'}
data modify storage ps:ani_data data[-1].parts.part_5 set value {name:'coin',init_pos:[0.9150836063301909, -0.07151153665197066, 0.3968728934449996, -0.08412020850473413, 0.07777115655857234, 0.9969711848704362, 0.0003220956075455361, 0.34296870633601356, -0.39569387237266407, 0.03057051951982881, 0.9178735221712269, -2.2495223495826715, 0.0, 0.0, 0.0, 1.0],item_model:'cointosser:boss_eye'}
data modify storage ps:ani_data data[-1].parts.part_6 set value {name:'coin',init_pos:[0.9161387734606447, -0.0564061540137189, 0.3968728934449996, -0.0764484185388427, 0.0613140659409923, 0.9981184707098668, 0.0003220956075455361, 0.4185613165012451, -0.3961443336459691, 0.0240388064840453, 0.9178735221712269, -2.246056810601753, 0.0, 0.0, 0.0, 1.0],item_model:'cointosser:boss_eyelid'}
data modify storage ps:ani_data data[-1].parts.part_7 set value {name:'coin',init_pos:[0.5883303408162627, -0.5555563568553162, 0.5875581200465779, 0.05521901594259763, 0.07294811046069911, 0.7601197246466431, 0.6456752878834106, 0.11428447037691385, -0.8053235270717192, -0.33700910753384694, 0.4877282831495484, -2.6035310305782122, 0.0, 0.0, 0.0, 1.0],item_model:'cointosser:boss_left_arm_upper'}
data modify storage ps:ani_data data[-1].parts.part_8 set value {name:'coin',init_pos:[0.5883303408162627, -0.7924751800134264, -0.16078090414507457, 0.24926407460795122, 0.07294811046069911, -0.14600746436289924, 0.9865902865579665, -0.06890657542905629, -0.8053235270717192, -0.5921696626922086, -0.028091054301360913, -2.594777834357724, 0.0, 0.0, 0.0, 1.0],item_model:'cointosser:boss_left_arm_lower'}
data modify storage ps:ani_data data[-1].parts.part_16 set value {name:'coin',init_pos:[-0.2073935370399776, -0.027070464599033256, 0.9778829739495621, 0.5306250797911146, 0.12367133694059396, 0.9908714034502494, 0.05365875738273512, 0.09935360723161807, -0.9704088422996637, 0.13206457424656193, -0.20215248456474855, -2.3303346692898517, 0.0, 0.0, 0.0, 1.0],item_model:'cointosser:boss_pipe'}
data modify storage ps:ani_data data[-1].parts.part_9 set value {name:'coin',init_pos:[0.9815345560452098, 0.18438156752868495, -0.05092497270296925, -0.3254494151377723, -0.19079186003508725, 0.9627754344734973, -0.19147305011076665, 0.09938398989758923, 0.013725211600730702, 0.19765348549932923, 0.9801758608721609, -2.3070239812094377, 0.0, 0.0, 0.0, 1.0],item_model:'cointosser:boss_right_arm_upper'}
data modify storage ps:ani_data data[-1].parts.part_10 set value {name:'coin',init_pos:[0.9815345560452098, 0.19038425180615517, -0.01854054889542578, -0.4635636716491819, -0.19079186003508722, 0.9813497445956505, -0.02347647602181613, -0.12342313184249562, 0.013725211600730536, 0.02658035827940919, 0.9995524514102565, -2.3577240911718387, 0.0, 0.0, 0.0, 1.0],item_model:'cointosser:boss_right_arm_lower'}
data modify storage ps:ani_data data[-1].parts.part_15 set value {name:'coin',init_pos:[0.0, 0.0, 0.0, -0.5349577660764903, 0.0, 0.0, 0.0, -0.4914292860658647, 0.0, 0.0, 0.0, -2.367691725526617, 0.0, 0.0, 0.0, 1.0],item_model:'cointosser:boss_sickle'}
data modify storage ps:ani_data data[-1].parts.part_17 set value {name:'coin',init_pos:[0.0, 0.0, 0.0, -0.5349577660764903, 0.0, 0.0, 0.0, -0.4914292860658647, 0.0, 0.0, 0.0, -2.367691725526617, 0.0, 0.0, 0.0, 1.0],item_model:'cointosser:boss_money_box'}
data modify storage ps:ani_data data[-1].parts.part_11 set value {name:'coin',init_pos:[0.9688206694689533, -0.213524740786117, -0.12567297037131997, 0.08550725494819578, 0.07591753515961827, -0.22699680174488263, 0.9709320160819102, -0.4287474829365197, -0.23584536939490086, -0.950199787976095, -0.20370892141771002, -2.333639422181291, 0.0, 0.0, 0.0, 1.0],item_model:'cointosser:boss_left_leg_upper'}
data modify storage ps:ani_data data[-1].parts.part_12 set value {name:'coin',init_pos:[0.9688206694689532, -0.10772496757386503, 0.2231184478498789, 0.16557903274298966, 0.07591753515961938, 0.9862863212673729, 0.14654630782165884, -0.3436236822821887, -0.23584536939490103, -0.12503848944257995, 0.9637127880716849, -1.9773145016902556, 0.0, 0.0, 0.0, 1.0],item_model:'cointosser:boss_left_leg_lower'}
data modify storage ps:ani_data data[-1].parts.part_13 set value {name:'coin',init_pos:[0.43877688335929843, -0.8546413431693541, -0.27760227155983963, -0.1186201501577127, 0.01080113510514634, -0.3038904437883796, 0.9526457545460127, -0.35183613172051226, -0.898531124730769, -0.42099735476578015, -0.12410900519412332, -2.1674510146027943, 0.0, 0.0, 0.0, 1.0],item_model:'cointosser:boss_right_leg_upper'}
data modify storage ps:ani_data data[-1].parts.part_14 set value {name:'coin',init_pos:[0.43877688335929843, -0.8020112603830031, 0.40528111829737073, 0.20187035353079502, 0.01080113510514634, 0.4556905558771609, 0.8900727233011942, -0.23787721529986983, -0.898531124730769, -0.3861658393789267, 0.2086091138632925, -2.009577006565627, 0.0, 0.0, 0.0, 1.0],item_model:'cointosser:boss_right_leg_lower'}
#1
data modify storage ps:ani_data data[-1].frames append value {}
data modify storage ps:ani_data data[-1].frames[-1].part_1 set value {interpolation_duration:1,start_interpolation:0,transformation:[0.8028518103700296, -0.14764979905854705, 0.5776058408841938, -0.053075359218334416, -0.02099992711907041, 0.961241898776607, 0.2749054657465667, -0.481032111397721, -0.5958086720135581, -0.23283803141736473, 0.7686341636169489, -2.3084721253544984, 0.0, 0.0, 0.0, 1.0]}
data modify storage ps:ani_data data[-1].frames[-1].part_2 set value {interpolation_duration:1,start_interpolation:0,transformation:[0.7636655872909697, -0.28842046280387573, 0.5776058408841938, -0.08238386596056131, 0.15071120634701876, 0.9495857608368449, 0.27490546574656677, 0.21418487722951723, -0.6277746435377625, -0.12288417087610842, 0.7686341636169489, -2.372469001501818, 0.0, 0.0, 0.0, 1.0]}
data modify storage ps:ani_data data[-1].frames[-1].part_3 set value {interpolation_duration:1,start_interpolation:0,transformation:[0.9191369046731325, -0.06845814561953209, 0.38794436813314864, -0.16381270851224472, 0.07496028666573515, 0.9971851835953744, -0.0016324952832544315, 0.23989931268473427, -0.38674061836182116, 0.03058090770716228, 0.9216813452560066, -2.4831006489175222, 0.0, 0.0, 0.0, 1.0]}
data modify storage ps:ani_data data[-1].frames[-1].part_4 set value {interpolation_duration:1,start_interpolation:0,transformation:[0.9243622013101934, -0.07429291935212361, 0.37421261726872884, -0.07538388468139907, 0.0226238925382604, 0.9898047274067615, 0.14062276163425075, 0.36413933681334226, -0.38084469311701125, -0.12152021945900578, 0.9166188717167263, -2.248857699140125, 0.0, 0.0, 0.0, 1.0]}
data modify storage ps:ani_data data[-1].frames[-1].part_5 set value {interpolation_duration:1,start_interpolation:0,transformation:[0.9191369046731325, -0.06845814561953209, 0.38794436813314864, -0.08546391601901011, 0.07496028666573515, 0.9971851835953744, -0.0016324952832544315, 0.3431647463768631, -0.38674061836182116, 0.03058090770716228, 0.9216813452560066, -2.247981275389403, 0.0, 0.0, 0.0, 1.0]}
data modify storage ps:ani_data data[-1].frames[-1].part_6 set value {interpolation_duration:1,start_interpolation:0,transformation:[0.9200396392967829, -0.05501117483218657, 0.38794436813314864, -0.0778939520672293, 0.0603713960753483, 0.9981746487940191, -0.0016324952832544315, 0.4183559155092395, -0.3871464279294835, 0.024922703475326203, 0.9216813452560066, -2.2443146161792784, 0.0, 0.0, 0.0, 1.0]}
data modify storage ps:ani_data data[-1].frames[-1].part_7 set value {interpolation_duration:1,start_interpolation:0,transformation:[0.5914338090484084, -0.5570917898275853, 0.582970657255739, 0.0553564689625811, 0.07189375371960081, 0.756523382389412, 0.6500028154355862, 0.11449409355789086, -0.8031421653048707, -0.34252169216676054, 0.4874849256178316, -2.602948062993741, 0.0, 0.0, 0.0, 1.0]}
data modify storage ps:ani_data data[-1].frames[-1].part_8 set value {interpolation_duration:1,start_interpolation:0,transformation:[0.5914338090484085, -0.7884774726469695, -0.1688470451110652, 0.25007633601776574, 0.0718937537196009, -0.15699916455361818, 0.9849784517975869, -0.06789671262824967, -0.8031421653048706, -0.5946886054547482, -0.03616800867742968, -2.5926122179493825, 0.0, 0.0, 0.0, 1.0]}
data modify storage ps:ani_data data[-1].frames[-1].part_16 set value {interpolation_duration:1,start_interpolation:0,transformation:[-0.20390976923511236, -0.035921393416359394, 0.978330444944606, 0.5287984300903603, 0.11474775130826154, 0.9915614009682776, 0.06032364113284368, 0.10465997439193003, -0.9722416158446318, 0.12456179833662437, -0.19806715733549957, -2.3281431726941673, 0.0, 0.0, 0.0, 1.0]}
data modify storage ps:ani_data data[-1].frames[-1].part_9 set value {interpolation_duration:1,start_interpolation:0,transformation:[0.9816526520653576, 0.18473536958410328, -0.04723255146268132, -0.32420898989211744, -0.19031339498879163, 0.9645504727185763, -0.1828201227059295, 0.0999133561811361, 0.011784836905542785, 0.18845484552803557, 0.9820111449551445, -2.305051357978356, 0.0, 0.0, 0.0, 1.0]}
data modify storage ps:ani_data data[-1].frames[-1].part_10 set value {interpolation_duration:1,start_interpolation:0,transformation:[0.9816526520653576, 0.1901795791900931, -0.013776732273263932, -0.46242276841927044, -0.1903133949887916, 0.9816807777943232, -0.009146704159022662, -0.12338238121830884, 0.011784836905542674, 0.01160078308613851, 0.9998632603765868, -2.3532698978202595, 0.0, 0.0, 0.0, 1.0]}
data modify storage ps:ani_data data[-1].frames[-1].part_15 set value {interpolation_duration:1,start_interpolation:0,transformation:[0.0, 0.0, 0.0, -0.5337401106155555, 0.0, 0.0, 0.0, -0.49151267289118006, 0.0, 0.0, 0.0, -2.357620191477561, 0.0, 0.0, 0.0, 1.0]}
data modify storage ps:ani_data data[-1].frames[-1].part_17 set value {interpolation_duration:1,start_interpolation:0,transformation:[0.0, 0.0, 0.0, -0.5337401106155555, 0.0, 0.0, 0.0, -0.49151267289118006, 0.0, 0.0, 0.0, -2.357620191477561, 0.0, 0.0, 0.0, 1.0]}
data modify storage ps:ani_data data[-1].frames[-1].part_11 set value {interpolation_duration:1,start_interpolation:0,transformation:[0.9687987910227304, -0.21399635446622559, -0.1250378454231417, 0.08534001812292644, 0.07544853821268835, -0.2259146829667537, 0.9712209193080632, -0.4288228608543803, -0.23608562132087682, -0.9503515751000767, -0.20272015960515344, -2.3335965568675205, 0.0, 0.0, 0.0, 1.0]}
data modify storage ps:ani_data data[-1].frames[-1].part_12 set value {interpolation_duration:1,start_interpolation:0,transformation:[0.9687987910227303, -0.10705327969591365, 0.2235363456336457, 0.165588651047761, 0.07544853821268947, 0.9864854400243626, 0.14544412914073834, -0.34410485474184765, -0.2360856213208771, -0.12404060595743607, 0.9637829151210594, -1.9772147162049916, 0.0, 0.0, 0.0, 1.0]}
data modify storage ps:ani_data data[-1].frames[-1].part_13 set value {interpolation_duration:1,start_interpolation:0,transformation:[0.4378581141912738, -0.8537974088766382, -0.28162076704746053, -0.1186779591733345, 0.01434940588146355, -0.30656794486319294, 0.9517406105306252, -0.3519265174112012, -0.8989295669782534, -0.4207684396172043, -0.12198177664877934, -2.16726689150493, 0.0, 0.0, 0.0, 1.0]}
data modify storage ps:ani_data data[-1].frames[-1].part_14 set value {interpolation_duration:1,start_interpolation:0,transformation:[0.4378581141912738, -0.8110006749602071, 0.3880182689654571, 0.20149606915540477, 0.01434940588146355, 0.43783898624459233, 0.898938883726339, -0.23696353808750373, -0.8989295669782534, -0.38803985277081543, 0.2033487306916212, -2.0094787266484784, 0.0, 0.0, 0.0, 1.0]}
#2
data modify storage ps:ani_data data[-1].frames append value {}
data modify storage ps:ani_data data[-1].frames[-1].part_1 set value {interpolation_duration:1,start_interpolation:0,transformation:[0.8021860370866165, -0.14600548908399208, 0.578947285217414, -0.053699834570013136, -0.02099449860044801, 0.9621433492749476, 0.27173407308341385, -0.481032111397721, -0.5967049462940501, -0.230135987197419, 0.768752648427883, -2.308355082742719, 0.0, 0.0, 0.0, 1.0]}
data modify storage ps:ani_data data[-1].frames[-1].part_2 set value {interpolation_duration:1,start_interpolation:0,transformation:[0.7633036356511498, -0.2866837992303073, 0.578947285217414, -0.08171019766308095, 0.15087726269773402, 0.950471801331495, 0.2717340730834139, 0.21440820036423233, -0.6281748255084533, -0.12006562427497734, 0.768752648427883, -2.3704794928874593, 0.0, 0.0, 0.0, 1.0]}
data modify storage ps:ani_data data[-1].frames[-1].part_3 set value {interpolation_duration:1,start_interpolation:0,transformation:[0.9270197427966165, -0.06509203796382067, 0.36932021750645005, -0.1632039513830072, 0.07248802940847983, 0.9973502048012571, -0.006168839061444165, 0.24057540055848975, -0.3679400522609226, 0.032489930387847324, 0.9292817238951933, -2.4809570731407833, 0.0, 0.0, 0.0, 1.0]}
data modify storage ps:ani_data data[-1].frames[-1].part_4 set value {interpolation_duration:1,start_interpolation:0,transformation:[0.9319171762444303, -0.0678960071255132, 0.35625904737567005, -0.07901040175187225, 0.02011222174783031, 0.9904831896538673, 0.1361563423034987, 0.36370196639328567, -0.36211306957492395, -0.11972127308675636, 0.9244138367709089, -2.244575400868504, 0.0, 0.0, 0.0, 1.0]}
data modify storage ps:ani_data data[-1].frames[-1].part_5 set value {interpolation_duration:1,start_interpolation:0,transformation:[0.9270197427966165, -0.06509203796382067, 0.36932021750645005, -0.08810947539000981, 0.07248802940847983, 0.9973502048012571, -0.006168839061444165, 0.34403798965053783, -0.3679400522609226, 0.032489930387847324, 0.9292817238951933, -2.2441888002426174, 0.0, 0.0, 0.0, 1.0]}
data modify storage ps:ani_data data[-1].frames[-1].part_6 set value {interpolation_duration:1,start_interpolation:0,transformation:[0.9275161892335988, -0.05758728723053119, 0.36932021750645005, -0.08139563839617844, 0.06441383319539894, 0.9979042055817329, -0.006168839061444165, 0.4179133419992384, -0.36819095154913656, 0.029511028984414843, 0.9292817238951933, -2.2399047641217713, 0.0, 0.0, 0.0, 1.0]}
data modify storage ps:ani_data data[-1].frames[-1].part_7 set value {interpolation_duration:1,start_interpolation:0,transformation:[0.5957215173115212, -0.5564533300879279, 0.5792025252414861, 0.055593244024145935, 0.06847395002543663, 0.7536865417227362, 0.6536573375966463, 0.11505885724900922, -0.8002669504483944, -0.3497374561868913, 0.48708984772827024, -2.6013663113146186, 0.0, 0.0, 0.0, 1.0]}
data modify storage ps:ani_data data[-1].frames[-1].part_8 set value {interpolation_duration:1,start_interpolation:0,transformation:[0.5957215173115216, -0.7822147812595043, -0.1823620294666752, 0.250555468794083, 0.06847395002543698, -0.17675997378355032, 0.9818692529231947, -0.06694334536679009, -0.8002669504483941, -0.597407689645174, -0.05173838394115998, -2.588956973872432, 0.0, 0.0, 0.0, 1.0]}
data modify storage ps:ani_data data[-1].frames[-1].part_16 set value {interpolation_duration:1,start_interpolation:0,transformation:[-0.19899646694901912, -0.050617964905358775, 0.9786921005968362, 0.5250641023277306, 0.09764738592255787, 0.9926712383536515, 0.07119550946456858, 0.11336719055967535, -0.9751232712658944, 0.10973438009242266, -0.19259535732055627, -2.325254845312199, 0.0, 0.0, 0.0, 1.0]}
data modify storage ps:ani_data data[-1].frames[-1].part_9 set value {interpolation_duration:1,start_interpolation:0,transformation:[0.9820543611848316, 0.18516390668815133, -0.03582679636576483, -0.3216586756167187, -0.1885137677316615, 0.9694204455308035, -0.15711956963558601, 0.10098030644878023, 0.0056383555639549846, 0.16105380295677635, 0.9869295220529651, -2.3005748911016197, 0.0, 0.0, 0.0, 1.0]}
data modify storage ps:ani_data data[-1].frames[-1].part_10 set value {interpolation_duration:1,start_interpolation:0,transformation:[0.9820543611848316, 0.18859680981560428, 0.0006892062312410959, -0.4600172486498345, -0.18851376773166148, 0.9814995871060865, 0.03348312838124401, -0.12370163920907742, 0.005638355563954818, -0.03301217711630763, 0.999439045219155, -2.3413669376749344, 0.0, 0.0, 0.0, 1.0]}
data modify storage ps:ani_data data[-1].frames[-1].part_15 set value {interpolation_duration:1,start_interpolation:0,transformation:[0.0, 0.0, 0.0, -0.5307410523306861, 0.0, 0.0, 0.0, -0.4917639843738599, 0.0, 0.0, 0.0, -2.3289873712563196, 0.0, 0.0, 0.0, 1.0]}
data modify storage ps:ani_data data[-1].frames[-1].part_17 set value {interpolation_duration:1,start_interpolation:0,transformation:[0.0, 0.0, 0.0, -0.5307410523306861, 0.0, 0.0, 0.0, -0.4917639843738599, 0.0, 0.0, 0.0, -2.3289873712563196, 0.0, 0.0, 0.0, 1.0]}
data modify storage ps:ani_data data[-1].frames[-1].part_11 set value {interpolation_duration:1,start_interpolation:0,transformation:[0.9686978406065525, -0.21543238867352354, -0.12334252922095411, 0.08479145208130806, 0.07417455221585242, -0.22297474266838693, 0.9719981481132279, -0.42902791665107065, -0.23690215154738434, -0.9507213840249868, -0.20001555077001812, -2.3334864741902197, 0.0, 0.0, 0.0, 1.0]}
data modify storage ps:ani_data data[-1].frames[-1].part_12 set value {interpolation_duration:1,start_interpolation:0,transformation:[0.9686978406065523, -0.10524582674913004, 0.22482840024359557, 0.1655785978338794, 0.07417455221585356, 0.9870187649531816, 0.14245031917785841, -0.34541238815042563, -0.2369021515473845, -0.12131477066783027, 0.9639295083199972, -1.9769659551808496, 0.0, 0.0, 0.0, 1.0]}
data modify storage ps:ani_data data[-1].frames[-1].part_13 set value {interpolation_duration:1,start_interpolation:0,transformation:[0.43500368368038617, -0.8509236860785853, -0.2944497846066928, -0.11890125051240279, 0.024554897348407892, -0.3156786053825288, 0.9485484042050522, -0.3521729037618495, -0.9000938018899496, -0.41985223421362755, -0.11642701243749849, -2.1667395696357783, 0.0, 0.0, 0.0, 1.0]}
data modify storage ps:ani_data data[-1].frames[-1].part_14 set value {interpolation_duration:1,start_interpolation:0,transformation:[0.43500368368038617, -0.8262282552583844, 0.35793667791549477, 0.2001951317670667, 0.024554897348407892, 0.408255344116042, 0.9125374682811119, -0.2337934267434011, -0.9000938018899496, -0.388168061815212, 0.1978805285669056, -2.009294981805668, 0.0, 0.0, 0.0, 1.0]}
#3
data modify storage ps:ani_data data[-1].frames append value {}
data modify storage ps:ani_data data[-1].frames[-1].part_1 set value {interpolation_duration:1,start_interpolation:0,transformation:[0.800998788817803, -0.14357559769732386, 0.5811944494386272, -0.054804991526585474, -0.02098577644724406, 0.963485337013661, 0.26693745062575697, -0.481032111397721, -0.5982980340092378, -0.22601339142964152, 0.7687375425950995, -2.3081461137897774, 0.0, 0.0, 0.0, 1.0]}
data modify storage ps:ani_data data[-1].frames[-1].part_2 set value {interpolation_duration:1,start_interpolation:0,transformation:[0.762568620723006, -0.2840811690878915, 0.5811944494386272, -0.0808639087636672, 0.15112510095111392, 0.9517907339935272, 0.266937450625757, 0.21473123912739056, -0.6290073946712613, -0.11572505369935943, 0.7687375425950995, -2.3674381275732683, 0.0, 0.0, 0.0, 1.0]}
data modify storage ps:ani_data data[-1].frames[-1].part_3 set value {interpolation_duration:1,start_interpolation:0,transformation:[0.938417101473859, -0.06178385665108724, 0.33993543316153246, -0.16248668979957834, 0.07040745197177505, 0.9974325573733775, -0.013079915842477613, 0.24158189136252475, -0.3382545407947143, 0.036208404396244905, 0.940357813325776, -2.477656157362009, 0.0, 0.0, 0.0, 1.0]}
data modify storage ps:ani_data data[-1].frames[-1].part_4 set value {interpolation_duration:1,start_interpolation:0,transformation:[0.9429035751858907, -0.05983765637855118, 0.3276466126496465, -0.08522581359058118, 0.017978089801146492, 0.9914389236390706, 0.12932768064302158, 0.36299098207357744, -0.3325802702939049, -0.1160530722235474, 0.9359070724375946, -2.2380406534810335, 0.0, 0.0, 0.0, 1.0]}
data modify storage ps:ani_data data[-1].frames[-1].part_5 set value {interpolation_duration:1,start_interpolation:0,transformation:[0.938417101473859, -0.06178385665108724, 0.33993543316153246, -0.09245548750974372, 0.07040745197177505, 0.9974325573733775, -0.013079915842477613, 0.34575316446473453, -0.3382545407947143, 0.036208404396244905, 0.940357813325776, -2.23836803617553, 0.0, 0.0, 0.0, 1.0]}
data modify storage ps:ani_data data[-1].frames[-1].part_6 set value {interpolation_duration:1,start_interpolation:0,transformation:[0.9381164523268241, -0.06619231945637477, 0.33993543316153246, -0.08752299620328978, 0.07509310320791039, 0.9970907389260819, -0.013079915842477613, 0.41718523846388633, -0.3380806822702823, 0.03779729081330313, 0.940357813325776, -2.2331332129154986, 0.0, 0.0, 0.0, 1.0]}
data modify storage ps:ani_data data[-1].frames[-1].part_7 set value {interpolation_duration:1,start_interpolation:0,transformation:[0.6008954261185008, -0.5540627278123466, 0.5761416323431306, 0.05570995711703788, 0.06314517013143645, 0.7514341858365807, 0.6567795306228621, 0.11589978012400608, -0.7968295767345344, -0.35827525452542325, 0.4865197505094793, -2.598978991935613, 0.0, 0.0, 0.0, 1.0]}
data modify storage ps:ani_data data[-1].frames[-1].part_8 set value {interpolation_duration:1,start_interpolation:0,transformation:[0.6008954261185013, -0.7737864917313513, -0.20044737983808147, 0.25055958526873395, 0.0631451701314371, -0.20403362775866685, 0.9769252613341053, -0.066038906635317, -0.7968295767345339, -0.5996872050975619, -0.0737419940287638, -2.5841129511231196, 0.0, 0.0, 0.0, 1.0]}
data modify storage ps:ani_data data[-1].frames[-1].part_16 set value {interpolation_duration:1,start_interpolation:0,transformation:[-0.19276409536870626, -0.07026590845769908, 0.9787260626167561, 0.519430416360373, 0.07351946665448045, 0.9935949658901516, 0.08581335432547504, 0.12492083293770137, -0.97848704210098, 0.08849715174152793, -0.18636352264891307, -2.3221042758696195, 0.0, 0.0, 0.0, 1.0]}
data modify storage ps:ani_data data[-1].frames[-1].part_9 set value {interpolation_duration:1,start_interpolation:0,transformation:[0.9827923831344102, 0.1840341319427892, -0.015829400906249985, -0.31814704674522926, -0.18462633460525085, 0.9760794532038136, -0.11481296792424706, 0.10243272902273887, -0.005678751906597548, 0.11575983462932331, 0.9932609991655641, -2.2939684575581163, 0.0, 0.0, 0.0, 1.0]}
data modify storage ps:ani_data data[-1].frames[-1].part_10 set value {interpolation_duration:1,start_interpolation:0,transformation:[0.9827923831344103, 0.18298691061570901, 0.02519766251669469, -0.4562923656497775, -0.18462633460525082, 0.9773387138537437, 0.10354783905490267, -0.12427841540897248, -0.00567875190659777, -0.10641817958426358, 0.9943052463055571, -2.3223760332242036, 0.0, 0.0, 0.0, 1.0]}
data modify storage ps:ani_data data[-1].frames[-1].part_15 set value {interpolation_duration:1,start_interpolation:0,transformation:[0.0, 0.0, 0.0, -0.5249124571306684, 0.0, 0.0, 0.0, -0.49078043310412617, 0.0, 0.0, 0.0, -2.2824692158801048, 0.0, 0.0, 0.0, 1.0]}
data modify storage ps:ani_data data[-1].frames[-1].part_17 set value {interpolation_duration:1,start_interpolation:0,transformation:[0.0, 0.0, 0.0, -0.5249124571306684, 0.0, 0.0, 0.0, -0.49078043310412617, 0.0, 0.0, 0.0, -2.2824692158801048, 0.0, 0.0, 0.0, 1.0]}
data modify storage ps:ani_data data[-1].frames[-1].part_11 set value {interpolation_duration:1,start_interpolation:0,transformation:[0.9684678024750208, -0.21787832503500837, -0.12082694670123555, 0.08379290620742008, 0.07224849447097095, -0.21852874492515342, 0.9731522710697003, -0.4293387552432308, -0.23843294784044022, -0.9511962064271369, -0.1958966724136515, -2.333331015196625, 0.0, 0.0, 0.0, 1.0]}
data modify storage ps:ani_data data[-1].frames[-1].part_12 set value {interpolation_duration:1,start_interpolation:0,transformation:[0.9684678024750207, -0.10253799159955075, 0.22705963059939718, 0.16549727809554823, 0.07224849447097209, 0.9878041099360114, 0.13792460056205408, -0.34739047589629835, -0.2384329478404404, -0.11717081834763604, 0.9640646911446673, -1.9766324377864488, 0.0, 0.0, 0.0, 1.0]}
data modify storage ps:ani_data data[-1].frames[-1].part_13 set value {interpolation_duration:1,start_interpolation:0,transformation:[0.43018769904167303, -0.8452250617699446, -0.3170696115196539, -0.11935707043359975, 0.03968327996303818, -0.3331852592206263, 0.9420259127696324, -0.3525477880555921, -0.9018668310147602, -0.4178303220137063, -0.10979089726073167, -2.1658939385864535, 0.0, 0.0, 0.0, 1.0]}
data modify storage ps:ani_data data[-1].frames[-1].part_14 set value {interpolation_duration:1,start_interpolation:0,transformation:[0.43018769904167303, -0.8466113239764524, 0.31334934132381587, 0.19760232773012953, 0.03968327996303818, 0.3645085888904667, 0.9303540863114729, -0.22760331584785717, -0.9018668310147602, -0.387792154046364, 0.19040342532495308, -2.0092075678313135, 0.0, 0.0, 0.0, 1.0]}
#4
data modify storage ps:ani_data data[-1].frames append value {}
data modify storage ps:ani_data data[-1].frames[-1].part_1 set value {interpolation_duration:1,start_interpolation:0,transformation:[0.7992269229473348, -0.1405284925849648, 0.5843698044970602, -0.05644140161874634, -0.02097369864893691, 0.9651683444508642, 0.2607875971647457, -0.481032111397721, -0.6006633246679195, -0.22068486500386827, 0.768441123806571, -2.3078323823615223, 0.0, 0.0, 0.0, 1.0]}
data modify storage ps:ani_data data[-1].frames[-1].part_2 set value {interpolation_duration:1,start_interpolation:0,transformation:[0.7613683941241493, -0.2807669852758359, 0.5843698044970602, -0.08000851470877708, 0.15143703967230962, 0.9534446246008867, 0.26078759716474575, 0.2151195750578414, -0.6303847963300679, -0.11006020079389683, 0.768441123806571, -2.3634980865758606, 0.0, 0.0, 0.0, 1.0]}
data modify storage ps:ani_data data[-1].frames[-1].part_3 set value {interpolation_duration:1,start_interpolation:0,transformation:[0.9514887756847683, -0.05866505676816021, 0.3020389393112903, -0.16183777105746994, 0.06851283229344748, 0.9974053303502457, -0.022104271081565985, 0.2428441469404271, -0.2999584997245963, 0.041725509023928575, 0.9530392858322595, -2.4733460311144233, 0.0, 0.0, 0.0, 1.0]}
data modify storage ps:ani_data data[-1].frames[-1].part_4 set value {interpolation_duration:1,start_interpolation:0,transformation:[0.9555076263320785, -0.05066549383114823, 0.2905824904499283, -0.09366116832566743, 0.016019445125416587, 0.9925972049824707, 0.12039171914571628, 0.36199374546381635, -0.29453107374114273, -0.11038023553079211, 0.9492458323348363, -2.2298705210283676, 0.0, 0.0, 0.0, 1.0]}
data modify storage ps:ani_data data[-1].frames[-1].part_5 set value {interpolation_duration:1,start_interpolation:0,transformation:[0.9514887756847683, -0.05866505676816021, 0.3020389393112903, -0.0982926353684883, 0.06851283229344748, 0.9974053303502457, -0.022104271081565985, 0.34824182442825174, -0.2999584997245963, 0.041725509023928575, 0.9530392858322595, -2.2309064541409542, 0.0, 0.0, 0.0, 1.0]}
data modify storage ps:ani_data data[-1].frames[-1].part_6 set value {interpolation_duration:1,start_interpolation:0,transformation:[0.9497809857245768, -0.0817836065221022, 0.3020389393112903, -0.09590719356406885, 0.09274495292644663, 0.9954445112142736, -0.022104271081565985, 0.41615832028183164, -0.2988552373018122, 0.049006803584952414, 0.9530392858322595, -2.2246234597583787, 0.0, 0.0, 0.0, 1.0]}
data modify storage ps:ani_data data[-1].frames[-1].part_7 set value {interpolation_duration:1,start_interpolation:0,transformation:[0.6067201715026868, -0.5502310316395584, 0.5737041444094836, 0.055535021252484336, 0.05625318663701594, 0.7496270668639483, 0.659465571215158, 0.11695467922183482, -0.792922576601859, -0.3678383781578818, 0.4857661114870487, -2.5959262541559203, 0.0, 0.0, 0.0, 1.0]}
data modify storage ps:ani_data data[-1].frames[-1].part_8 set value {interpolation_duration:1,start_interpolation:0,transformation:[0.6067201715026876, -0.7632141655986032, -0.22224934402912647, 0.2499727952407508, 0.056253186637017075, -0.2376646504214514, 0.9697170169349563, -0.06517835124693193, -0.7929225766018583, -0.6008491086534766, -0.10126270856239589, -2.5783031511728742, 0.0, 0.0, 0.0, 1.0]}
data modify storage ps:ani_data data[-1].frames[-1].part_16 set value {interpolation_duration:1,start_interpolation:0,transformation:[-0.18522962943666846, -0.09401394989171169, 0.9781877946511666, 0.5118952323966698, 0.04334974854922152, 0.9936624424126153, 0.1037099312472795, 0.13879814978517588, -0.9817386534508427, 0.06161434706588138, -0.17998024490529888, -2.3190814009303455, 0.0, 0.0, 0.0, 1.0]}
data modify storage ps:ani_data data[-1].frames[-1].part_9 set value {interpolation_duration:1,start_interpolation:0,transformation:[0.9837962675553245, 0.17875149659712067, 0.013885474730871462, -0.3139277108972861, -0.17771136556376196, 0.9824599067990815, -0.05649072562645088, 0.10413909444650202, -0.023739723959538394, 0.053107758346870086, 0.998306561888529, -2.285507391744082, 0.0, 0.0, 0.0, 1.0]}
data modify storage ps:ani_data data[-1].frames[-1].part_10 set value {interpolation_duration:1,start_interpolation:0,transformation:[0.9837962675553245, 0.16908920112642029, 0.05961330393998556, -0.45084648512987796, -0.177711365563762, 0.9636790058995898, 0.19935256240600896, -0.12481544173166555, -0.023739723959538505, -0.20671626847156382, 0.9781128819597037, -2.2965587322095926, 0.0, 0.0, 0.0, 1.0]}
data modify storage ps:ani_data data[-1].frames[-1].part_15 set value {interpolation_duration:1,start_interpolation:0,transformation:[0.0, 0.0, 0.0, -0.5142549355522856, 0.0, 0.0, 0.0, -0.4861950689440118, 0.0, 0.0, 0.0, -2.2190401315327564, 0.0, 0.0, 0.0, 1.0]}
data modify storage ps:ani_data data[-1].frames[-1].part_17 set value {interpolation_duration:1,start_interpolation:0,transformation:[0.0, 0.0, 0.0, -0.5142549355522856, 0.0, 0.0, 0.0, -0.4861950689440118, 0.0, 0.0, 0.0, -2.2190401315327564, 0.0, 0.0, 0.0, 1.0]}
data modify storage ps:ani_data data[-1].frames[-1].part_11 set value {interpolation_duration:1,start_interpolation:0,transformation:[0.9680623632070163, -0.22138596875009628, -0.11765846243525332, 0.0822816075938551, 0.06978045909451618, -0.2128294201191691, 0.9745944415295508, -0.42973851420458953, -0.24080271690868654, -0.9516784597606059, -0.19058373686407587, -2.3331454854439726, 0.0, 0.0, 0.0, 1.0]}
data modify storage ps:ani_data data[-1].frames[-1].part_12 set value {interpolation_duration:1,start_interpolation:0,transformation:[0.9680623632070162, -0.09909232254978394, 0.23029540280634428, 0.1653013458751412, 0.0697804590945173, 0.9887736697162017, 0.13212614277467555, -0.34992748165990106, -0.24080271690868682, -0.1118362270806966, 0.9641092831426059, -1.976266063033745, 0.0, 0.0, 0.0, 1.0]}
data modify storage ps:ani_data data[-1].frames[-1].part_13 set value {interpolation_duration:1,start_interpolation:0,transformation:[0.42376436420601604, -0.8356443399026369, -0.3494600131885724, -0.12010178636903282, 0.056238963717602314, -0.3607957477000341, 0.930947693160869, -0.35303235278486567, -0.9040248572849316, -0.41415572630383785, -0.10589660891973503, -2.1647439803350985, 0.0, 0.0, 0.0, 1.0]}
data modify storage ps:ani_data data[-1].frames[-1].part_14 set value {interpolation_duration:1,start_interpolation:0,transformation:[0.42376436420601604, -0.8695476691407115, 0.25359537598510457, 0.19326484109445596, 0.056238963717602314, 0.3046957614551883, 0.9507879216266966, -0.21773394739735297, -0.9040248572849316, -0.38864809795391847, 0.17802166544485587, -2.0094355829711597, 0.0, 0.0, 0.0, 1.0]}
#5
data modify storage ps:ani_data data[-1].frames append value {}
data modify storage ps:ani_data data[-1].frames[-1].part_1 set value {interpolation_duration:1,start_interpolation:0,transformation:[0.7968202025187856, -0.13697997285631505, 0.5884845383646071, -0.058645484054532064, -0.02095807289452816, 0.967111069991852, 0.2534895214397681, -0.481032111397721, -0.603852899337636, -0.21431907366237424, 0.7677428023928538, -2.3074016701722115, 0.0, 0.0, 0.0, 1.0]}
data modify storage ps:ani_data data[-1].frames[-1].part_2 set value {interpolation_duration:1,start_interpolation:0,transformation:[0.7596328785411097, -0.2768462352013171, 0.5884845383646071, -0.07925864809767279, 0.1517987732634905, 0.9553534398095486, 0.25348952143976816, 0.21554293940164826, -0.632388347674945, -0.10322774384302051, 0.7677428023928538, -2.3587781830159873, 0.0, 0.0, 0.0, 1.0]}
data modify storage ps:ani_data data[-1].frames[-1].part_3 set value {interpolation_duration:1,start_interpolation:0,transformation:[0.9627254427607916, -0.0554006403418191, 0.2647460876212418, -0.1613804636967684, 0.06630735930171244, 0.9972720253954397, -0.032432105483778534, 0.24430119109616796, -0.2622271076061197, 0.0487778270671597, 0.963772622366466, -2.4681409754189922, 0.0, 0.0, 0.0, 1.0]}
data modify storage ps:ani_data data[-1].frames[-1].part_4 set value {interpolation_duration:1,start_interpolation:0,transformation:[0.9662761705171414, -0.041532474167191115, 0.2541366086975269, -0.10211902183418534, 0.013746100438342651, 0.9938198616154325, 0.11015047608349966, 0.3608521678996532, -0.2571408310896333, -0.10294239286238797, 0.9608753596269906, -2.221100591443981, 0.0, 0.0, 0.0, 1.0]}
data modify storage ps:ani_data data[-1].frames[-1].part_5 set value {interpolation_duration:1,start_interpolation:0,transformation:[0.9627254427607916, -0.0554006403418191, 0.2647460876212418, -0.10419868006610836, 0.06630735930171244, 0.9972720253954397, -0.032432105483778534, 0.35094076983652245, -0.2622271076061197, 0.0487778270671597, 0.963772622366466, -2.2225627548050584, 0.0, 0.0, 0.0, 1.0]}
data modify storage ps:ani_data data[-1].frames[-1].part_6 set value {interpolation_duration:1,start_interpolation:0,transformation:[0.9591992756904396, -0.09922831553635059, 0.26474608762124185, -0.10430408545554876, 0.1116984822105944, 0.9932127705611415, -0.032432105483778534, 0.414977219813551, -0.2597310119850638, 0.06068058824764201, 0.963772622366466, -2.2154365205715982, 0.0, 0.0, 0.0, 1.0]}
data modify storage ps:ani_data data[-1].frames[-1].part_7 set value {interpolation_duration:1,start_interpolation:0,transformation:[0.6130265716909998, -0.5451881844761365, 0.5718113901527264, 0.05494708353996741, 0.04807192486511131, 0.7481530055324346, 0.6617825702997533, 0.11817278912355449, -0.7885984481601155, -0.3782022260912792, 0.48484591752334927, -2.5923143160456044, 0.0, 0.0, 0.0, 1.0]}
data modify storage ps:ani_data data[-1].frames[-1].part_8 set value {interpolation_duration:1,start_interpolation:0,transformation:[0.6130265716910013, -0.7504773775092042, -0.24694559774915012, 0.24871537075503278, 0.048071924865112935, -0.2765544023915718, 0.9597951617702621, -0.06435871930345002, -0.7885984481601143, -0.6002510877664011, -0.13345830507956943, -2.5716948640377955, 0.0, 0.0, 0.0, 1.0]}
data modify storage ps:ani_data data[-1].frames[-1].part_16 set value {interpolation_duration:1,start_interpolation:0,transformation:[-0.17634127047862252, -0.12105332495299358, 0.9768571281634842, 0.5024697159625346, 0.008031347076893902, 0.9921991028398403, 0.12440433186970197, 0.1544975443072744, -0.9842963241778947, 0.029783096575766183, -0.17399342909501744, -2.3165157896126725, 0.0, 0.0, 0.0, 1.0]}
data modify storage ps:ani_data data[-1].frames[-1].part_9 set value {interpolation_duration:1,start_interpolation:0,transformation:[0.9846781675745452, 0.1657272654738865, 0.054252924166204225, -0.3091790836261451, -0.1668558201658466, 0.9858356488601685, 0.01694723320289071, 0.10598355529151747, -0.050675848081888235, -0.025739986693828307, 0.9983833990537818, -2.2754148641192997, 0.0, 0.0, 0.0, 1.0]}
data modify storage ps:ani_data data[-1].frames[-1].part_10 set value {interpolation_duration:1,start_interpolation:0,transformation:[0.9846781675745452, 0.1411901963690867, 0.10234370889944688, -0.44292447820473035, -0.1668558201658466, 0.9334042476825366, 0.31767222995562616, -0.12483262378297667, -0.050675848081888235, -0.3298815527692573, 0.942661190228878, -2.264229006688166, 0.0, 0.0, 0.0, 1.0]}
data modify storage ps:ani_data data[-1].frames[-1].part_15 set value {interpolation_duration:1,start_interpolation:0,transformation:[0.0, 0.0, 0.0, -0.49587080184313787, 0.0, 0.0, 0.0, -0.47485921666392794, 0.0, 0.0, 0.0, -2.140523424399694, 0.0, 0.0, 0.0, 1.0]}
data modify storage ps:ani_data data[-1].frames[-1].part_17 set value {interpolation_duration:1,start_interpolation:0,transformation:[0.0, 0.0, 0.0, -0.49587080184313787, 0.0, 0.0, 0.0, -0.47485921666392794, 0.0, 0.0, 0.0, -2.140523424399694, 0.0, 0.0, 0.0, 1.0]}
data modify storage ps:ani_data data[-1].frames[-1].part_11 set value {interpolation_duration:1,start_interpolation:0,transformation:[0.9674417245820943, -0.22598975872832966, -0.11395235182976399, 0.0802115741154553, 0.0668536566761035, -0.2060674208488944, 0.9762514054554381, -0.4302146899853898, -0.2441046868182925, -0.9520844747261641, -0.1842499792638994, -2.332939224147715, 0.0, 0.0, 0.0, 1.0]}
data modify storage ps:ani_data data[-1].frames[-1].part_12 set value {interpolation_duration:1,start_interpolation:0,transformation:[0.9674417245820942, -0.0950208797161649, 0.23457950028847221, 0.1649577336385789, 0.06685365667610463, 0.9898700843012793, 0.12525096723942433, -0.3529394071670545, -0.24410468681829267, -0.10549051437614636, 0.9639941147382586, -1.9759075461254036, 0.0, 0.0, 0.0, 1.0]}
data modify storage ps:ani_data data[-1].frames[-1].part_13 set value {interpolation_duration:1,start_interpolation:0,transformation:[0.416805151179171, -0.821399876096416, -0.38932725244876043, -0.12117530673873698, 0.0692141630709029, -0.3983826733573208, 0.9146040920524403, -0.35361307040924883, -0.9063569195305471, -0.408158656795941, -0.10919544542530364, -2.163300029464553, 0.0, 0.0, 0.0, 1.0]}
