#0
data modify storage ps:ani_data data append value {ani_tag:'boss',height:0.1,width:0.3}
data modify storage ps:ani_data data[-1].parts.part_1 set value {name:'coin',init_pos:[0.8030601217229444, -0.14826793806047225, 0.577157742252173, -0.05287855320034332, -0.021001856967572192, 0.9609072736264447, 0.276072696034408, -0.481032111397721, -0.595527801955747, -0.2338243572322801, 0.7685524100948924, -2.3085088568191003, 0.0, 0.0, 0.0, 1.0],item_model:'cointosser:boss_body'}
data modify storage ps:ani_data data[-1].parts.part_2 set value {name:'coin',init_pos:[0.7637603565709955, -0.2890658372912996, 0.577157742252173, -0.08266804283539639, 0.15064964888297244, 0.9492568407948032, 0.27607269603440804, 0.21410072622476078, -0.6276741200830116, -0.12390476954237654, 0.7685524100948924, -2.373194051154431, 0.0, 0.0, 0.0, 1.0],item_model:'cointosser:boss_tie'}
data modify storage ps:ani_data data[-1].parts.part_3 set value {name:'coin',init_pos:[0.9150836063301909, -0.07151153665197066, 0.3968728934449996, -0.16407950674569752, 0.07777115655857234, 0.9969711848704362, 0.0003220956075455361, 0.2396483438221125, -0.39569387237266407, 0.03057051951982881, 0.9178735221712269, -2.48387712474331, 0.0, 0.0, 0.0, 1.0],item_model:'cointosser:boss_head'}
data modify storage ps:ani_data data[-1].parts.part_4 set value {name:'coin',init_pos:[0.9184592163787553, -0.10019443542245796, 0.38261435278789246, -0.07380022546594399, 0.048472343790345554, 0.9886033722976935, 0.14252650339182102, 0.3643502658328036, -0.39253420199569045, -0.11235856617100065, 0.9128485377496113, -2.2505874292605252, 0.0, 0.0, 0.0, 1.0],item_model:'cointosser:boss_hair'}
data modify storage ps:ani_data data[-1].parts.part_5 set value {name:'coin',init_pos:[0.9150836063301909, -0.07151153665197066, 0.3968728934449996, -0.08412020850473413, 0.07777115655857234, 0.9969711848704362, 0.0003220956075455361, 0.34296870633601356, -0.39569387237266407, 0.03057051951982881, 0.9178735221712269, -2.2495223495826715, 0.0, 0.0, 0.0, 1.0],item_model:'cointosser:boss_eye'}
data modify storage ps:ani_data data[-1].parts.part_6 set value {name:'coin',init_pos:[0.9161387734606447, -0.0564061540137189, 0.3968728934449996, -0.0764484185388427, 0.0613140659409923, 0.9981184707098668, 0.0003220956075455361, 0.4185613165012451, -0.3961443336459691, 0.0240388064840453, 0.9178735221712269, -2.246056810601753, 0.0, 0.0, 0.0, 1.0],item_model:'cointosser:boss_eyelid'}
data modify storage ps:ani_data data[-1].parts.part_7 set value {name:'coin',init_pos:[0.5883303408162627, -0.5555563568553162, 0.5875581200465779, 0.05521901594259763, 0.07294811046069911, 0.7601197246466431, 0.6456752878834106, 0.11428447037691385, -0.8053235270717192, -0.33700910753384694, 0.4877282831495484, -2.6035310305782122, 0.0, 0.0, 0.0, 1.0],item_model:'cointosser:boss_left_arm_upper'}
data modify storage ps:ani_data data[-1].parts.part_8 set value {name:'coin',init_pos:[0.5883303408162627, -0.7924751800134264, -0.16078090414507457, 0.24926407460795122, 0.07294811046069911, -0.14600746436289924, 0.9865902865579665, -0.06890657542905629, -0.8053235270717192, -0.5921696626922086, -0.028091054301360913, -2.594777834357724, 0.0, 0.0, 0.0, 1.0],item_model:'cointosser:boss_left_arm_lower'}
data modify storage ps:ani_data data[-1].parts.part_16 set value {name:'coin',init_pos:[-0.07970554417307123, -0.010403728788655045, 0.3758202675390344, 0.5306250797911146, 0.04752940400240713, 0.3808119845234758, 0.020622149165705563, 0.09935360723161807, -0.37294780710039743, 0.05075509539276582, -0.07769130136907659, -2.3303346692898517, 0.0, 0.0, 0.0, 1.0],item_model:'cointosser:boss_pipe'}
data modify storage ps:ani_data data[-1].parts.part_9 set value {name:'coin',init_pos:[0.9815345560452098, 0.18438156752868495, -0.05092497270296925, -0.3254494151377723, -0.19079186003508725, 0.9627754344734973, -0.19147305011076665, 0.09938398989758923, 0.013725211600730702, 0.19765348549932923, 0.9801758608721609, -2.3070239812094377, 0.0, 0.0, 0.0, 1.0],item_model:'cointosser:boss_right_arm_upper'}
data modify storage ps:ani_data data[-1].parts.part_10 set value {name:'coin',init_pos:[0.9815345560452098, 0.19038425180615517, -0.01854054889542578, -0.4635636716491819, -0.19079186003508722, 0.9813497445956505, -0.02347647602181613, -0.12342313184249562, 0.013725211600730536, 0.02658035827940919, 0.9995524514102565, -2.3577240911718387, 0.0, 0.0, 0.0, 1.0],item_model:'cointosser:boss_right_arm_lower'}
data modify storage ps:ani_data data[-1].parts.part_15 set value {name:'coin',init_pos:[0.0, 0.0, 0.0, -0.5349577660764903, 0.0, 0.0, 0.0, -0.4914292860658647, 0.0, 0.0, 0.0, -2.367691725526617, 0.0, 0.0, 0.0, 1.0],item_model:'cointosser:boss_sickle'}
data modify storage ps:ani_data data[-1].parts.part_17 set value {name:'coin',init_pos:[0.0, 0.0, 0.0, -0.5349577660764903, 0.0, 0.0, 0.0, -0.4914292860658647, 0.0, 0.0, 0.0, -2.367691725526617, 0.0, 0.0, 0.0, 1.0],item_model:'cointosser:boss_money_box'}
data modify storage ps:ani_data data[-1].parts.part_11 set value {name:'coin',init_pos:[0.9688206694689533, -0.213524740786117, -0.12567297037131997, 0.08550725494819578, 0.07591753515961827, -0.22699680174488263, 0.9709320160819102, -0.4287474829365197, -0.23584536939490086, -0.950199787976095, -0.20370892141771002, -2.333639422181291, 0.0, 0.0, 0.0, 1.0],item_model:'cointosser:boss_left_leg_upper'}
data modify storage ps:ani_data data[-1].parts.part_12 set value {name:'coin',init_pos:[0.9688206694689532, -0.10772496757386503, 0.2231184478498789, 0.16557903274298966, 0.07591753515961938, 0.9862863212673729, 0.14654630782165884, -0.3436236822821887, -0.23584536939490103, -0.12503848944257995, 0.9637127880716849, -1.9773145016902556, 0.0, 0.0, 0.0, 1.0],item_model:'cointosser:boss_left_leg_lower'}
data modify storage ps:ani_data data[-1].parts.part_13 set value {name:'coin',init_pos:[0.43877688335929843, -0.8546413431693541, -0.27760227155983963, -0.1186201501577127, 0.01080113510514634, -0.3038904437883796, 0.9526457545460127, -0.35183613172051226, -0.898531124730769, -0.42099735476578015, -0.12410900519412332, -2.1674510146027943, 0.0, 0.0, 0.0, 1.0],item_model:'cointosser:boss_right_leg_upper'}
data modify storage ps:ani_data data[-1].parts.part_14 set value {name:'coin',init_pos:[0.43877688335929843, -0.8020112603830031, 0.40528111829737073, 0.20187035353079502, 0.01080113510514634, 0.4556905558771609, 0.8900727233011942, -0.23787721529986983, -0.898531124730769, -0.3861658393789267, 0.2086091138632925, -2.009577006565627, 0.0, 0.0, 0.0, 1.0],item_model:'cointosser:boss_right_leg_lower'}
#1
data modify storage ps:ani_data data[-1].frames append value {}
data modify storage ps:ani_data data[-1].frames[-1].particle set value {type:'minecraft:squid_ink',pos_left:0,pos_up:0,pos_front:-2.5,sx:0.2,sy:0.5,sz:0.2,speed:0.1,count:40}
data modify storage ps:ani_data data[-1].frames[-1].sound set value {type:'minecraft:entity.enderman.teleport',pos_left:0,pos_up:0,pos_front:-2.5,volume:1,pitch:1.5}
data modify storage ps:ani_data data[-1].frames[-1].part_1 set value {interpolation_duration:1,start_interpolation:0,transformation:[0.8030601217229444, -0.14826793806047225, 0.577157742252173, -0.05287855320034332, -0.021001856967572192, 0.9609072736264447, 0.276072696034408, -0.481032111397721, -0.595527801955747, -0.2338243572322801, 0.7685524100948924, -2.3085088568191003, 0.0, 0.0, 0.0, 1.0]}
data modify storage ps:ani_data data[-1].frames[-1].part_2 set value {interpolation_duration:1,start_interpolation:0,transformation:[0.7637603565709955, -0.2890658372912996, 0.577157742252173, -0.08266804283539639, 0.15064964888297244, 0.9492568407948032, 0.27607269603440804, 0.21410072622476078, -0.6276741200830116, -0.12390476954237654, 0.7685524100948924, -2.373194051154431, 0.0, 0.0, 0.0, 1.0]}
data modify storage ps:ani_data data[-1].frames[-1].part_3 set value {interpolation_duration:1,start_interpolation:0,transformation:[0.9150836063301909, -0.07151153665197066, 0.3968728934449996, -0.16407950674569752, 0.07777115655857234, 0.9969711848704362, 0.0003220956075455361, 0.2396483438221125, -0.39569387237266407, 0.03057051951982881, 0.9178735221712269, -2.48387712474331, 0.0, 0.0, 0.0, 1.0]}
data modify storage ps:ani_data data[-1].frames[-1].part_4 set value {interpolation_duration:1,start_interpolation:0,transformation:[0.9183013630911688, -0.1016310058074652, 0.38261435572056657, -0.07380022546594399, 0.0500187093112378, 0.9885263431112625, 0.1425264806760913, 0.3643502658328036, -0.3927094794676328, -0.11174438524434818, 0.9128485400670934, -2.2505874292605252, 0.0, 0.0, 0.0, 1.0]}
data modify storage ps:ani_data data[-1].frames[-1].part_5 set value {interpolation_duration:1,start_interpolation:0,transformation:[0.9150836063301909, -0.07151153665197066, 0.3968728934449996, -0.08412020850473413, 0.07777115655857234, 0.9969711848704362, 0.0003220956075455361, 0.34296870633601356, -0.39569387237266407, 0.03057051951982881, 0.9178735221712269, -2.2495223495826715, 0.0, 0.0, 0.0, 1.0]}
data modify storage ps:ani_data data[-1].frames[-1].part_6 set value {interpolation_duration:1,start_interpolation:0,transformation:[0.9161387734606447, -0.0564061540137189, 0.3968728934449996, -0.0764484185388427, 0.0613140659409923, 0.9981184707098668, 0.0003220956075455361, 0.4185613165012451, -0.3961443336459691, 0.0240388064840453, 0.9178735221712269, -2.246056810601753, 0.0, 0.0, 0.0, 1.0]}
data modify storage ps:ani_data data[-1].frames[-1].part_7 set value {interpolation_duration:1,start_interpolation:0,transformation:[0.5883303408162627, -0.5555563568553162, 0.5875581200465779, 0.05521901594259763, 0.07294811046069911, 0.7601197246466431, 0.6456752878834106, 0.11428447037691385, -0.8053235270717192, -0.33700910753384694, 0.4877282831495484, -2.6035310305782122, 0.0, 0.0, 0.0, 1.0]}
data modify storage ps:ani_data data[-1].frames[-1].part_8 set value {interpolation_duration:1,start_interpolation:0,transformation:[0.5883303408162627, -0.7924751800134264, -0.16078090414507457, 0.24926407460795122, 0.07294811046069911, -0.14600746436289924, 0.9865902865579665, -0.06890657542905629, -0.8053235270717192, -0.5921696626922086, -0.028091054301360913, -2.594777834357724, 0.0, 0.0, 0.0, 1.0]}
data modify storage ps:ani_data data[-1].frames[-1].part_16 set value {interpolation_duration:1,start_interpolation:0,transformation:[-0.0754957687569652, -0.00985423926261636, 0.35597072081585, 0.5306250797911146, 0.045019062738353585, 0.3606987923078321, 0.019532957472884895, 0.09935360723161807, -0.35324997395578245, 0.048074384094156195, -0.07358791139862929, -2.3303346692898517, 0.0, 0.0, 0.0, 1.0]}
data modify storage ps:ani_data data[-1].frames[-1].part_9 set value {interpolation_duration:1,start_interpolation:0,transformation:[0.9815345560452098, 0.18438156752868495, -0.05092497270296925, -0.3254494151377723, -0.19079186003508725, 0.9627754344734973, -0.19147305011076665, 0.09938398989758923, 0.013725211600730702, 0.19765348549932923, 0.9801758608721609, -2.3070239812094377, 0.0, 0.0, 0.0, 1.0]}
data modify storage ps:ani_data data[-1].frames[-1].part_10 set value {interpolation_duration:1,start_interpolation:0,transformation:[0.9815345560452098, 0.19038425180615517, -0.01854054889542578, -0.4635636716491819, -0.19079186003508722, 0.9813497445956505, -0.02347647602181613, -0.12342313184249562, 0.013725211600730536, 0.02658035827940919, 0.9995524514102565, -2.3577240911718387, 0.0, 0.0, 0.0, 1.0]}
data modify storage ps:ani_data data[-1].frames[-1].part_15 set value {interpolation_duration:1,start_interpolation:0,transformation:[0.0, 0.0, 0.0, -0.5349577660764903, 0.0, 0.0, 0.0, -0.4914292860658647, 0.0, 0.0, 0.0, -2.367691725526617, 0.0, 0.0, 0.0, 1.0]}
data modify storage ps:ani_data data[-1].frames[-1].part_17 set value {interpolation_duration:1,start_interpolation:0,transformation:[0.0, 0.0, 0.0, -0.5349577660764903, 0.0, 0.0, 0.0, -0.4914292860658647, 0.0, 0.0, 0.0, -2.367691725526617, 0.0, 0.0, 0.0, 1.0]}
data modify storage ps:ani_data data[-1].frames[-1].part_11 set value {interpolation_duration:1,start_interpolation:0,transformation:[0.9688206694689533, -0.213524740786117, -0.12567297037131997, 0.08550725494819578, 0.07591753515961827, -0.22699680174488263, 0.9709320160819102, -0.4287474829365197, -0.23584536939490086, -0.950199787976095, -0.20370892141771002, -2.333639422181291, 0.0, 0.0, 0.0, 1.0]}
data modify storage ps:ani_data data[-1].frames[-1].part_12 set value {interpolation_duration:1,start_interpolation:0,transformation:[0.9688206694689532, -0.10772496757386503, 0.2231184478498789, 0.16557903274298966, 0.07591753515961938, 0.9862863212673729, 0.14654630782165884, -0.3436236822821887, -0.23584536939490103, -0.12503848944257995, 0.9637127880716849, -1.9773145016902556, 0.0, 0.0, 0.0, 1.0]}
data modify storage ps:ani_data data[-1].frames[-1].part_13 set value {interpolation_duration:1,start_interpolation:0,transformation:[0.43877688335929843, -0.8546413431693541, -0.27760227155983963, -0.1186201501577127, 0.01080113510514634, -0.3038904437883796, 0.9526457545460127, -0.35183613172051226, -0.898531124730769, -0.42099735476578015, -0.12410900519412332, -2.1674510146027943, 0.0, 0.0, 0.0, 1.0]}
data modify storage ps:ani_data data[-1].frames[-1].part_14 set value {interpolation_duration:1,start_interpolation:0,transformation:[0.43877688335929843, -0.8020112603830031, 0.40528111829737073, 0.20187035353079502, 0.01080113510514634, 0.4556905558771609, 0.8900727233011942, -0.23787721529986983, -0.898531124730769, -0.3861658393789267, 0.2086091138632925, -2.009577006565627, 0.0, 0.0, 0.0, 1.0]}
#2
data modify storage ps:ani_data data[-1].frames append value {}
data modify storage ps:ani_data data[-1].frames[-1].part_1 set value {interpolation_duration:1,start_interpolation:0,transformation:[0.0, 0.0, 0.0, 0.0477479984641856, 0.0, 0.0, 0.0, -0.9996894971928554, 0.0, 0.0, 0.0, -1.7688093905203628, 0.0, 0.0, 0.0, 1.0]}
data modify storage ps:ani_data data[-1].frames[-1].part_2 set value {interpolation_duration:1,start_interpolation:0,transformation:[0.0, 0.0, 0.0, 0.0477479984641856, 0.0, 0.0, 0.0, -0.9996894971928554, 0.0, 0.0, 0.0, -1.7688093905203628, 0.0, 0.0, 0.0, 1.0]}
data modify storage ps:ani_data data[-1].frames[-1].part_3 set value {interpolation_duration:1,start_interpolation:0,transformation:[0.0, 0.0, 0.0, 0.0477479984641856, 0.0, 0.0, 0.0, -0.9996894971928554, 0.0, 0.0, 0.0, -1.7688093905203628, 0.0, 0.0, 0.0, 1.0]}
data modify storage ps:ani_data data[-1].frames[-1].part_4 set value {interpolation_duration:1,start_interpolation:0,transformation:[0.0, 0.0, 0.0, 0.0477479984641856, 0.0, 0.0, 0.0, -0.9996894971928554, 0.0, 0.0, 0.0, -1.7688093905203628, 0.0, 0.0, 0.0, 1.0]}
data modify storage ps:ani_data data[-1].frames[-1].part_5 set value {interpolation_duration:1,start_interpolation:0,transformation:[0.0, 0.0, 0.0, 0.0477479984641856, 0.0, 0.0, 0.0, -0.9996894971928554, 0.0, 0.0, 0.0, -1.7688093905203628, 0.0, 0.0, 0.0, 1.0]}
data modify storage ps:ani_data data[-1].frames[-1].part_6 set value {interpolation_duration:1,start_interpolation:0,transformation:[0.0, 0.0, 0.0, 0.0477479984641856, 0.0, 0.0, 0.0, -0.9996894971928554, 0.0, 0.0, 0.0, -1.7688093905203628, 0.0, 0.0, 0.0, 1.0]}
data modify storage ps:ani_data data[-1].frames[-1].part_7 set value {interpolation_duration:1,start_interpolation:0,transformation:[0.0, 0.0, 0.0, 0.0477479984641856, 0.0, 0.0, 0.0, -0.9996894971928554, 0.0, 0.0, 0.0, -1.7688093905203628, 0.0, 0.0, 0.0, 1.0]}
data modify storage ps:ani_data data[-1].frames[-1].part_8 set value {interpolation_duration:1,start_interpolation:0,transformation:[0.0, 0.0, 0.0, 0.0477479984641856, 0.0, 0.0, 0.0, -0.9996894971928554, 0.0, 0.0, 0.0, -1.7688093905203628, 0.0, 0.0, 0.0, 1.0]}
data modify storage ps:ani_data data[-1].frames[-1].part_16 set value {interpolation_duration:1,start_interpolation:0,transformation:[0.0, 0.0, 0.0, 0.0477479984641856, 0.0, 0.0, 0.0, -0.9996894971928554, 0.0, 0.0, 0.0, -1.7688093905203628, 0.0, 0.0, 0.0, 1.0]}
data modify storage ps:ani_data data[-1].frames[-1].part_9 set value {interpolation_duration:1,start_interpolation:0,transformation:[0.0, 0.0, 0.0, 0.0477479984641856, 0.0, 0.0, 0.0, -0.9996894971928554, 0.0, 0.0, 0.0, -1.7688093905203628, 0.0, 0.0, 0.0, 1.0]}
data modify storage ps:ani_data data[-1].frames[-1].part_10 set value {interpolation_duration:1,start_interpolation:0,transformation:[0.0, 0.0, 0.0, 0.0477479984641856, 0.0, 0.0, 0.0, -0.9996894971928554, 0.0, 0.0, 0.0, -1.7688093905203628, 0.0, 0.0, 0.0, 1.0]}
data modify storage ps:ani_data data[-1].frames[-1].part_15 set value {interpolation_duration:1,start_interpolation:0,transformation:[0.0, 0.0, 0.0, 0.0477479984641856, 0.0, 0.0, 0.0, -0.9996894971928554, 0.0, 0.0, 0.0, -1.7688093905203628, 0.0, 0.0, 0.0, 1.0]}
data modify storage ps:ani_data data[-1].frames[-1].part_17 set value {interpolation_duration:1,start_interpolation:0,transformation:[0.0, 0.0, 0.0, 0.0477479984641856, 0.0, 0.0, 0.0, -0.9996894971928554, 0.0, 0.0, 0.0, -1.7688093905203628, 0.0, 0.0, 0.0, 1.0]}
data modify storage ps:ani_data data[-1].frames[-1].part_11 set value {interpolation_duration:1,start_interpolation:0,transformation:[0.0, 0.0, 0.0, 0.0477479984641856, 0.0, 0.0, 0.0, -0.9996894971928554, 0.0, 0.0, 0.0, -1.7688093905203628, 0.0, 0.0, 0.0, 1.0]}
data modify storage ps:ani_data data[-1].frames[-1].part_12 set value {interpolation_duration:1,start_interpolation:0,transformation:[0.0, 0.0, 0.0, 0.0477479984641856, 0.0, 0.0, 0.0, -0.9996894971928554, 0.0, 0.0, 0.0, -1.7688093905203628, 0.0, 0.0, 0.0, 1.0]}
data modify storage ps:ani_data data[-1].frames[-1].part_13 set value {interpolation_duration:1,start_interpolation:0,transformation:[0.0, 0.0, 0.0, 0.0477479984641856, 0.0, 0.0, 0.0, -0.9996894971928554, 0.0, 0.0, 0.0, -1.7688093905203628, 0.0, 0.0, 0.0, 1.0]}
data modify storage ps:ani_data data[-1].frames[-1].part_14 set value {interpolation_duration:1,start_interpolation:0,transformation:[0.0, 0.0, 0.0, 0.0477479984641856, 0.0, 0.0, 0.0, -0.9996894971928554, 0.0, 0.0, 0.0, -1.7688093905203628, 0.0, 0.0, 0.0, 1.0]}
#3
data modify storage ps:ani_data data[-1].frames append value {}
data modify storage ps:ani_data data[-1].frames[-1].part_1 set value {interpolation_duration:1,start_interpolation:0,transformation:[0.0, 0.0, 0.0, 0.04524857572511836, 0.0, 0.0, 0.0, -0.9473596249121422, 0.0, 0.0, 0.0, -2.1996803304690076, 0.0, 0.0, 0.0, 1.0]}
data modify storage ps:ani_data data[-1].frames[-1].part_2 set value {interpolation_duration:1,start_interpolation:0,transformation:[0.0, 0.0, 0.0, 0.04524857572511836, 0.0, 0.0, 0.0, -0.9473596249121422, 0.0, 0.0, 0.0, -2.1996803304690076, 0.0, 0.0, 0.0, 1.0]}
data modify storage ps:ani_data data[-1].frames[-1].part_3 set value {interpolation_duration:1,start_interpolation:0,transformation:[0.0, 0.0, 0.0, 0.04524857572511836, 0.0, 0.0, 0.0, -0.9473596249121422, 0.0, 0.0, 0.0, -2.1996803304690076, 0.0, 0.0, 0.0, 1.0]}
data modify storage ps:ani_data data[-1].frames[-1].part_4 set value {interpolation_duration:1,start_interpolation:0,transformation:[0.0, 0.0, 0.0, 0.04524857572511836, 0.0, 0.0, 0.0, -0.9473596249121422, 0.0, 0.0, 0.0, -2.1996803304690076, 0.0, 0.0, 0.0, 1.0]}
data modify storage ps:ani_data data[-1].frames[-1].part_5 set value {interpolation_duration:1,start_interpolation:0,transformation:[0.0, 0.0, 0.0, 0.04524857572511836, 0.0, 0.0, 0.0, -0.9473596249121422, 0.0, 0.0, 0.0, -2.1996803304690076, 0.0, 0.0, 0.0, 1.0]}
data modify storage ps:ani_data data[-1].frames[-1].part_6 set value {interpolation_duration:1,start_interpolation:0,transformation:[0.0, 0.0, 0.0, 0.04524857572511836, 0.0, 0.0, 0.0, -0.9473596249121422, 0.0, 0.0, 0.0, -2.1996803304690076, 0.0, 0.0, 0.0, 1.0]}
data modify storage ps:ani_data data[-1].frames[-1].part_7 set value {interpolation_duration:1,start_interpolation:0,transformation:[0.0, 0.0, 0.0, 0.04524857572511836, 0.0, 0.0, 0.0, -0.9473596249121422, 0.0, 0.0, 0.0, -2.1996803304690076, 0.0, 0.0, 0.0, 1.0]}
data modify storage ps:ani_data data[-1].frames[-1].part_8 set value {interpolation_duration:1,start_interpolation:0,transformation:[0.0, 0.0, 0.0, 0.04524857572511836, 0.0, 0.0, 0.0, -0.9473596249121422, 0.0, 0.0, 0.0, -2.1996803304690076, 0.0, 0.0, 0.0, 1.0]}
data modify storage ps:ani_data data[-1].frames[-1].part_16 set value {interpolation_duration:1,start_interpolation:0,transformation:[0.0, 0.0, 0.0, 0.04524857572511836, 0.0, 0.0, 0.0, -0.9473596249121422, 0.0, 0.0, 0.0, -2.1996803304690076, 0.0, 0.0, 0.0, 1.0]}
data modify storage ps:ani_data data[-1].frames[-1].part_9 set value {interpolation_duration:1,start_interpolation:0,transformation:[0.0, 0.0, 0.0, 0.04524857572511836, 0.0, 0.0, 0.0, -0.9473596249121422, 0.0, 0.0, 0.0, -2.1996803304690076, 0.0, 0.0, 0.0, 1.0]}
data modify storage ps:ani_data data[-1].frames[-1].part_10 set value {interpolation_duration:1,start_interpolation:0,transformation:[0.0, 0.0, 0.0, 0.04524857572511836, 0.0, 0.0, 0.0, -0.9473596249121422, 0.0, 0.0, 0.0, -2.1996803304690076, 0.0, 0.0, 0.0, 1.0]}
data modify storage ps:ani_data data[-1].frames[-1].part_15 set value {interpolation_duration:1,start_interpolation:0,transformation:[0.0, 0.0, 0.0, 0.04524857572511836, 0.0, 0.0, 0.0, -0.9473596249121422, 0.0, 0.0, 0.0, -2.1996803304690076, 0.0, 0.0, 0.0, 1.0]}
data modify storage ps:ani_data data[-1].frames[-1].part_17 set value {interpolation_duration:1,start_interpolation:0,transformation:[0.0, 0.0, 0.0, 0.04524857572511836, 0.0, 0.0, 0.0, -0.9473596249121422, 0.0, 0.0, 0.0, -2.1996803304690076, 0.0, 0.0, 0.0, 1.0]}
data modify storage ps:ani_data data[-1].frames[-1].part_11 set value {interpolation_duration:1,start_interpolation:0,transformation:[0.0, 0.0, 0.0, 0.04524857572511836, 0.0, 0.0, 0.0, -0.9473596249121422, 0.0, 0.0, 0.0, -2.1996803304690076, 0.0, 0.0, 0.0, 1.0]}
data modify storage ps:ani_data data[-1].frames[-1].part_12 set value {interpolation_duration:1,start_interpolation:0,transformation:[0.0, 0.0, 0.0, 0.04524857572511836, 0.0, 0.0, 0.0, -0.9473596249121422, 0.0, 0.0, 0.0, -2.1996803304690076, 0.0, 0.0, 0.0, 1.0]}
data modify storage ps:ani_data data[-1].frames[-1].part_13 set value {interpolation_duration:1,start_interpolation:0,transformation:[0.0, 0.0, 0.0, 0.04524857572511836, 0.0, 0.0, 0.0, -0.9473596249121422, 0.0, 0.0, 0.0, -2.1996803304690076, 0.0, 0.0, 0.0, 1.0]}
data modify storage ps:ani_data data[-1].frames[-1].part_14 set value {interpolation_duration:1,start_interpolation:0,transformation:[0.0, 0.0, 0.0, 0.04524857572511836, 0.0, 0.0, 0.0, -0.9473596249121422, 0.0, 0.0, 0.0, -2.1996803304690076, 0.0, 0.0, 0.0, 1.0]}
#4
data modify storage ps:ani_data data[-1].frames append value {}
data modify storage ps:ani_data data[-1].frames[-1].part_1 set value {interpolation_duration:1,start_interpolation:0,transformation:[0.0, 0.0, 0.0, 0.04232003802881652, 0.0, 0.0, 0.0, -0.8860454657579687, 0.0, 0.0, 0.0, -2.704525617405749, 0.0, 0.0, 0.0, 1.0]}
data modify storage ps:ani_data data[-1].frames[-1].part_2 set value {interpolation_duration:1,start_interpolation:0,transformation:[0.0, 0.0, 0.0, 0.04232003802881652, 0.0, 0.0, 0.0, -0.8860454657579687, 0.0, 0.0, 0.0, -2.704525617405749, 0.0, 0.0, 0.0, 1.0]}
data modify storage ps:ani_data data[-1].frames[-1].part_3 set value {interpolation_duration:1,start_interpolation:0,transformation:[0.0, 0.0, 0.0, 0.04232003802881652, 0.0, 0.0, 0.0, -0.8860454657579687, 0.0, 0.0, 0.0, -2.704525617405749, 0.0, 0.0, 0.0, 1.0]}
data modify storage ps:ani_data data[-1].frames[-1].part_4 set value {interpolation_duration:1,start_interpolation:0,transformation:[0.0, 0.0, 0.0, 0.04232003802881652, 0.0, 0.0, 0.0, -0.8860454657579687, 0.0, 0.0, 0.0, -2.704525617405749, 0.0, 0.0, 0.0, 1.0]}
data modify storage ps:ani_data data[-1].frames[-1].part_5 set value {interpolation_duration:1,start_interpolation:0,transformation:[0.0, 0.0, 0.0, 0.04232003802881652, 0.0, 0.0, 0.0, -0.8860454657579687, 0.0, 0.0, 0.0, -2.704525617405749, 0.0, 0.0, 0.0, 1.0]}
data modify storage ps:ani_data data[-1].frames[-1].part_6 set value {interpolation_duration:1,start_interpolation:0,transformation:[0.0, 0.0, 0.0, 0.04232003802881652, 0.0, 0.0, 0.0, -0.8860454657579687, 0.0, 0.0, 0.0, -2.704525617405749, 0.0, 0.0, 0.0, 1.0]}
data modify storage ps:ani_data data[-1].frames[-1].part_7 set value {interpolation_duration:1,start_interpolation:0,transformation:[0.0, 0.0, 0.0, 0.04232003802881652, 0.0, 0.0, 0.0, -0.8860454657579687, 0.0, 0.0, 0.0, -2.704525617405749, 0.0, 0.0, 0.0, 1.0]}
data modify storage ps:ani_data data[-1].frames[-1].part_8 set value {interpolation_duration:1,start_interpolation:0,transformation:[0.0, 0.0, 0.0, 0.04232003802881652, 0.0, 0.0, 0.0, -0.8860454657579687, 0.0, 0.0, 0.0, -2.704525617405749, 0.0, 0.0, 0.0, 1.0]}
data modify storage ps:ani_data data[-1].frames[-1].part_16 set value {interpolation_duration:1,start_interpolation:0,transformation:[0.0, 0.0, 0.0, 0.04232003802881652, 0.0, 0.0, 0.0, -0.8860454657579687, 0.0, 0.0, 0.0, -2.704525617405749, 0.0, 0.0, 0.0, 1.0]}
data modify storage ps:ani_data data[-1].frames[-1].part_9 set value {interpolation_duration:1,start_interpolation:0,transformation:[0.0, 0.0, 0.0, 0.04232003802881652, 0.0, 0.0, 0.0, -0.8860454657579687, 0.0, 0.0, 0.0, -2.704525617405749, 0.0, 0.0, 0.0, 1.0]}
data modify storage ps:ani_data data[-1].frames[-1].part_10 set value {interpolation_duration:1,start_interpolation:0,transformation:[0.0, 0.0, 0.0, 0.04232003802881652, 0.0, 0.0, 0.0, -0.8860454657579687, 0.0, 0.0, 0.0, -2.704525617405749, 0.0, 0.0, 0.0, 1.0]}
data modify storage ps:ani_data data[-1].frames[-1].part_15 set value {interpolation_duration:1,start_interpolation:0,transformation:[0.0, 0.0, 0.0, 0.04232003802881652, 0.0, 0.0, 0.0, -0.8860454657579687, 0.0, 0.0, 0.0, -2.704525617405749, 0.0, 0.0, 0.0, 1.0]}
data modify storage ps:ani_data data[-1].frames[-1].part_17 set value {interpolation_duration:1,start_interpolation:0,transformation:[0.0, 0.0, 0.0, 0.04232003802881652, 0.0, 0.0, 0.0, -0.8860454657579687, 0.0, 0.0, 0.0, -2.704525617405749, 0.0, 0.0, 0.0, 1.0]}
data modify storage ps:ani_data data[-1].frames[-1].part_11 set value {interpolation_duration:1,start_interpolation:0,transformation:[0.0, 0.0, 0.0, 0.04232003802881652, 0.0, 0.0, 0.0, -0.8860454657579687, 0.0, 0.0, 0.0, -2.704525617405749, 0.0, 0.0, 0.0, 1.0]}
data modify storage ps:ani_data data[-1].frames[-1].part_12 set value {interpolation_duration:1,start_interpolation:0,transformation:[0.0, 0.0, 0.0, 0.04232003802881652, 0.0, 0.0, 0.0, -0.8860454657579687, 0.0, 0.0, 0.0, -2.704525617405749, 0.0, 0.0, 0.0, 1.0]}
data modify storage ps:ani_data data[-1].frames[-1].part_13 set value {interpolation_duration:1,start_interpolation:0,transformation:[0.0, 0.0, 0.0, 0.04232003802881652, 0.0, 0.0, 0.0, -0.8860454657579687, 0.0, 0.0, 0.0, -2.704525617405749, 0.0, 0.0, 0.0, 1.0]}
data modify storage ps:ani_data data[-1].frames[-1].part_14 set value {interpolation_duration:1,start_interpolation:0,transformation:[0.0, 0.0, 0.0, 0.04232003802881652, 0.0, 0.0, 0.0, -0.8860454657579687, 0.0, 0.0, 0.0, -2.704525617405749, 0.0, 0.0, 0.0, 1.0]}
#5
data modify storage ps:ani_data data[-1].frames append value {}
data modify storage ps:ani_data data[-1].frames[-1].part_1 set value {interpolation_duration:1,start_interpolation:0,transformation:[0.0, 0.0, 0.0, 0.03930668995878679, 0.0, 0.0, 0.0, -0.8229556501868595, 0.0, 0.0, 0.0, -3.22399121041331, 0.0, 0.0, 0.0, 1.0]}
data modify storage ps:ani_data data[-1].frames[-1].part_2 set value {interpolation_duration:1,start_interpolation:0,transformation:[0.0, 0.0, 0.0, 0.03930668995878679, 0.0, 0.0, 0.0, -0.8229556501868595, 0.0, 0.0, 0.0, -3.22399121041331, 0.0, 0.0, 0.0, 1.0]}
data modify storage ps:ani_data data[-1].frames[-1].part_3 set value {interpolation_duration:1,start_interpolation:0,transformation:[0.0, 0.0, 0.0, 0.03930668995878679, 0.0, 0.0, 0.0, -0.8229556501868595, 0.0, 0.0, 0.0, -3.22399121041331, 0.0, 0.0, 0.0, 1.0]}
data modify storage ps:ani_data data[-1].frames[-1].part_4 set value {interpolation_duration:1,start_interpolation:0,transformation:[0.0, 0.0, 0.0, 0.03930668995878679, 0.0, 0.0, 0.0, -0.8229556501868595, 0.0, 0.0, 0.0, -3.22399121041331, 0.0, 0.0, 0.0, 1.0]}
data modify storage ps:ani_data data[-1].frames[-1].part_5 set value {interpolation_duration:1,start_interpolation:0,transformation:[0.0, 0.0, 0.0, 0.03930668995878679, 0.0, 0.0, 0.0, -0.8229556501868595, 0.0, 0.0, 0.0, -3.22399121041331, 0.0, 0.0, 0.0, 1.0]}
data modify storage ps:ani_data data[-1].frames[-1].part_6 set value {interpolation_duration:1,start_interpolation:0,transformation:[0.0, 0.0, 0.0, 0.03930668995878679, 0.0, 0.0, 0.0, -0.8229556501868595, 0.0, 0.0, 0.0, -3.22399121041331, 0.0, 0.0, 0.0, 1.0]}
data modify storage ps:ani_data data[-1].frames[-1].part_7 set value {interpolation_duration:1,start_interpolation:0,transformation:[0.0, 0.0, 0.0, 0.03930668995878679, 0.0, 0.0, 0.0, -0.8229556501868595, 0.0, 0.0, 0.0, -3.22399121041331, 0.0, 0.0, 0.0, 1.0]}
data modify storage ps:ani_data data[-1].frames[-1].part_8 set value {interpolation_duration:1,start_interpolation:0,transformation:[0.0, 0.0, 0.0, 0.03930668995878679, 0.0, 0.0, 0.0, -0.8229556501868595, 0.0, 0.0, 0.0, -3.22399121041331, 0.0, 0.0, 0.0, 1.0]}
data modify storage ps:ani_data data[-1].frames[-1].part_16 set value {interpolation_duration:1,start_interpolation:0,transformation:[0.0, 0.0, 0.0, 0.03930668995878679, 0.0, 0.0, 0.0, -0.8229556501868595, 0.0, 0.0, 0.0, -3.22399121041331, 0.0, 0.0, 0.0, 1.0]}
data modify storage ps:ani_data data[-1].frames[-1].part_9 set value {interpolation_duration:1,start_interpolation:0,transformation:[0.0, 0.0, 0.0, 0.03930668995878679, 0.0, 0.0, 0.0, -0.8229556501868595, 0.0, 0.0, 0.0, -3.22399121041331, 0.0, 0.0, 0.0, 1.0]}
data modify storage ps:ani_data data[-1].frames[-1].part_10 set value {interpolation_duration:1,start_interpolation:0,transformation:[0.0, 0.0, 0.0, 0.03930668995878679, 0.0, 0.0, 0.0, -0.8229556501868595, 0.0, 0.0, 0.0, -3.22399121041331, 0.0, 0.0, 0.0, 1.0]}
data modify storage ps:ani_data data[-1].frames[-1].part_15 set value {interpolation_duration:1,start_interpolation:0,transformation:[0.0, 0.0, 0.0, 0.03930668995878679, 0.0, 0.0, 0.0, -0.8229556501868595, 0.0, 0.0, 0.0, -3.22399121041331, 0.0, 0.0, 0.0, 1.0]}
data modify storage ps:ani_data data[-1].frames[-1].part_17 set value {interpolation_duration:1,start_interpolation:0,transformation:[0.0, 0.0, 0.0, 0.03930668995878679, 0.0, 0.0, 0.0, -0.8229556501868595, 0.0, 0.0, 0.0, -3.22399121041331, 0.0, 0.0, 0.0, 1.0]}
data modify storage ps:ani_data data[-1].frames[-1].part_11 set value {interpolation_duration:1,start_interpolation:0,transformation:[0.0, 0.0, 0.0, 0.03930668995878679, 0.0, 0.0, 0.0, -0.8229556501868595, 0.0, 0.0, 0.0, -3.22399121041331, 0.0, 0.0, 0.0, 1.0]}
data modify storage ps:ani_data data[-1].frames[-1].part_12 set value {interpolation_duration:1,start_interpolation:0,transformation:[0.0, 0.0, 0.0, 0.03930668995878679, 0.0, 0.0, 0.0, -0.8229556501868595, 0.0, 0.0, 0.0, -3.22399121041331, 0.0, 0.0, 0.0, 1.0]}
data modify storage ps:ani_data data[-1].frames[-1].part_13 set value {interpolation_duration:1,start_interpolation:0,transformation:[0.0, 0.0, 0.0, 0.03930668995878679, 0.0, 0.0, 0.0, -0.8229556501868595, 0.0, 0.0, 0.0, -3.22399121041331, 0.0, 0.0, 0.0, 1.0]}
data modify storage ps:ani_data data[-1].frames[-1].part_14 set value {interpolation_duration:1,start_interpolation:0,transformation:[0.0, 0.0, 0.0, 0.03930668995878679, 0.0, 0.0, 0.0, -0.8229556501868595, 0.0, 0.0, 0.0, -3.22399121041331, 0.0, 0.0, 0.0, 1.0]}
#6
data modify storage ps:ani_data data[-1].frames append value {}
data modify storage ps:ani_data data[-1].frames[-1].part_1 set value {interpolation_duration:1,start_interpolation:0,transformation:[0.0, 0.0, 0.0, 0.03625224184340282, 0.0, 0.0, 0.0, -0.7590053318722558, 0.0, 0.0, 0.0, -3.750541965485262, 0.0, 0.0, 0.0, 1.0]}
data modify storage ps:ani_data data[-1].frames[-1].part_2 set value {interpolation_duration:1,start_interpolation:0,transformation:[0.0, 0.0, 0.0, 0.03625224184340282, 0.0, 0.0, 0.0, -0.7590053318722558, 0.0, 0.0, 0.0, -3.750541965485262, 0.0, 0.0, 0.0, 1.0]}
data modify storage ps:ani_data data[-1].frames[-1].part_3 set value {interpolation_duration:1,start_interpolation:0,transformation:[0.0, 0.0, 0.0, 0.03625224184340282, 0.0, 0.0, 0.0, -0.7590053318722558, 0.0, 0.0, 0.0, -3.750541965485262, 0.0, 0.0, 0.0, 1.0]}
data modify storage ps:ani_data data[-1].frames[-1].part_4 set value {interpolation_duration:1,start_interpolation:0,transformation:[0.0, 0.0, 0.0, 0.03625224184340282, 0.0, 0.0, 0.0, -0.7590053318722558, 0.0, 0.0, 0.0, -3.750541965485262, 0.0, 0.0, 0.0, 1.0]}
data modify storage ps:ani_data data[-1].frames[-1].part_5 set value {interpolation_duration:1,start_interpolation:0,transformation:[0.0, 0.0, 0.0, 0.03625224184340282, 0.0, 0.0, 0.0, -0.7590053318722558, 0.0, 0.0, 0.0, -3.750541965485262, 0.0, 0.0, 0.0, 1.0]}
data modify storage ps:ani_data data[-1].frames[-1].part_6 set value {interpolation_duration:1,start_interpolation:0,transformation:[0.0, 0.0, 0.0, 0.03625224184340282, 0.0, 0.0, 0.0, -0.7590053318722558, 0.0, 0.0, 0.0, -3.750541965485262, 0.0, 0.0, 0.0, 1.0]}
data modify storage ps:ani_data data[-1].frames[-1].part_7 set value {interpolation_duration:1,start_interpolation:0,transformation:[0.0, 0.0, 0.0, 0.03625224184340282, 0.0, 0.0, 0.0, -0.7590053318722558, 0.0, 0.0, 0.0, -3.750541965485262, 0.0, 0.0, 0.0, 1.0]}
data modify storage ps:ani_data data[-1].frames[-1].part_8 set value {interpolation_duration:1,start_interpolation:0,transformation:[0.0, 0.0, 0.0, 0.03625224184340282, 0.0, 0.0, 0.0, -0.7590053318722558, 0.0, 0.0, 0.0, -3.750541965485262, 0.0, 0.0, 0.0, 1.0]}
data modify storage ps:ani_data data[-1].frames[-1].part_16 set value {interpolation_duration:1,start_interpolation:0,transformation:[0.0, 0.0, 0.0, 0.03625224184340282, 0.0, 0.0, 0.0, -0.7590053318722558, 0.0, 0.0, 0.0, -3.750541965485262, 0.0, 0.0, 0.0, 1.0]}
data modify storage ps:ani_data data[-1].frames[-1].part_9 set value {interpolation_duration:1,start_interpolation:0,transformation:[0.0, 0.0, 0.0, 0.03625224184340282, 0.0, 0.0, 0.0, -0.7590053318722558, 0.0, 0.0, 0.0, -3.750541965485262, 0.0, 0.0, 0.0, 1.0]}
data modify storage ps:ani_data data[-1].frames[-1].part_10 set value {interpolation_duration:1,start_interpolation:0,transformation:[0.0, 0.0, 0.0, 0.03625224184340282, 0.0, 0.0, 0.0, -0.7590053318722558, 0.0, 0.0, 0.0, -3.750541965485262, 0.0, 0.0, 0.0, 1.0]}
data modify storage ps:ani_data data[-1].frames[-1].part_15 set value {interpolation_duration:1,start_interpolation:0,transformation:[0.0, 0.0, 0.0, 0.03625224184340282, 0.0, 0.0, 0.0, -0.7590053318722558, 0.0, 0.0, 0.0, -3.750541965485262, 0.0, 0.0, 0.0, 1.0]}
data modify storage ps:ani_data data[-1].frames[-1].part_17 set value {interpolation_duration:1,start_interpolation:0,transformation:[0.0, 0.0, 0.0, 0.03625224184340282, 0.0, 0.0, 0.0, -0.7590053318722558, 0.0, 0.0, 0.0, -3.750541965485262, 0.0, 0.0, 0.0, 1.0]}
data modify storage ps:ani_data data[-1].frames[-1].part_11 set value {interpolation_duration:1,start_interpolation:0,transformation:[0.0, 0.0, 0.0, 0.03625224184340282, 0.0, 0.0, 0.0, -0.7590053318722558, 0.0, 0.0, 0.0, -3.750541965485262, 0.0, 0.0, 0.0, 1.0]}
data modify storage ps:ani_data data[-1].frames[-1].part_12 set value {interpolation_duration:1,start_interpolation:0,transformation:[0.0, 0.0, 0.0, 0.03625224184340282, 0.0, 0.0, 0.0, -0.7590053318722558, 0.0, 0.0, 0.0, -3.750541965485262, 0.0, 0.0, 0.0, 1.0]}
data modify storage ps:ani_data data[-1].frames[-1].part_13 set value {interpolation_duration:1,start_interpolation:0,transformation:[0.0, 0.0, 0.0, 0.03625224184340282, 0.0, 0.0, 0.0, -0.7590053318722558, 0.0, 0.0, 0.0, -3.750541965485262, 0.0, 0.0, 0.0, 1.0]}
data modify storage ps:ani_data data[-1].frames[-1].part_14 set value {interpolation_duration:1,start_interpolation:0,transformation:[0.0, 0.0, 0.0, 0.03625224184340282, 0.0, 0.0, 0.0, -0.7590053318722558, 0.0, 0.0, 0.0, -3.750541965485262, 0.0, 0.0, 0.0, 1.0]}
#7
data modify storage ps:ani_data data[-1].frames append value {}
data modify storage ps:ani_data data[-1].frames[-1].part_1 set value {interpolation_duration:1,start_interpolation:0,transformation:[0.0, 0.0, 0.0, 0.03317381295458224, 0.0, 0.0, 0.0, -0.6945529333006732, 0.0, 0.0, 0.0, -4.281226722472866, 0.0, 0.0, 0.0, 1.0]}
data modify storage ps:ani_data data[-1].frames[-1].part_2 set value {interpolation_duration:1,start_interpolation:0,transformation:[0.0, 0.0, 0.0, 0.03317381295458224, 0.0, 0.0, 0.0, -0.6945529333006732, 0.0, 0.0, 0.0, -4.281226722472866, 0.0, 0.0, 0.0, 1.0]}
data modify storage ps:ani_data data[-1].frames[-1].part_3 set value {interpolation_duration:1,start_interpolation:0,transformation:[0.0, 0.0, 0.0, 0.03317381295458224, 0.0, 0.0, 0.0, -0.6945529333006732, 0.0, 0.0, 0.0, -4.281226722472866, 0.0, 0.0, 0.0, 1.0]}
data modify storage ps:ani_data data[-1].frames[-1].part_4 set value {interpolation_duration:1,start_interpolation:0,transformation:[0.0, 0.0, 0.0, 0.03317381295458224, 0.0, 0.0, 0.0, -0.6945529333006732, 0.0, 0.0, 0.0, -4.281226722472866, 0.0, 0.0, 0.0, 1.0]}
data modify storage ps:ani_data data[-1].frames[-1].part_5 set value {interpolation_duration:1,start_interpolation:0,transformation:[0.0, 0.0, 0.0, 0.03317381295458224, 0.0, 0.0, 0.0, -0.6945529333006732, 0.0, 0.0, 0.0, -4.281226722472866, 0.0, 0.0, 0.0, 1.0]}
data modify storage ps:ani_data data[-1].frames[-1].part_6 set value {interpolation_duration:1,start_interpolation:0,transformation:[0.0, 0.0, 0.0, 0.03317381295458224, 0.0, 0.0, 0.0, -0.6945529333006732, 0.0, 0.0, 0.0, -4.281226722472866, 0.0, 0.0, 0.0, 1.0]}
data modify storage ps:ani_data data[-1].frames[-1].part_7 set value {interpolation_duration:1,start_interpolation:0,transformation:[0.0, 0.0, 0.0, 0.03317381295458224, 0.0, 0.0, 0.0, -0.6945529333006732, 0.0, 0.0, 0.0, -4.281226722472866, 0.0, 0.0, 0.0, 1.0]}
data modify storage ps:ani_data data[-1].frames[-1].part_8 set value {interpolation_duration:1,start_interpolation:0,transformation:[0.0, 0.0, 0.0, 0.03317381295458224, 0.0, 0.0, 0.0, -0.6945529333006732, 0.0, 0.0, 0.0, -4.281226722472866, 0.0, 0.0, 0.0, 1.0]}
data modify storage ps:ani_data data[-1].frames[-1].part_16 set value {interpolation_duration:1,start_interpolation:0,transformation:[0.0, 0.0, 0.0, 0.03317381295458224, 0.0, 0.0, 0.0, -0.6945529333006732, 0.0, 0.0, 0.0, -4.281226722472866, 0.0, 0.0, 0.0, 1.0]}
data modify storage ps:ani_data data[-1].frames[-1].part_9 set value {interpolation_duration:1,start_interpolation:0,transformation:[0.0, 0.0, 0.0, 0.03317381295458224, 0.0, 0.0, 0.0, -0.6945529333006732, 0.0, 0.0, 0.0, -4.281226722472866, 0.0, 0.0, 0.0, 1.0]}
data modify storage ps:ani_data data[-1].frames[-1].part_10 set value {interpolation_duration:1,start_interpolation:0,transformation:[0.0, 0.0, 0.0, 0.03317381295458224, 0.0, 0.0, 0.0, -0.6945529333006732, 0.0, 0.0, 0.0, -4.281226722472866, 0.0, 0.0, 0.0, 1.0]}
data modify storage ps:ani_data data[-1].frames[-1].part_15 set value {interpolation_duration:1,start_interpolation:0,transformation:[0.0, 0.0, 0.0, 0.03317381295458224, 0.0, 0.0, 0.0, -0.6945529333006732, 0.0, 0.0, 0.0, -4.281226722472866, 0.0, 0.0, 0.0, 1.0]}
data modify storage ps:ani_data data[-1].frames[-1].part_17 set value {interpolation_duration:1,start_interpolation:0,transformation:[0.0, 0.0, 0.0, 0.03317381295458224, 0.0, 0.0, 0.0, -0.6945529333006732, 0.0, 0.0, 0.0, -4.281226722472866, 0.0, 0.0, 0.0, 1.0]}
