#0
data modify storage ps:ani_data data append value {ani_tag:'boss',height:0.1,width:0.3}
data modify storage ps:ani_data data[-1].parts.part_1 set value {name:'coin',init_pos:[0.8030601217229444, -0.14826793806047225, 0.577157742252173, -0.05287855320034332, -0.021001856967572192, 0.9609072736264447, 0.276072696034408, -0.481032111397721, -0.595527801955747, -0.2338243572322801, 0.7685524100948924, -2.3085088568191003, 0.0, 0.0, 0.0, 1.0],item_model:'cointosser:boss_body'}
data modify storage ps:ani_data data[-1].parts.part_2 set value {name:'coin',init_pos:[0.7637603565709955, -0.2890658372912996, 0.577157742252173, -0.08266804283539639, 0.15064964888297244, 0.9492568407948032, 0.27607269603440804, 0.21410072622476078, -0.6276741200830116, -0.12390476954237654, 0.7685524100948924, -2.373194051154431, 0.0, 0.0, 0.0, 1.0],item_model:'cointosser:boss_tie'}
data modify storage ps:ani_data data[-1].parts.part_3 set value {name:'coin',init_pos:[0.9150836063301909, -0.07151153665197066, 0.3968728934449996, -0.16407950674569752, 0.07777115655857234, 0.9969711848704362, 0.0003220956075455361, 0.2396483438221125, -0.39569387237266407, 0.03057051951982881, 0.9178735221712269, -2.48387712474331, 0.0, 0.0, 0.0, 1.0],item_model:'cointosser:boss_head'}
data modify storage ps:ani_data data[-1].parts.part_4 set value {name:'coin',init_pos:[0.9205418564575765, -0.07879708709348296, 0.3826143091616162, -0.07380022546594399, 0.025456782704365064, 0.989463517124663, 0.14252684130939824, 0.3643502658328036, -0.3898135999730916, -0.12146179376607975, 0.9128485032748559, -2.2505874292605252, 0.0, 0.0, 0.0, 1.0],item_model:'cointosser:boss_hair'}
data modify storage ps:ani_data data[-1].parts.part_5 set value {name:'coin',init_pos:[0.9150836063301909, -0.07151153665197066, 0.3968728934449996, -0.08412020850473413, 0.07777115655857234, 0.9969711848704362, 0.0003220956075455361, 0.34296870633601356, -0.39569387237266407, 0.03057051951982881, 0.9178735221712269, -2.2495223495826715, 0.0, 0.0, 0.0, 1.0],item_model:'cointosser:boss_eye'}
data modify storage ps:ani_data data[-1].parts.part_6 set value {name:'coin',init_pos:[0.9161387734606447, -0.0564061540137189, 0.3968728934449996, -0.0764484185388427, 0.0613140659409923, 0.9981184707098668, 0.0003220956075455361, 0.4185613165012451, -0.3961443336459691, 0.0240388064840453, 0.9178735221712269, -2.246056810601753, 0.0, 0.0, 0.0, 1.0],item_model:'cointosser:boss_eyelid'}
data modify storage ps:ani_data data[-1].parts.part_7 set value {name:'coin',init_pos:[0.5883303408162627, -0.5555563568553162, 0.5875581200465779, 0.05521901594259763, 0.07294811046069911, 0.7601197246466431, 0.6456752878834106, 0.11428447037691385, -0.8053235270717192, -0.33700910753384694, 0.4877282831495484, -2.6035310305782122, 0.0, 0.0, 0.0, 1.0],item_model:'cointosser:boss_left_arm_upper'}
data modify storage ps:ani_data data[-1].parts.part_8 set value {name:'coin',init_pos:[0.5883303408162627, -0.7924751800134264, -0.16078090414507457, 0.24926407460795122, 0.07294811046069911, -0.14600746436289924, 0.9865902865579665, -0.06890657542905629, -0.8053235270717192, -0.5921696626922086, -0.028091054301360913, -2.594777834357724, 0.0, 0.0, 0.0, 1.0],item_model:'cointosser:boss_left_arm_lower'}
data modify storage ps:ani_data data[-1].parts.part_16 set value {name:'coin',init_pos:[-0.2073935370399776, -0.027070464599033256, 0.9778829739495621, 0.5306250797911146, 0.12367133694059396, 0.9908714034502494, 0.05365875738273512, 0.09935360723161807, -0.9704088422996637, 0.13206457424656193, -0.20215248456474855, -2.3303346692898517, 0.0, 0.0, 0.0, 1.0],item_model:'cointosser:boss_pipe'}
data modify storage ps:ani_data data[-1].parts.part_9 set value {name:'coin',init_pos:[0.9815345560452098, 0.18438156752868495, -0.05092497270296925, -0.3254494151377723, -0.19079186003508725, 0.9627754344734973, -0.19147305011076665, 0.09938398989758923, 0.013725211600730702, 0.19765348549932923, 0.9801758608721609, -2.3070239812094377, 0.0, 0.0, 0.0, 1.0],item_model:'cointosser:boss_right_arm_upper'}
data modify storage ps:ani_data data[-1].parts.part_10 set value {name:'coin',init_pos:[0.9815345560452098, 0.19038425180615517, -0.01854054889542578, -0.4635636716491819, -0.19079186003508722, 0.9813497445956505, -0.02347647602181613, -0.12342313184249562, 0.013725211600730536, 0.02658035827940919, 0.9995524514102565, -2.3577240911718387, 0.0, 0.0, 0.0, 1.0],item_model:'cointosser:boss_right_arm_lower'}
data modify storage ps:ani_data data[-1].parts.part_15 set value {name:'coin',init_pos:[0.0, 0.0, 0.0, -0.5349577660764903, 0.0, 0.0, 0.0, -0.4914292860658647, 0.0, 0.0, 0.0, -2.367691725526617, 0.0, 0.0, 0.0, 1.0],item_model:'cointosser:boss_sickle'}
data modify storage ps:ani_data data[-1].parts.part_17 set value {name:'coin',init_pos:[0.0, 0.0, 0.0, -0.5349577660764903, 0.0, 0.0, 0.0, -0.4914292860658647, 0.0, 0.0, 0.0, -2.367691725526617, 0.0, 0.0, 0.0, 1.0],item_model:'cointosser:boss_money_box'}
data modify storage ps:ani_data data[-1].parts.part_11 set value {name:'coin',init_pos:[0.9688206694689533, -0.213524740786117, -0.12567297037131997, 0.08550725494819578, 0.07591753515961827, -0.22699680174488263, 0.9709320160819102, -0.4287474829365197, -0.23584536939490086, -0.950199787976095, -0.20370892141771002, -2.333639422181291, 0.0, 0.0, 0.0, 1.0],item_model:'cointosser:boss_left_leg_upper'}
data modify storage ps:ani_data data[-1].parts.part_12 set value {name:'coin',init_pos:[0.9688206694689532, -0.10772496757386503, 0.2231184478498789, 0.16557903274298966, 0.07591753515961938, 0.9862863212673729, 0.14654630782165884, -0.3436236822821887, -0.23584536939490103, -0.12503848944257995, 0.9637127880716849, -1.9773145016902556, 0.0, 0.0, 0.0, 1.0],item_model:'cointosser:boss_left_leg_lower'}
data modify storage ps:ani_data data[-1].parts.part_13 set value {name:'coin',init_pos:[0.43877688335929843, -0.8546413431693541, -0.27760227155983963, -0.1186201501577127, 0.01080113510514634, -0.3038904437883796, 0.9526457545460127, -0.35183613172051226, -0.898531124730769, -0.42099735476578015, -0.12410900519412332, -2.1674510146027943, 0.0, 0.0, 0.0, 1.0],item_model:'cointosser:boss_right_leg_upper'}
data modify storage ps:ani_data data[-1].parts.part_14 set value {name:'coin',init_pos:[0.43877688335929843, -0.8020112603830031, 0.40528111829737073, 0.20187035353079502, 0.01080113510514634, 0.4556905558771609, 0.8900727233011942, -0.23787721529986983, -0.898531124730769, -0.3861658393789267, 0.2086091138632925, -2.009577006565627, 0.0, 0.0, 0.0, 1.0],item_model:'cointosser:boss_right_leg_lower'}
#1
data modify storage ps:ani_data data[-1].frames append value {}
data modify storage ps:ani_data data[-1].frames[-1].part_1 set value {interpolation_duration:1,start_interpolation:0,transformation:[0.7950227907957722, -0.14574971288789104, 0.5888087833145829, -0.05287855320034332, -0.024650994854423198, 0.9621380914612256, 0.27144542989712966, -0.481032111397721, -0.6060784524861359, -0.2303200255133011, 0.7613288351819884, -2.308493177081063, 0.0, 0.0, 0.0, 1.0]}
data modify storage ps:ani_data data[-1].frames[-1].part_2 set value {interpolation_duration:1,start_interpolation:0,transformation:[0.7565866375824865, -0.28439563379775723, 0.5888087833145829, -0.07948038289644554, 0.1463235128416518, 0.9512658977266248, 0.2714454298971297, 0.21436850521901277, -0.6373116109261672, -0.11921541552639314, 0.7613288351819884, -2.371672090223709, 0.0, 0.0, 0.0, 1.0]}
data modify storage ps:ani_data data[-1].frames[-1].part_3 set value {interpolation_duration:1,start_interpolation:0,transformation:[0.9087933885167576, -0.0613408064115013, 0.4127128329201996, -0.16219083786626157, 0.07313198318980307, 0.9972398903097494, -0.012818510433179331, 0.2405714571981983, -0.41078740246380024, 0.04183188549164246, 0.9107709939020115, -2.481233196216039, 0.0, 0.0, 0.0, 1.0]}
data modify storage ps:ani_data data[-1].frames[-1].part_4 set value {interpolation_duration:1,start_interpolation:0,transformation:[0.9138473828935771, -0.07133350085144989, 0.3997430330034989, -0.06668023043764937, 0.020710867142982398, 0.9913554071924581, 0.1295589310409027, 0.3620218158786223, -0.40552930937325105, -0.11011806521435, 0.9074249230392024, -2.248311462054081, 0.0, 0.0, 0.0, 1.0]}
data modify storage ps:ani_data data[-1].frames[-1].part_5 set value {interpolation_duration:1,start_interpolation:0,transformation:[0.9087933885167576, -0.0613408064115013, 0.4127128329201996, -0.07576253570376777, 0.07313198318980307, 0.9972398903097494, -0.012818510433179331, 0.3390317304108142, -0.41078740246380024, 0.04183188549164246, 0.9107709939020115, -2.247950575192732, 0.0, 0.0, 0.0, 1.0]}
data modify storage ps:ani_data data[-1].frames[-1].part_6 set value {interpolation_duration:1,start_interpolation:0,transformation:[0.9097228009620627, -0.045525190309572444, 0.4127128329201996, -0.06872589293668088, 0.05577626327970708, 0.9983610039684179, -0.012818510433179331, 0.41620641294028005, -0.4114528330979046, 0.03468087084330415, 0.9107709939020115, -2.2431907050041167, 0.0, 0.0, 0.0, 1.0]}
data modify storage ps:ani_data data[-1].frames[-1].part_7 set value {interpolation_duration:1,start_interpolation:0,transformation:[0.5679832870626313, -0.5658597059217821, 0.5976602536823434, 0.05478357394366784, 0.08466190361992584, 0.7624786781459859, 0.6414504091885831, 0.1141414470519392, -0.8186741401149661, -0.31373405710388624, 0.4809819058136766, -2.6039628061484104, 0.0, 0.0, 0.0, 1.0]}
data modify storage ps:ani_data data[-1].frames[-1].part_8 set value {interpolation_duration:1,start_interpolation:0,transformation:[0.5679832870626313, -0.8064979337905753, -0.16418303325575917, 0.24949693358623506, 0.08466190361992584, -0.14117421203702263, 0.9863580505735108, -0.06854116902018931, -0.8186741401149661, -0.5741349359229578, -0.011904942661017923, -2.6022799925082167, 0.0, 0.0, 0.0, 1.0]}
data modify storage ps:ani_data data[-1].frames[-1].part_16 set value {interpolation_duration:1,start_interpolation:0,transformation:[-0.23172642572197072, -0.02655663262017441, 0.9724184330245892, 0.5368547183373432, 0.13494408676568356, 0.9890850018770554, 0.0591688474523662, 0.09732761420464187, -0.9633758129977605, 0.1449331029328457, -0.2256134716836774, -2.342821436757501, 0.0, 0.0, 0.0, 1.0]}
data modify storage ps:ani_data data[-1].frames[-1].part_9 set value {interpolation_duration:1,start_interpolation:0,transformation:[0.980833870683602, 0.18942377594740215, -0.045645933287116136, -0.3220323358596903, -0.19472206924139557, 0.9612838042771115, -0.19497887933023228, 0.10094743997689279, 0.006945060847292683, 0.20013015949714458, 0.9797447041905738, -2.3024953993505064, 0.0, 0.0, 0.0, 1.0]}
data modify storage ps:ani_data data[-1].frames[-1].part_10 set value {interpolation_duration:1,start_interpolation:0,transformation:[0.980833870683602, 0.19444612982250664, -0.012474803279906188, -0.4613414552231286, -0.19472206924139554, 0.980481629291769, -0.027186216575816657, -0.12111831710100418, 0.006945060847292517, 0.029094281541343525, 0.9995525443474296, -2.353179038679226, 0.0, 0.0, 0.0, 1.0]}
data modify storage ps:ani_data data[-1].frames[-1].part_15 set value {interpolation_duration:1,start_interpolation:0,transformation:[0.0, 0.0, 0.0, -0.5342587539065685, 0.0, 0.0, 0.0, -0.48879892808541753, 0.0, 0.0, 0.0, -2.36408939425723, 0.0, 0.0, 0.0, 1.0]}
data modify storage ps:ani_data data[-1].frames[-1].part_17 set value {interpolation_duration:1,start_interpolation:0,transformation:[0.0, 0.0, 0.0, -0.5342587539065685, 0.0, 0.0, 0.0, -0.48879892808541753, 0.0, 0.0, 0.0, -2.36408939425723, 0.0, 0.0, 0.0, 1.0]}
data modify storage ps:ani_data data[-1].frames[-1].part_11 set value {interpolation_duration:1,start_interpolation:0,transformation:[0.9686702104807342, -0.2159213859636277, -0.1227028052277391, 0.08546595302614779, 0.07334279544005845, -0.2233215290053131, 0.9719816505674205, -0.4295068113917844, -0.23727380319843172, -0.9505290367822938, -0.20048863446459173, -2.335359524840297, 0.0, 0.0, 0.0, 1.0]}
data modify storage ps:ani_data data[-1].frames[-1].part_12 set value {interpolation_duration:1,start_interpolation:0,transformation:[0.9686702104807341, -0.10456812866190955, 0.22526324554919508, 0.16643647276250814, 0.07334279544005956, 0.987030783936765, 0.14279728960387475, -0.34576123801479214, -0.237273803198432, -0.12180204443818518, 0.9637766360969902, -1.9789111360469367, 0.0, 0.0, 0.0, 1.0]}
data modify storage ps:ani_data data[-1].frames[-1].part_13 set value {interpolation_duration:1,start_interpolation:0,transformation:[0.4291278342309146, -0.8600814369584937, -0.27587900189702275, -0.11600815655597047, 0.010919486046834445, -0.30046916904554816, 0.953729019836112, -0.35169394541932536, -0.9031777603067725, -0.4122841256372728, -0.11954803651566906, -2.1663764448237903, 0.0, 0.0, 0.0, 1.0]}
data modify storage ps:ani_data data[-1].frames[-1].part_14 set value {interpolation_duration:1,start_interpolation:0,transformation:[0.4291278342309146, -0.8023095491604462, 0.41490804910756623, 0.20652238230346473, 0.010919486046834445, 0.46392787023553383, 0.8858056762310764, -0.23901800702724474, -0.9031777603067725, -0.3755932887375431, 0.20784517012083498, -2.011769897709813, 0.0, 0.0, 0.0, 1.0]}
#2
data modify storage ps:ani_data data[-1].frames append value {}
data modify storage ps:ani_data data[-1].frames[-1].part_1 set value {interpolation_duration:1,start_interpolation:0,transformation:[0.7781503892939247, -0.13589079686686834, 0.613201160279888, -0.05287855320034332, -0.03260880687022172, 0.9662559806699885, 0.255511341302063, -0.481032111397721, -0.6272309282522778, -0.2188220079113759, 0.7474612307654622, -2.3084513467223644, 0.0, 0.0, 0.0, 1.0]}
data modify storage ps:ani_data data[-1].frames[-1].part_2 set value {interpolation_duration:1,start_interpolation:0,transformation:[0.7424783822428739, -0.26964826892343274, 0.613201160279888, -0.06965333101132931, 0.13657430105456808, 0.9571109730629342, 0.25551134130206304, 0.21520779297565398, -0.6557997500712096, -0.10596412746358662, 0.7474612307654622, -2.3654588233157527, 0.0, 0.0, 0.0, 1.0]}
data modify storage ps:ani_data data[-1].frames[-1].part_3 set value {interpolation_duration:1,start_interpolation:0,transformation:[0.893557754323315, -0.03664121555837424, 0.4474505123598349, -0.15479665085049457, 0.06183497110052344, 0.9972097044337787, -0.04182393730978756, 0.24365987410477047, -0.44466951327662596, 0.06504019300017766, 0.8933301725884042, -2.4725678526558967, 0.0, 0.0, 0.0, 1.0]}
data modify storage ps:ani_data data[-1].frames[-1].part_4 set value {interpolation_duration:1,start_interpolation:0,transformation:[0.8976018124269766, -0.05267483688507582, 0.4376486580431126, -0.047514174705332625, 0.009212362116303947, 0.994859416735498, 0.10084578978292741, 0.3578551028315458, -0.4407109242032069, -0.0864875857671779, 0.8934728752436305, -2.241105285383773, 0.0, 0.0, 0.0, 1.0]}
data modify storage ps:ani_data data[-1].frames[-1].part_5 set value {interpolation_duration:1,start_interpolation:0,transformation:[0.893557754323315, -0.03664121555837424, 0.4474505123598349, -0.052304174029102146, 0.06183497110052344, 0.9972097044337787, -0.04182393730978756, 0.33250114759404836, -0.44466951327662596, 0.06504019300017766, 0.8933301725884042, -2.24339124263166, 0.0, 0.0, 0.0, 1.0]}
data modify storage ps:ani_data data[-1].frames[-1].part_6 set value {interpolation_duration:1,start_interpolation:0,transformation:[0.8941189449345712, -0.01842149011373262, 0.4474505123598349, -0.04810824824540706, 0.041497422297405856, 0.9982628522641607, -0.04182393730978756, 0.4119474165852033, -0.4459027654677194, 0.0559636175690236, 0.8933301725884042, -2.2347770853265874, 0.0, 0.0, 0.0, 1.0]}
data modify storage ps:ani_data data[-1].frames[-1].part_7 set value {interpolation_duration:1,start_interpolation:0,transformation:[0.5303664137242348, -0.5774179632377711, 0.6207253522481887, 0.056727296081345156, 0.10524736713065892, 0.7713689709006883, 0.6276248102518552, 0.1147256748034664, -0.8412101157887715, -0.2675414107422571, 0.4698799151194747, -2.602022833730044, 0.0, 0.0, 0.0, 1.0]}
data modify storage ps:ani_data data[-1].frames[-1].part_8 set value {interpolation_duration:1,start_interpolation:0,transformation:[0.5303664137242348, -0.8321862259684958, -0.1617947851496016, 0.25080363817743484, 0.10524736713065892, -0.12473858376529133, 0.9865917481067301, -0.06824962725320646, -0.8412101157887715, -0.5402836024057562, 0.021428253920946133, -2.614000929399677, 0.0, 0.0, 0.0, 1.0]}
data modify storage ps:ani_data data[-1].frames[-1].part_16 set value {interpolation_duration:1,start_interpolation:0,transformation:[-0.27495694161098394, -0.017165277821105024, 0.9613032994311725, 0.5501360307234926, 0.16059728780299012, 0.9849737882971229, 0.06352281100469451, 0.09027976697292175, -0.9479489392421184, 0.1718487404810954, -0.2680686833347076, -2.3636526883498403, 0.0, 0.0, 0.0, 1.0]}
data modify storage ps:ani_data data[-1].frames[-1].part_9 set value {interpolation_duration:1,start_interpolation:0,transformation:[0.9790158896199114, 0.19754678842335538, -0.05003153261045984, -0.31212586788912966, -0.20369074525645392, 0.956041165108158, -0.21093925882942322, 0.10519029370273941, 0.006161831594895251, 0.21670384630239964, 0.9762179443285921, -2.290729838304005, 0.0, 0.0, 0.0, 1.0]}
data modify storage ps:ani_data data[-1].frames[-1].part_10 set value {interpolation_duration:1,start_interpolation:0,transformation:[0.9790158896199113, 0.20320105349386328, -0.015401939186918845, -0.45329530464683515, -0.2036907452564539, 0.9780546105226174, -0.0438093498276505, -0.11472399020650756, 0.006161831594895084, 0.046027282066565256, 0.9989211786407178, -2.345483471591627, 0.0, 0.0, 0.0, 1.0]}
data modify storage ps:ani_data data[-1].frames[-1].part_15 set value {interpolation_duration:1,start_interpolation:0,transformation:[0.0, 0.0, 0.0, -0.5294956997070339, 0.0, 0.0, 0.0, -0.4814944691524891, 0.0, 0.0, 0.0, -2.3627437023665885, 0.0, 0.0, 0.0, 1.0]}
data modify storage ps:ani_data data[-1].frames[-1].part_17 set value {interpolation_duration:1,start_interpolation:0,transformation:[0.0, 0.0, 0.0, -0.5294956997070339, 0.0, 0.0, 0.0, -0.4814944691524891, 0.0, 0.0, 0.0, -2.3627437023665885, 0.0, 0.0, 0.0, 1.0]}
data modify storage ps:ani_data data[-1].frames[-1].part_11 set value {interpolation_duration:1,start_interpolation:0,transformation:[0.9682443711821935, -0.22356421777295465, -0.11190119840987067, 0.08553706685437244, 0.06411919037044142, -0.2105607850717548, 0.9754757225150226, -0.4315498541787885, -0.24164347104823142, -0.9516738917935772, -0.18953953829802736, -2.338592380730199, 0.0, 0.0, 0.0, 1.0]}
data modify storage ps:ani_data data[-1].frames[-1].part_12 set value {interpolation_duration:1,start_interpolation:0,transformation:[0.9682443711821934, -0.09317571077445305, 0.23199380292515143, 0.1693736485192304, 0.06411919037044254, 0.9894657900652983, 0.12979283384183415, -0.35258955977688045, -0.24164347104823164, -0.11079592597262096, 0.9640190328451155, -1.9817146713076077, 0.0, 0.0, 0.0, 1.0]}
data modify storage ps:ani_data data[-1].frames[-1].part_13 set value {interpolation_duration:1,start_interpolation:0,transformation:[0.4122171625503779, -0.8700517389046551, -0.2703460421901919, -0.11007052253967067, 0.014807682427226743, -0.2902924379614098, 0.9568234074287456, -0.3518593590575702, -0.9109652811386664, -0.3984222284102716, -0.10678007524132742, -2.1636951645333515, 0.0, 0.0, 0.0, 1.0]}
data modify storage ps:ani_data data[-1].frames[-1].part_14 set value {interpolation_duration:1,start_interpolation:0,transformation:[0.4122171625503779, -0.7961932823366218, 0.4428919372273013, 0.21619887954957503, 0.014807682427226743, 0.4919051139649764, 0.8705228839015307, -0.24299969482204148, -0.9109652811386664, -0.35228626998101986, 0.21456150759819476, -2.0142868288795, 0.0, 0.0, 0.0, 1.0]}
#3
data modify storage ps:ani_data data[-1].frames append value {}
data modify storage ps:ani_data data[-1].frames[-1].part_1 set value {interpolation_duration:1,start_interpolation:0,transformation:[0.7495749605322695, -0.1169687240791529, 0.6515026447608188, -0.05287855320034332, -0.04557448864968349, 0.9728069065087964, 0.22708960485479246, -0.481032111397721, -0.6603486537635754, -0.19991258148521043, 0.7238609087639368, -2.308389089302982, 0.0, 0.0, 0.0, 1.0]}
data modify storage ps:ani_data data[-1].frames[-1].part_2 set value {interpolation_duration:1,start_interpolation:0,transformation:[0.7187144936184972, -0.2428863531208896, 0.6515026447608188, -0.05185672040965862, 0.12072485393735079, 0.9663621583074844, 0.2270896048547925, 0.21615883743392558, -0.6847444678889434, -0.08456002873068921, 0.7238609087639368, -2.3553463754785717, 0.0, 0.0, 0.0, 1.0]}
data modify storage ps:ani_data data[-1].frames[-1].part_3 set value {interpolation_duration:1,start_interpolation:0,transformation:[0.8654110834474475, 0.006288201270490068, 0.501023068501937, -0.14060509625970802, 0.04365780646288566, 0.9951721626930332, -0.0878997300093724, 0.24857306848387636, -0.4991569418340928, 0.09794296874024767, 0.8609584904588504, -2.45832352541689, 0.0, 0.0, 0.0, 1.0]}
data modify storage ps:ani_data data[-1].frames[-1].part_4 set value {interpolation_duration:1,start_interpolation:0,transformation:[0.8676507979606176, -0.01936396083091442, 0.49679686977601034, -0.014563303975412474, -0.009180366465855738, 0.9984468753821357, 0.05495050419425443, 0.35099465631816246, -0.49708934173833974, -0.05223862613611696, 0.8661254598899369, -2.2308410317096463, 0.0, 0.0, 0.0, 1.0]}
data modify storage ps:ani_data data[-1].frames[-1].part_5 set value {interpolation_duration:1,start_interpolation:0,transformation:[0.8654110834474475, 0.006288201270490068, 0.501023068501937, -0.012429168852140933, 0.04365780646288566, 0.9951721626930332, -0.0878997300093724, 0.32251750325637957, -0.4991569418340928, 0.09794296874024767, 0.8609584904588504, -2.238620018812795, 0.0, 0.0, 0.0, 1.0]}
data modify storage ps:ani_data data[-1].frames[-1].part_6 set value {interpolation_duration:1,start_interpolation:0,transformation:[0.8649564927041064, 0.028742834896968272, 0.501023068501937, -0.012655687607753272, 0.017819154051177483, 0.9959699369023043, -0.0878997300093724, 0.4048321924271436, -0.5015304013496205, 0.08495724941937419, 0.8609584904588504, -2.2228249134428735, 0.0, 0.0, 0.0, 1.0]}
data modify storage ps:ani_data data[-1].frames[-1].part_7 set value {interpolation_duration:1,start_interpolation:0,transformation:[0.47250318497958005, -0.5862841702368358, 0.6580361782712693, 0.061409734383253485, 0.13596571497628374, 0.7861937377353605, 0.6028372343316986, 0.11557858300785583, -0.8707778502782098, -0.19537215378709455, 0.4511935914764871, -2.5984216161721325, 0.0, 0.0, 0.0, 1.0]}
data modify storage ps:ani_data data[-1].frames[-1].part_8 set value {interpolation_duration:1,start_interpolation:0,transformation:[0.47250318497958005, -0.8685414170087564, -0.14958792439423146, 0.2522779505342981, 0.13596571497628374, -0.0958609094256627, 0.9860649118567566, -0.06822306564695765, -0.8707778502782098, -0.4862576405410063, 0.07279726973144546, -2.631214001188941, 0.0, 0.0, 0.0, 1.0]}
data modify storage ps:ani_data data[-1].frames[-1].part_16 set value {interpolation_duration:1,start_interpolation:0,transformation:[-0.33761930507590665, 0.004991798111099427, 0.9412695080537137, 0.5697203861636285, 0.20185544053851107, 0.9771058084905074, 0.06722068237615246, 0.07749626772790066, -0.9193843515989737, 0.21269537128421487, -0.3308974056549922, -2.395837987542047, 0.0, 0.0, 0.0, 1.0]}
data modify storage ps:ani_data data[-1].frames[-1].part_9 set value {interpolation_duration:1,start_interpolation:0,transformation:[0.9757779183681223, 0.20697565531592654, -0.07084159887888558, -0.29403032565565623, -0.21807931845281764, 0.9459024715977074, -0.24022890144298412, 0.11199852506007191, 0.017287709169484577, 0.24985914498351114, 0.9681278545624952, -2.2717773816145503, 0.0, 0.0, 0.0, 1.0]}
data modify storage ps:ani_data data[-1].frames[-1].part_10 set value {interpolation_duration:1,start_interpolation:0,transformation:[0.9757779183681222, 0.21605999159435468, -0.034286062145156226, -0.43725341933164935, -0.2180793184528176, 0.9730906681942151, -0.07440404785017182, -0.10403215673440358, 0.01728770916948441, 0.08007890799444942, 0.9966386023058145, -2.335862890595067, 0.0, 0.0, 0.0, 1.0]}
data modify storage ps:ani_data data[-1].frames[-1].part_15 set value {interpolation_duration:1,start_interpolation:0,transformation:[0.0, 0.0, 0.0, -0.5182759161795325, 0.0, 0.0, 0.0, -0.4689411573072341, 0.0, 0.0, 0.0, -2.365892481092986, 0.0, 0.0, 0.0, 1.0]}
data modify storage ps:ani_data data[-1].frames[-1].part_17 set value {interpolation_duration:1,start_interpolation:0,transformation:[0.0, 0.0, 0.0, -0.5182759161795325, 0.0, 0.0, 0.0, -0.4689411573072341, 0.0, 0.0, 0.0, -2.365892481092986, 0.0, 0.0, 0.0, 1.0]}
data modify storage ps:ani_data data[-1].frames[-1].part_11 set value {interpolation_duration:1,start_interpolation:0,transformation:[0.9662254750302705, -0.240906219267275, -0.09150150228753576, 0.08551099123412226, 0.04577619651613221, -0.1889740635579903, 0.9809145442569894, -0.43506872462594515, -0.25359982499016975, -0.9519732122390463, -0.17156378389458243, -2.343766492449096, 0.0, 0.0, 0.0, 1.0]}
data modify storage ps:ani_data data[-1].frames[-1].part_12 set value {interpolation_duration:1,start_interpolation:0,transformation:[0.9662254750302703, -0.0714215681270406, 0.24760309167860345, 0.17585082345935035, 0.04577619651613335, 0.9931146343935368, 0.10783256829876761, -0.3642034507916987, -0.2535998249901699, -0.09285624674552886, 0.962842067114482, -1.986776537859454, 0.0, 0.0, 0.0, 1.0]}
data modify storage ps:ani_data data[-1].frames[-1].part_13 set value {interpolation_duration:1,start_interpolation:0,transformation:[0.38624421370962186, -0.8851109360848719, -0.2596036174609234, -0.10010937975978818, 0.021343132553784616, -0.2727933863672299, 0.9618358690790705, -0.352405969689469, -0.9221495963609306, -0.37704429338906675, -0.08647382698893198, -2.1596092577472916, 0.0, 0.0, 0.0, 1.0]}
data modify storage ps:ani_data data[-1].frames[-1].part_14 set value {interpolation_duration:1,start_interpolation:0,transformation:[0.38624421370962186, -0.7787177309577191, 0.49438254709070906, 0.2318072212720388, 0.021343132553784616, 0.543377738085006, 0.8392169591031953, -0.2501084498017579, -0.9221495963609306, -0.31359102226575886, 0.2264967829477691, -2.0182176477263916, 0.0, 0.0, 0.0, 1.0]}
#4
data modify storage ps:ani_data data[-1].frames append value {}
data modify storage ps:ani_data data[-1].frames[-1].part_1 set value {interpolation_duration:1,start_interpolation:0,transformation:[0.7147719888349411, -0.0953245982582207, 0.6928305889204457, -0.05287855320034332, -0.060024897911452574, 0.9786496290174207, 0.1965754696160854, -0.481032111397721, -0.6967768764874896, -0.18209372474353322, 0.6937894924264592, -2.308310307192339, 0.0, 0.0, 0.0, 1.0]}
data modify storage ps:ani_data data[-1].frames[-1].part_2 set value {interpolation_duration:1,start_interpolation:0,transformation:[0.6893455275083293, -0.21163298126807067, 0.6928305889204457, -0.03181039088781434, 0.10181886161021902, 0.9751876763811232, 0.19657546961608544, 0.2163614422537664, -0.7172417048141179, -0.06496519894508056, 0.6937894924264592, -2.3467760564002114, 0.0, 0.0, 0.0, 1.0]}
data modify storage ps:ani_data data[-1].frames[-1].part_3 set value {interpolation_duration:1,start_interpolation:0,transformation:[0.8260287690749557, 0.057908406580571004, 0.5606452435433769, -0.12437200189400884, 0.025141075996105343, 0.9899323376818185, -0.13929067847335563, 0.2529551103653445, -0.5630669577930062, 0.12915333235774046, 0.8162567107121508, -2.4448806007499893, 0.0, 0.0, 0.0, 1.0]}
data modify storage ps:ani_data data[-1].frames[-1].part_4 set value {interpolation_duration:1,start_interpolation:0,transformation:[0.8260704251906086, 0.021080630310917767, 0.5631724954675088, 0.023027859814406745, -0.02778460499130158, 0.9996083612572838, 0.0033376383873117144, 0.341873982957233, -0.5628815757784973, -0.018404649690269392, 0.8263326209940487, -2.224672256527234, 0.0, 0.0, 0.0, 1.0]}
data modify storage ps:ani_data data[-1].frames[-1].part_5 set value {interpolation_duration:1,start_interpolation:0,transformation:[0.8260287690749557, 0.057908406580571004, 0.5606452435433769, 0.02981038729923572, 0.025141075996105343, 0.9899323376818185, -0.13929067847335563, 0.31097367840749557, -0.5630669577930062, 0.12915333235774046, 0.8162567107121508, -2.238432285709155, 0.0, 0.0, 0.0, 1.0]}
data modify storage ps:ani_data data[-1].frames[-1].part_6 set value {interpolation_duration:1,start_interpolation:0,transformation:[0.8235531777224278, 0.08623847375434432, 0.5606452435433769, 0.02792863047068515, -0.008866096448929474, 0.9902118456291008, -0.13929067847335563, 0.39526600825509906, -0.5671697768720132, 0.10974254608095588, 0.8162567107121508, -2.2150987760668417, 0.0, 0.0, 0.0, 1.0]}
data modify storage ps:ani_data data[-1].frames[-1].part_7 set value {interpolation_duration:1,start_interpolation:0,transformation:[0.4028247076945996, -0.5918851897732206, 0.6981433785390212, 0.06623657009700402, 0.17575620731843464, 0.7985938664993397, 0.5756366840105607, 0.1156176822603038, -0.8982438479944073, -0.10917764659834614, 0.42572083696178986, -2.59631310427892, 0.0, 0.0, 0.0, 1.0]}
data modify storage ps:ani_data data[-1].frames[-1].part_8 set value {interpolation_duration:1,start_interpolation:0,transformation:[0.4028247076945996, -0.905543149109288, -0.13313098802305295, 0.2519726838866778, 0.17575620731843464, -0.06621756891292722, 0.9822041484112666, -0.06755363992842789, -0.8982438479944073, -0.41905469651167937, 0.13248075660904324, -2.653229053378809, 0.0, 0.0, 0.0, 1.0]}
data modify storage ps:ani_data data[-1].frames[-1].part_16 set value {interpolation_duration:1,start_interpolation:0,transformation:[-0.40787012842183523, 0.0320273912568983, 0.9124780570240763, 0.588683509490744, 0.24912147894563497, 0.9653686694869289, 0.07747141860696749, 0.06434941086198506, -0.8783965204103983, 0.258916160527523, -0.401723754274739, -2.4372820761575302, 0.0, 0.0, 0.0, 1.0]}
data modify storage ps:ani_data data[-1].frames[-1].part_9 set value {interpolation_duration:1,start_interpolation:0,transformation:[0.9707581713081931, 0.22904365081934352, -0.07188587383985456, -0.27285069651293625, -0.23995282350110164, 0.9347272931165581, -0.2621212124129621, 0.11871930348587455, 0.007156488819388296, 0.27170552722081065, 0.9623538284567892, -2.252718700026094, 0.0, 0.0, 0.0, 1.0]}
data modify storage ps:ani_data data[-1].frames[-1].part_10 set value {interpolation_duration:1,start_interpolation:0,transformation:[0.970758171308193, 0.23798000060814606, -0.03152922690012566, -0.4211201877779152, -0.23995282350110164, 0.9658366380183012, -0.09788887145816794, -0.09246694259003647, 0.007156488819388074, 0.10259194886564604, 0.994697781587818, -2.3213160026581146, 0.0, 0.0, 0.0, 1.0]}
data modify storage ps:ani_data data[-1].frames[-1].part_15 set value {interpolation_duration:1,start_interpolation:0,transformation:[0.0, 0.0, 0.0, -0.51036268800597, 0.0, 0.0, 0.0, -0.45465568184689964, 0.0, 0.0, 0.0, -2.359787983482732, 0.0, 0.0, 0.0, 1.0]}
data modify storage ps:ani_data data[-1].frames[-1].part_17 set value {interpolation_duration:1,start_interpolation:0,transformation:[0.0, 0.0, 0.0, -0.51036268800597, 0.0, 0.0, 0.0, -0.45465568184689964, 0.0, 0.0, 0.0, -2.359787983482732, 0.0, 0.0, 0.0, 1.0]}
data modify storage ps:ani_data data[-1].frames[-1].part_11 set value {interpolation_duration:1,start_interpolation:0,transformation:[0.9590961608186982, -0.2747263921302512, -0.06826392729640723, 0.08503033028731462, 0.022066043955386958, -0.16785800610816484, 0.9855641934899777, -0.43895530741297223, -0.28221914181534985, -0.946757149036904, -0.1549298445765715, -2.3498619859465135, 0.0, 0.0, 0.0, 1.0]}
data modify storage ps:ani_data data[-1].frames[-1].part_12 set value {interpolation_duration:1,start_interpolation:0,transformation:[0.9590961608186981, -0.0454867508165506, 0.27940205762124726, 0.18805272733615874, 0.02206604395538811, 0.9960155960194197, 0.08640614671560745, -0.3760085551224104, -0.28221914181535, -0.07670650550137997, 0.9562784469006785, -1.9948280550576747, 0.0, 0.0, 0.0, 1.0]}
data modify storage ps:ani_data data[-1].frames[-1].part_13 set value {interpolation_duration:1,start_interpolation:0,transformation:[0.3594307175987098, -0.8989557449218414, -0.2503759731254049, -0.08868352778328827, 0.02679177984439017, -0.2582547696688882, 0.9657052730911431, -0.353038984091298, -0.9327870924167241, -0.35381215724630855, -0.06874007277758232, -2.155841829324238, 0.0, 0.0, 0.0, 1.0]}
data modify storage ps:ani_data data[-1].frames[-1].part_14 set value {interpolation_duration:1,start_interpolation:0,transformation:[0.3594307175987098, -0.7543387592768198, 0.5493474269523653, 0.24842487656240222, 0.026791779844390143, 0.5967875598305016, 0.8019518744689891, -0.25619344546546485, -0.9327870924167241, -0.27352814239902934, 0.23471385885049523, -2.0231622703568726, 0.0, 0.0, 0.0, 1.0]}
#5
data modify storage ps:ani_data data[-1].frames append value {}
data modify storage ps:ani_data data[-1].frames[-1].part_1 set value {interpolation_duration:1,start_interpolation:0,transformation:[0.6906374438392335, -0.08601146984835822, 0.7180682058284816, -0.05287855320034332, -0.06862231213928975, 0.9806286554320119, 0.18346230790618073, -0.481032111397721, -0.7199381219548439, -0.17598143993083287, 0.671356562011576, -2.308217799429349, 0.0, 0.0, 0.0, 1.0]}
data modify storage ps:ani_data data[-1].frames[-1].part_2 set value {interpolation_duration:1,start_interpolation:0,transformation:[0.6684525663531609, -0.19377620678024066, 0.7180682058284816, -0.02225291299252941, 0.08677524230376557, 0.979189276340821, 0.18346230790618073, 0.21608287770005974, -0.7386753169417508, -0.060325307997563575, 0.671356562011576, -2.3452854691303493, 0.0, 0.0, 0.0, 1.0]}
data modify storage ps:ani_data data[-1].frames[-1].part_3 set value {interpolation_duration:1,start_interpolation:0,transformation:[0.7926944283743158, 0.08838719493467023, 0.6031776247473852, -0.11738715558661199, 0.01652166935935135, 0.9859552313856923, -0.16619060185451623, 0.254439380176288, -0.6093952556969059, 0.14170386541928448, 0.7801009145356362, -2.440203879377474, 0.0, 0.0, 0.0, 1.0]}
data modify storage ps:ani_data data[-1].frames[-1].part_4 set value {interpolation_duration:1,start_interpolation:0,transformation:[0.7915076851513143, 0.04338354918711461, 0.6096174636658116, 0.044455649967068106, -0.03638667874834882, 0.9990530374227131, -0.023854517939279868, 0.3361361336358705, -0.6100750723936134, -0.0033009205352711735, 0.7923367402610757, -2.227465667566154, 0.0, 0.0, 0.0, 1.0]}
data modify storage ps:ani_data data[-1].frames[-1].part_5 set value {interpolation_duration:1,start_interpolation:0,transformation:[0.7926944283743158, 0.08838719493467023, 0.6031776247473852, 0.05160568515258184, 0.01652166935935135, 0.9859552313856923, -0.16619060185451623, 0.30456368313222626, -0.6093952556969059, 0.14170386541928448, 0.7801009145356362, -2.243726109715272, 0.0, 0.0, 0.0, 1.0]}
data modify storage ps:ani_data data[-1].frames[-1].part_6 set value {interpolation_duration:1,start_interpolation:0,transformation:[0.787979287942712, 0.12355320626110483, 0.6031776247473852, 0.05114661035875514, -0.027343018724909622, 0.985714483601739, -0.16619060185451623, 0.38922784257169424, -0.6150943026075806, 0.1144620550241782, 0.7801009145356362, -2.2173227420577244, 0.0, 0.0, 0.0, 1.0]}
data modify storage ps:ani_data data[-1].frames[-1].part_7 set value {interpolation_duration:1,start_interpolation:0,transformation:[0.3473629903180472, -0.6001642398449827, 0.7205149812242619, 0.06602363910424117, 0.21151041448791583, 0.79870495373043, 0.5633238335536865, 0.11470522021246396, -0.9135657050921158, -0.043281429017137885, 0.4043815282400769, -2.598190729874831, 0.0, 0.0, 0.0, 1.0]}
data modify storage ps:ani_data data[-1].frames[-1].part_8 set value {interpolation_duration:1,start_interpolation:0,transformation:[0.3473629903180472, -0.9289086575455331, -0.1283263764557387, 0.2486299794078038, 0.21151041448791583, -0.05570870091641991, 0.9757868031518744, -0.06514191686190145, -0.9135657050921158, -0.3660945869296083, 0.1771227142418078, -2.6730171574729322, 0.0, 0.0, 0.0, 1.0]}
data modify storage ps:ani_data data[-1].frames[-1].part_16 set value {interpolation_duration:1,start_interpolation:0,transformation:[-0.46091403268335307, 0.04420684922837678, 0.8863430537646633, 0.5972778946514865, 0.27942750618333945, 0.9551866151459849, 0.09766677548744926, 0.060529880995189134, -0.842305480965029, 0.2926846164854853, -0.45261152438820607, -2.4728749023707226, 0.0, 0.0, 0.0, 1.0]}
data modify storage ps:ani_data data[-1].frames[-1].part_9 set value {interpolation_duration:1,start_interpolation:0,transformation:[0.9673760153043416, 0.24748534360726226, -0.05417240730749928, -0.2615825006495894, -0.252860724533531, 0.9299819727797762, -0.2668238825386766, 0.12184338481151144, -0.015655638034650476, 0.2718170984397985, 0.9622215784285326, -2.2436908386663386, 0.0, 0.0, 0.0, 1.0]}
data modify storage ps:ani_data data[-1].frames[-1].part_10 set value {interpolation_duration:1,start_interpolation:0,transformation:[0.9673760153043417, 0.25310968506637577, -0.010914776199919207, -0.4141453379861869, -0.2528607245335309, 0.9619683745105281, -0.10333586226451176, -0.08694641545841407, -0.0156556380346507, 0.10272455289351462, 0.9945866313351268, -2.31017739721054, 0.0, 0.0, 0.0, 1.0]}
data modify storage ps:ani_data data[-1].frames[-1].part_15 set value {interpolation_duration:1,start_interpolation:0,transformation:[0.0, 0.0, 0.0, -0.5090614698860779, 0.0, 0.0, 0.0, -0.44768455589986217, 0.0, 0.0, 0.0, -2.348699104545608, 0.0, 0.0, 0.0, 1.0]}
data modify storage ps:ani_data data[-1].frames[-1].part_17 set value {interpolation_duration:1,start_interpolation:0,transformation:[0.0, 0.0, 0.0, -0.5090614698860779, 0.0, 0.0, 0.0, -0.44768455589986217, 0.0, 0.0, 0.0, -2.348699104545608, 0.0, 0.0, 0.0, 1.0]}
data modify storage ps:ani_data data[-1].frames[-1].part_11 set value {interpolation_duration:1,start_interpolation:0,transformation:[0.9510528207924225, -0.3035415264289417, -0.05797476861501454, 0.0842376319685618, 0.009013318234932094, -0.16027707165636415, 0.987030911570482, -0.44094289796319447, -0.3088968956742238, -0.9392410776975466, -0.14969604473191325, -2.3541293047041814, 0.0, 0.0, 0.0, 1.0]}
data modify storage ps:ani_data data[-1].frames[-1].part_12 set value {interpolation_duration:1,start_interpolation:0,transformation:[0.9510528207924225, -0.03286743409575414, 0.3072755503432346, 0.1980657043794149, 0.009013318234933232, 0.9968551962502612, 0.07873041218772364, -0.3808389960920579, -0.3088968956742239, -0.07210720827222689, 0.9483581909584654, -2.0019139005676014, 0.0, 0.0, 0.0, 1.0]}
data modify storage ps:ani_data data[-1].frames[-1].part_13 set value {interpolation_duration:1,start_interpolation:0,transformation:[0.34855047955303736, -0.9015515199049916, -0.2563540913665071, -0.08169810619414729, 0.027779436525268583, -0.2634490144956758, 0.9642732598530335, -0.3530316005084751, -0.9368782557566839, -0.34321927935105406, -0.06678068711878271, -2.154282175991145, 0.0, 0.0, 0.0, 1.0]}
