#0
data modify storage ps:ani_data data append value {ani_tag:'boss',height:0.1,width:0.3}
data modify storage ps:ani_data data[-1].parts.part_1 set value {name:'coin',init_pos:[0.9077774785329088, 0.05899594588406632, -0.4152824675298472, 0.0, 0.0, 0.9900593772427757, 0.14065002500407553, 0.75, 0.4194520824461768, -0.12767892505379025, 0.8987536050713089, -10.0, 0.0, 0.0, 0.0, 1.0],item_model:'cointosser:boss_body'}
data modify storage ps:ani_data data[-1].parts.part_2 set value {name:'coin',init_pos:[0.9090468711080297, 0.03426745235675707, -0.4152824675298472, -0.011350595645935302, 0.02694607457638863, 0.9896926187111211, 0.14065002500407553, 1.4482470749799177, 0.4158217108252345, -0.13904769749154694, 0.8987536050713089, -9.975435060340567, 0.0, 0.0, 0.0, 1.0],item_model:'cointosser:boss_tie'}
data modify storage ps:ani_data data[-1].parts.part_3 set value {name:'coin',init_pos:[0.9020050104779779, -0.09329318931588715, -0.42152501930477754, 0.04424695941304974, -0.0030918179310004683, 0.9749516745614358, -0.22239530780062242, 1.4925445329320817, 0.43171449099434295, 0.20190496055600538, 0.8791228498727429, -10.095759193790343, 0.0, 0.0, 0.0, 1.0],item_model:'cointosser:boss_head'}
data modify storage ps:ani_data data[-1].parts.part_4 set value {name:'coin',init_pos:[0.9020050104779779, -0.03221287346233866, -0.4305221154086307, -0.07279594407763053, -0.0030918179310004683, 0.9967049113781854, -0.08105405786563102, 1.558814665302106, 0.43171449099434295, 0.0744422623104838, 0.8989332276913521, -9.850740361252656, 0.0, 0.0, 0.0, 1.0],item_model:'cointosser:boss_hair'}
data modify storage ps:ani_data data[-1].parts.part_5 set value {name:'coin',init_pos:[0.9020050104779779, -0.09329318931588715, -0.42152501930477754, -0.053357161203490426, -0.0030918179310004683, 0.9749516745614358, -0.22239530780062242, 1.5751442635478785, 0.43171449099434295, 0.20190496055600538, 0.8791228498727429, -9.840843497173111, 0.0, 0.0, 0.0, 1.0],item_model:'cointosser:boss_eye'}
data modify storage ps:ani_data data[-1].parts.part_6 set value {name:'coin',init_pos:[0.9020050104779779, -0.09329318931588715, -0.42152501930477754, -0.07918600222238702, -0.0030918179310004683, 0.9749516745614358, -0.22239530780062242, 1.61113241904393, 0.43171449099434295, 0.20190496055600538, 0.8791228498727429, -9.837014573593093, 0.0, 0.0, 0.0, 1.0],item_model:'cointosser:boss_eyelid'}
data modify storage ps:ani_data data[-1].parts.part_7 set value {name:'coin',init_pos:[0.9529221403118946, 0.2989040009219538, 0.05094892281733182, 0.24311146115390478, -0.22435126006586822, 0.8080844146252533, -0.5446706261095955, 1.3296025490232892, -0.20397525979945436, 0.5075982437643084, 0.8371010191829505, -10.049452693251055, 0.0, 0.0, 0.0, 1.0],item_model:'cointosser:boss_left_arm_upper'}
data modify storage ps:ani_data data[-1].parts.part_8 set value {name:'coin',init_pos:[0.9529221403118946, 0.2989040009219538, 0.05094892281733182, 0.25772191157765645, -0.22435126006586822, 0.8080844146252533, -0.5446706261095955, 1.1065485147358007, -0.20397525979945436, 0.5075982437643084, 0.8371010191829505, -10.19547493479833, 0.0, 0.0, 0.0, 1.0],item_model:'cointosser:boss_left_arm_lower'}
data modify storage ps:ani_data data[-1].parts.part_16 set value {name:'coin',init_pos:[0.0, 0.0, 0.0, 0.10919925316964747, 0.0, 0.0, 0.0, 0.726129272070849, 0.0, 0.0, 0.0, -10.298566697841942, 0.0, 0.0, 0.0, 1.0],item_model:'cointosser:boss_pipe'}
data modify storage ps:ani_data data[-1].parts.part_9 set value {name:'coin',init_pos:[0.8767573558552959, -0.439692269528897, -0.19485185929356133, -0.19007190345568575, 0.35142064883410684, 0.8623104475650619, -0.36458773922494686, 1.3519865095267647, 0.328329204498542, 0.2511800154006491, 0.9105539705787263, -10.226390483301726, 0.0, 0.0, 0.0, 1.0],item_model:'cointosser:boss_right_arm_upper'}
data modify storage ps:ani_data data[-1].parts.part_10 set value {name:'coin',init_pos:[0.8767573558552959, -0.439692269528897, -0.19485185929356133, -0.16234483818489545, 0.35142064883410684, 0.8623104475650619, -0.36458773922494686, 1.1034632118073016, 0.328329204498542, 0.2511800154006491, 0.9105539705787263, -10.319966350073628, 0.0, 0.0, 0.0, 1.0],item_model:'cointosser:boss_right_arm_lower'}
data modify storage ps:ani_data data[-1].parts.part_15 set value {name:'coin',init_pos:[0.36038593927244134, -0.3215365686458861, 0.8756347467969446, -0.026982625591966247, -0.028008332269531783, 0.9345599679175547, 0.35470156426130706, 0.9578486942398984, -0.9323827047399578, -0.1523545253327516, 0.3277965687929516, -10.525576653475062, 0.0, 0.0, 0.0, 1.0],item_model:'cointosser:boss_sickle'}
data modify storage ps:ani_data data[-1].parts.part_17 set value {name:'coin',init_pos:[0.0, 0.0, 0.0, 0.002539762888440933, 0.0, 0.0, 0.0, 0.7800967939704035, 0.0, 0.0, 0.0, -10.414158855848871, 0.0, 0.0, 0.0, 1.0],item_model:'cointosser:boss_money_box'}
data modify storage ps:ani_data data[-1].parts.part_11 set value {name:'coin',init_pos:[0.9959229349122392, 0.05407900891229359, -0.07220088995889073, 0.1134721848166136, -0.0442181892987964, 0.9902897868972096, 0.13179867109426746, 0.75, 0.07862734543991418, -0.12806872671399191, 0.98864358683346, -9.947568489694229, 0.0, 0.0, 0.0, 1.0],item_model:'cointosser:boss_left_leg_upper'}
data modify storage ps:ani_data data[-1].parts.part_12 set value {name:'coin',init_pos:[0.9959229349122392, 0.03970984144027542, -0.08099775434282097, 0.09319255647450347, -0.0442181892987964, 0.9975261557205168, -0.05464723587321774, 0.3786413299135464, 0.07862734543991418, 0.05800600957000468, 0.9952150739427316, -9.899542717176482, 0.0, 0.0, 0.0, 1.0],item_model:'cointosser:boss_left_leg_lower'}
data modify storage ps:ani_data data[-1].parts.part_13 set value {name:'coin',init_pos:[0.9077774785329088, -0.05168746181423886, -0.41625527715530025, -0.1134721848166136, -8.089298029150395e-18, 0.9923786162361307, -0.1232261418582212, 0.75, 0.41945208244617677, 0.1118619163453946, 0.9008589579968119, -10.052431510305773, 0.0, 0.0, 0.0, 1.0],item_model:'cointosser:boss_right_leg_upper'}
data modify storage ps:ani_data data[-1].parts.part_14 set value {name:'coin',init_pos:[0.9077774785329088, -0.05168746181423886, -0.41625527715530025, -0.09408938663627403, -8.089298029150395e-18, 0.9923786162361307, -0.1232261418582212, 0.377858018911451, 0.41945208244617677, 0.1118619163453946, 0.9008589579968119, -10.094379728935294, 0.0, 0.0, 0.0, 1.0],item_model:'cointosser:boss_right_leg_lower'}
#1
data modify storage ps:ani_data data[-1].frames append value {}
data modify storage ps:ani_data data[-1].frames[-1].part_1 set value {interpolation_duration:1,start_interpolation:0,transformation:[0.9083938079274256, 0.05602553522148176, -0.41434506045355207, 0.0, -0.00040099408750966944, 0.9910982463063454, 0.13313190966942723, 0.75, 0.4181154492754997, -0.12077005246183034, 0.900329975900788, -10.0, 0.0, 0.0, 0.0, 1.0]}
data modify storage ps:ani_data data[-1].frames[-1].part_2 set value {interpolation_duration:1,start_interpolation:0,transformation:[0.909599673190872, 0.030766953193335906, -0.41434506045355207, -0.013275577091925297, 0.027133808301765105, 0.9907268296936419, 0.13313190966942723, 1.4480215330442912, 0.41459883137570674, -0.13233950096771765, 0.900329975900788, -9.97048816407991, 0.0, 0.0, 0.0, 1.0]}
data modify storage ps:ani_data data[-1].frames[-1].part_3 set value {interpolation_duration:1,start_interpolation:0,transformation:[0.9032984244761227, -0.0983967282103214, -0.4175763884805486, 0.042019151416111324, 0.00048443108139050524, 0.9735758817384904, -0.228363236585157, 1.493323684729759, 0.42901249593162355, 0.20607786483420568, 0.8794772265157828, -10.090577539346373, 0.0, 0.0, 0.0, 1.0]}
data modify storage ps:ani_data data[-1].frames[-1].part_4 set value {interpolation_duration:1,start_interpolation:0,transformation:[0.9032984244761227, -0.037202347439380126, -0.427396702939966, -0.074674536730316, 0.00048443108139050546, 0.9963208712853512, -0.08569998114192559, 1.557929860800781, 0.42901249593162355, 0.07720561369614687, 0.899993095278136, -9.844948499613151, 0.0, 0.0, 0.0, 1.0]}
data modify storage ps:ani_data data[-1].frames[-1].part_5 set value {interpolation_duration:1,start_interpolation:0,transformation:[0.9032984244761227, -0.0983967282103214, -0.4175763884805486, -0.05531469698131291, 0.00048443108139050524, 0.9735758817384904, -0.228363236585157, 1.574333749465887, 0.42901249593162355, 0.20607786483420568, 0.8794772265157828, -9.835050281888305, 0.0, 0.0, 0.0, 1.0]}
data modify storage ps:ani_data data[-1].frames[-1].part_6 set value {interpolation_duration:1,start_interpolation:0,transformation:[0.9032984244761227, -0.0983967282103214, -0.4175763884805486, -0.08133905080525784, 0.00048443108139050524, 0.9735758817384904, -0.228363236585157, 1.6102460933698208, 0.42901249593162355, 0.20607786483420568, 0.8794772265157828, -9.83097524356228, 0.0, 0.0, 0.0, 1.0]}
data modify storage ps:ani_data data[-1].frames[-1].part_7 set value {interpolation_duration:1,start_interpolation:0,transformation:[0.9545678461688031, 0.29243088538722795, 0.05730972284258225, 0.24140890715425292, -0.21667435674617536, 0.8131503847417221, -0.540220950096366, 1.330620267985621, -0.20457871392029695, 0.5032600014565346, 0.8395694853582317, -10.045713348153011, 0.0, 0.0, 0.0, 1.0]}
data modify storage ps:ani_data data[-1].frames[-1].part_8 set value {interpolation_duration:1,start_interpolation:0,transformation:[0.9545678461688031, 0.2923754004625157, 0.057592119817168726, 0.25779192138577134, -0.21667435674617536, 0.8136717397390751, -0.5394353743300656, 1.1070194508552367, -0.20457871392029695, 0.5024489279064792, 0.8400551319147732, -10.190707602947173, 0.0, 0.0, 0.0, 1.0]}
data modify storage ps:ani_data data[-1].frames[-1].part_16 set value {interpolation_duration:1,start_interpolation:0,transformation:[0.0, 0.0, 0.0, 0.11260276437254675, 0.0, 0.0, 0.0, 0.7246656519657811, 0.0, 0.0, 0.0, -10.291362324736012, 0.0, 0.0, 0.0, 1.0]}
data modify storage ps:ani_data data[-1].frames[-1].part_9 set value {interpolation_duration:1,start_interpolation:0,transformation:[0.8814290861697573, -0.4293741651787879, -0.19677548711911572, -0.19209706818231265, 0.33937042224400293, 0.8655053382039997, -0.3684131187217786, 1.3530310441232414, 0.3284973098213644, 0.2579502584170041, 0.9085984710655897, -10.221855838968613, 0.0, 0.0, 0.0, 1.0]}
data modify storage ps:ani_data data[-1].frames[-1].part_10 set value {interpolation_duration:1,start_interpolation:0,transformation:[0.8814290861697573, -0.42888473720139164, -0.19783995615051977, -0.16738750371603048, 0.33937042224400293, 0.8664165343286802, -0.3662650755229144, 1.1048387324868663, 0.3284973098213644, 0.2556956613585228, 0.9092355284537411, -10.317140026368618, 0.0, 0.0, 0.0, 1.0]}
data modify storage ps:ani_data data[-1].frames[-1].part_15 set value {interpolation_duration:1,start_interpolation:0,transformation:[0.3618770225430108, -0.31007326915414923, 0.8791470800221448, -0.03410412863259851, -0.026765789490185127, 0.9392176277968399, 0.34227743155026175, 0.9585214117303015, -0.9318415171413927, -0.14739340348786165, 0.33158192281831655, -10.523607691542272, 0.0, 0.0, 0.0, 1.0]}
data modify storage ps:ani_data data[-1].frames[-1].part_17 set value {interpolation_duration:1,start_interpolation:0,transformation:[0.0, 0.0, 0.0, -0.006555727265508626, 0.0, 0.0, 0.0, 0.7799325321136111, 0.0, 0.0, 0.0, -10.413025899378063, 0.0, 0.0, 0.0, 1.0]}
data modify storage ps:ani_data data[-1].frames[-1].part_11 set value {interpolation_duration:1,start_interpolation:0,transformation:[0.9960925932130186, 0.05235847244334323, -0.07112057444624144, 0.11354922599092822, -0.04316814966093623, 0.9912024609738047, 0.1251167143683208, 0.7499498757390614, 0.07704580845844063, -0.1215576888677661, 0.9895896481249754, -9.947735568840564, 0.0, 0.0, 0.0, 1.0]}
data modify storage ps:ani_data data[-1].frames[-1].part_12 set value {interpolation_duration:1,start_interpolation:0,transformation:[0.9960925932130186, 0.03822020110322404, -0.07961634237889109, 0.09391479882467448, -0.04316814966093623, 0.9971803829567476, -0.06138236474008789, 0.37824895287388444, 0.07704580845844063, 0.06457940905476983, 0.9949338889218328, -9.902151435515151, 0.0, 0.0, 0.0, 1.0]}
data modify storage ps:ani_data data[-1].frames[-1].part_13 set value {interpolation_duration:1,start_interpolation:0,transformation:[0.9083904261361192, -0.052232542086334766, -0.41484767716770354, -0.11354922599092822, -0.0003374746744288272, 0.9920747183256526, -0.12564887333327446, 0.7500501242609388, 0.41812285253868164, 0.11427823417552613, 0.9011735489785745, -10.052264431159436, 0.0, 0.0, 0.0, 1.0]}
data modify storage ps:ani_data data[-1].frames[-1].part_14 set value {interpolation_duration:1,start_interpolation:0,transformation:[0.9083904261361192, -0.052232542086334766, -0.41484767716770354, -0.09396202270855267, -0.0003374746744288272, 0.9920747183256526, -0.12564887333327446, 0.37802210488881904, 0.41812285253868164, 0.11427823417552613, 0.9011735489785745, -10.09511876897526, 0.0, 0.0, 0.0, 1.0]}
#2
data modify storage ps:ani_data data[-1].frames append value {}
data modify storage ps:ani_data data[-1].frames[-1].part_1 set value {interpolation_duration:1,start_interpolation:0,transformation:[0.9090375256632152, 0.053022065827902295, -0.4133272764667741, 0.0, -0.0015569610129862865, 0.9922973926562184, 0.12386872244467106, 0.75, 0.41671135430715533, -0.11195778250310479, 0.9021181198315905, -10.0, 0.0, 0.0, 0.0, 1.0]}
data modify storage ps:ani_data data[-1].frames[-1].part_2 set value {interpolation_duration:1,start_interpolation:0,transformation:[0.9102040179059634, 0.026252777308306115, -0.4133272764667741, -0.015213239301663939, 0.02763977574423718, 0.9919135962354451, 0.12386872244467106, 1.447688047756734, 0.4132368432081642, -0.12417008209253617, 0.9021181198315905, -9.964206210491936, 0.0, 0.0, 0.0, 1.0]}
data modify storage ps:ani_data data[-1].frames[-1].part_3 set value {interpolation_duration:1,start_interpolation:0,transformation:[0.9064341442123334, -0.1026716260668737, -0.4096775310007115, 0.039766549370926725, 0.0034562289494149754, 0.9717725552147427, -0.23589437342348607, 1.4942230444921638, 0.4223330400140439, 0.21240677515605258, 0.8812026811014037, -10.083968336877328, 0.0, 0.0, 0.0, 1.0]}
data modify storage ps:ani_data data[-1].frames[-1].part_4 set value {interpolation_duration:1,start_interpolation:0,transformation:[0.9064341442123334, -0.04077741412944147, -0.4203740533179598, -0.07548678663761038, 0.0034562289494149754, 0.9960110301010539, -0.08916323456720845, 1.5567210205381352, 0.4223330400140439, 0.07936769124747062, 0.9029593417748899, -9.837116819707472, 0.0, 0.0, 0.0, 1.0]}
data modify storage ps:ani_data data[-1].frames[-1].part_5 set value {interpolation_duration:1,start_interpolation:0,transformation:[0.9064341442123334, -0.1026716260668737, -0.4096775310007115, -0.056200868306032666, 0.0034562289494149754, 0.9717725552147427, -0.23589437342348607, 1.5731838289092792, 0.4223330400140439, 0.21240677515605258, 0.8812026811014037, -9.827289918976936, 0.0, 0.0, 0.0, 1.0]}
data modify storage ps:ani_data data[-1].frames[-1].part_6 set value {interpolation_duration:1,start_interpolation:0,transformation:[0.9064341442123334, -0.1026716260668737, -0.4096775310007115, -0.0823873622424095, 0.0034562289494149754, 0.9717725552147427, -0.23589437342348607, 1.6091795180238588, 0.4223330400140439, 0.21240677515605258, 0.8812026811014037, -9.822735731348734, 0.0, 0.0, 0.0, 1.0]}
data modify storage ps:ani_data data[-1].frames[-1].part_7 set value {interpolation_duration:1,start_interpolation:0,transformation:[0.955137163139696, 0.28746734008562325, 0.07124273979537, 0.23968704121774495, -0.2113787966016865, 0.8301749854579247, -0.515876436627181, 1.3316937992655242, -0.20744156752366932, 0.4776735516061481, 0.8536954809294072, -10.04086945579264, 0.0, 0.0, 0.0, 1.0]}
data modify storage ps:ani_data data[-1].frames[-1].part_8 set value {interpolation_duration:1,start_interpolation:0,transformation:[0.955137163139696, 0.2871939128697426, 0.07233709974847514, 0.2573643152406856, -0.2113787966016865, 0.8321337823716629, -0.5127108079444522, 1.1043332907196353, -0.20744156752366932, 0.47441861751663655, 0.855508603940911, -10.179735490649522, 0.0, 0.0, 0.0, 1.0]}
data modify storage ps:ani_data data[-1].frames[-1].part_16 set value {interpolation_duration:1,start_interpolation:0,transformation:[0.0, 0.0, 0.0, 0.11592032471595497, 0.0, 0.0, 0.0, 0.7173610929819668, 0.0, 0.0, 0.0, -10.267210101710768, 0.0, 0.0, 0.0, 1.0]}
data modify storage ps:ani_data data[-1].frames[-1].part_9 set value {interpolation_duration:1,start_interpolation:0,transformation:[0.889139444111962, -0.40822364288621776, -0.20684415948480853, -0.19415305165426439, 0.3158896512315125, 0.8745090229284921, -0.3680321956860399, 1.3544454670139283, 0.3311265274318935, 0.26189201248865873, 0.9065140906933192, -10.216143487074502, 0.0, 0.0, 0.0, 1.0]}
data modify storage ps:ani_data data[-1].frames[-1].part_10 set value {interpolation_duration:1,start_interpolation:0,transformation:[0.889139444111962, -0.40609595299041307, -0.21099081944264617, -0.1754539638182064, 0.3158896512315125, 0.8782117449649816, -0.35910703035501246, 1.1062035564788508, 0.3311265274318935, 0.25264640897976476, 0.9091342116874301, -10.312659602143405, 0.0, 0.0, 0.0, 1.0]}
data modify storage ps:ani_data data[-1].frames[-1].part_15 set value {interpolation_duration:1,start_interpolation:0,transformation:[0.3716530727946363, -0.2836594349585294, 0.8839747272639149, -0.045454541278081385, -0.0352611064825781, 0.9471774671505988, 0.31876558799814186, 0.9559450747588645, -0.9277018097707523, -0.14964013726665928, 0.34201927060749987, -10.518389162488313, 0.0, 0.0, 0.0, 1.0]}
data modify storage ps:ani_data data[-1].frames[-1].part_17 set value {interpolation_duration:1,start_interpolation:0,transformation:[0.0, 0.0, 0.0, -0.02316798144680145, 0.0, 0.0, 0.0, 0.7768741521169826, 0.0, 0.0, 0.0, -10.40740200551082, 0.0, 0.0, 0.0, 1.0]}
data modify storage ps:ani_data data[-1].frames[-1].part_11 set value {interpolation_duration:1,start_interpolation:0,transformation:[0.9962540911362555, 0.0507975996267877, -0.06998135299085188, 0.1136296907079019, -0.0423318247729367, 0.992164302372551, 0.11755004767750127, 0.7498053798733767, 0.07540426052728726, -0.11414727753979076, 0.9905981004042896, -9.947911080711604, 0.0, 0.0, 0.0, 1.0]}
data modify storage ps:ani_data data[-1].frames[-1].part_12 set value {interpolation_duration:1,start_interpolation:0,transformation:[0.9962540911362555, 0.03689839339856928, -0.0782067417738269, 0.0945805908478565, -0.0423318247729367, 0.9967184056722629, -0.06899591586127443, 0.37774376648367, 0.07540426052728726, 0.07204809753731942, 0.9945467656855488, -9.905105851634184, 0.0, 0.0, 0.0, 1.0]}
data modify storage ps:ani_data data[-1].frames[-1].part_13 set value {interpolation_duration:1,start_interpolation:0,transformation:[0.9090242878658115, -0.05252442199487535, -0.413419918683363, -0.1136296907079019, -0.0013124936275498936, 0.9916599891031261, -0.12887491366618115, 0.7501946201266233, 0.41674107240651453, 0.11769303762794237, 0.9013740774303286, -10.052088919288396, 0.0, 0.0, 0.0, 1.0]}
data modify storage ps:ani_data data[-1].frames[-1].part_14 set value {interpolation_duration:1,start_interpolation:0,transformation:[0.9090242878658115, -0.05252442199487535, -0.413419918683363, -0.09393303245982365, -0.0013124936275498936, 0.9916599891031261, -0.12887491366618115, 0.37832212421295097, 0.41674107240651453, 0.11769303762794237, 0.9013740774303286, -10.096223808398873, 0.0, 0.0, 0.0, 1.0]}
#3
data modify storage ps:ani_data data[-1].frames append value {}
data modify storage ps:ani_data data[-1].frames[-1].part_1 set value {interpolation_duration:1,start_interpolation:0,transformation:[0.9097094154045244, 0.05001884194669393, -0.41222190016381977, 0.0, -0.003395851576540786, 0.9935815987876766, 0.11306668272570246, 0.75, 0.41523155915275595, -0.10145798145457167, 0.9040403919531114, -10.0, 0.0, 0.0, 0.0, 1.0]}
data modify storage ps:ani_data data[-1].frames[-1].part_2 set value {interpolation_duration:1,start_interpolation:0,transformation:[0.9108453339030844, 0.02082985195119857, -0.41222190016381977, -0.01713978368212539, 0.028457932535775714, 0.9931797779522067, 0.11306668272570246, 1.4472206845072406, 0.41176561753352875, -0.11471724340523778, 0.9040403919531114, -9.95674731325588, 0.0, 0.0, 0.0, 1.0]}
data modify storage ps:ani_data data[-1].frames[-1].part_3 set value {interpolation_duration:1,start_interpolation:0,transformation:[0.9110617312036287, -0.10624168736323082, -0.3983456109993689, 0.037514131460020445, 0.006013848298967138, 0.9695471301072085, -0.24483095418985104, 1.4951861990907573, 0.41222609762712004, 0.22066052290133245, 0.8839562082298119, -10.07609348609093, 0.0, 0.0, 0.0, 1.0]}
data modify storage ps:ani_data data[-1].frames[-1].part_4 set value {interpolation_duration:1,start_interpolation:0,transformation:[0.9110617312036287, -0.043164471810716275, -0.4100040857229949, -0.07535248221022564, 0.006013848298967138, 0.9957895232685601, -0.09147162935692668, 1.5551718518066957, 0.41222609762712004, 0.08087059862444347, 0.9074853115688652, -9.827521868670809, 0.0, 0.0, 0.0, 1.0]}
data modify storage ps:ani_data data[-1].frames[-1].part_5 set value {interpolation_duration:1,start_interpolation:0,transformation:[0.9110617312036287, -0.10624168736323082, -0.3983456109993689, -0.05616624251709796, 0.006013848298967138, 0.9695471301072085, -0.24483095418985104, 1.571681509714372, 0.41222609762712004, 0.22066052290133245, 0.8839562082298119, -9.817838323725336, 0.0, 0.0, 0.0, 1.0]}
data modify storage ps:ani_data data[-1].frames[-1].part_6 set value {interpolation_duration:1,start_interpolation:0,transformation:[0.9110617312036287, -0.10624168736323082, -0.3983456109993689, -0.08245884521888205, 0.006013848298967138, 0.9695471301072085, -0.24483095418985104, 1.6078983045248856, 0.41222609762712004, 0.22066052290133245, 0.8839562082298119, -9.812585292523202, 0.0, 0.0, 0.0, 1.0]}
data modify storage ps:ani_data data[-1].frames[-1].part_7 set value {interpolation_duration:1,start_interpolation:0,transformation:[0.9548170253835767, 0.28220241170417903, 0.09320003683477299, 0.23796535837584487, -0.20775246073778456, 0.8580389262725395, -0.4696893825268599, 1.3327796580922329, -0.21251673603519636, 0.42910488208526887, 0.8778984207045448, -10.035046035088437, 0.0, 0.0, 0.0, 1.0]}
data modify storage ps:ani_data data[-1].frames[-1].part_8 set value {interpolation_duration:1,start_interpolation:0,transformation:[0.9548170253835767, 0.2814050398365257, 0.09558060259415269, 0.25692885157951045, -0.20775246073778456, 0.8619759893912879, -0.4624243816780271, 1.0987931333299306, -0.21251673603519636, 0.421673567190918, 0.8814919396327078, -10.162245699613054, 0.0, 0.0, 0.0, 1.0]}
data modify storage ps:ani_data data[-1].frames[-1].part_16 set value {interpolation_duration:1,start_interpolation:0,transformation:[0.0, 0.0, 0.0, 0.12046996604196437, 0.0, 0.0, 0.0, 0.705332557478827, 0.0, 0.0, 0.0, -10.225280925214033, 0.0, 0.0, 0.0, 1.0]}
data modify storage ps:ani_data data[-1].frames[-1].part_9 set value {interpolation_duration:1,start_interpolation:0,transformation:[0.8987357935713568, -0.376660254135779, -0.22450172896446455, -0.1962199125343464, 0.28128432363785133, 0.8879945806131734, -0.3637921852888416, 1.3561561230702512, 0.33638237562223744, 0.2638042413533275, 0.9040211389202883, -10.209380604294024, 0.0, 0.0, 0.0, 1.0]}
data modify storage ps:ani_data data[-1].frames[-1].part_10 set value {interpolation_duration:1,start_interpolation:0,transformation:[0.8987357935713568, -0.37128270159305854, -0.23328765259100917, -0.18631132964771635, 0.28128432363785133, 0.896295147727654, -0.34283252097118727, 1.1077870725759094, 0.33638237562223744, 0.2424956982249847, 0.909968534463207, -10.306867512346939, 0.0, 0.0, 0.0, 1.0]}
data modify storage ps:ani_data data[-1].frames[-1].part_15 set value {interpolation_duration:1,start_interpolation:0,transformation:[0.38829052285178745, -0.24265460068068703, 0.8890158686052695, -0.0609744064839047, -0.054027603957134816, 0.9570562460697558, 0.2848233836424215, 0.9506355963085544, -0.9199518943260764, -0.1586256178155448, 0.3585058235210416, -10.510328030354955, 0.0, 0.0, 0.0, 1.0]}
data modify storage ps:ani_data data[-1].frames[-1].part_17 set value {interpolation_duration:1,start_interpolation:0,transformation:[0.0, 0.0, 0.0, -0.047080316550319426, 0.0, 0.0, 0.0, 0.7716763921780391, 0.0, 0.0, 0.0, -10.397803399181308, 0.0, 0.0, 0.0, 1.0]}
data modify storage ps:ani_data data[-1].frames[-1].part_11 set value {interpolation_duration:1,start_interpolation:0,transformation:[0.9964079839280638, 0.049407550839960616, -0.06877516618960758, 0.11371367692556554, -0.04169808805459266, 0.9931295516572275, 0.109338753777908, 0.7495755185529325, 0.07370480999909611, -0.10607821428130876, 0.9916224147516461, -9.948096055105905, 0.0, 0.0, 0.0, 1.0]}
data modify storage ps:ani_data data[-1].frames[-1].part_12 set value {interpolation_duration:1,start_interpolation:0,transformation:[0.9964079839280638, 0.03575688272051886, -0.07676310899463676, 0.0951858453605803, -0.04169808805459266, 0.9961399065979077, -0.0772434847459844, 0.377151936681472, 0.07370480999909611, 0.08016689978552713, 0.9940527496877488, -9.908316724750415, 0.0, 0.0, 0.0, 1.0]}
data modify storage ps:ani_data data[-1].frames[-1].part_13 set value {interpolation_duration:1,start_interpolation:0,transformation:[0.9096804026305747, -0.052576881720699936, -0.4119675188390501, -0.11371367692556554, -0.002866837851381236, 0.9911356385646317, -0.13282291672679647, 0.7504244814470675, 0.41529910463497205, 0.12200744844314691, 0.9014659373563615, -10.051903944894095, 0.0, 0.0, 0.0, 1.0]}
data modify storage ps:ani_data data[-1].frames[-1].part_14 set value {interpolation_duration:1,start_interpolation:0,transformation:[0.9096804026305747, -0.052576881720699936, -0.4119675188390501, -0.09399734628030308, -0.002866837851381236, 0.9911356385646317, -0.13282291672679647, 0.37874861698533074, 0.41529910463497205, 0.12200744844314691, 0.9014659373563615, -10.097656738060275, 0.0, 0.0, 0.0, 1.0]}
#4
data modify storage ps:ani_data data[-1].frames append value {}
data modify storage ps:ani_data data[-1].frames[-1].part_1 set value {interpolation_duration:1,start_interpolation:0,transformation:[0.9104131538004058, 0.04704974645744825, -0.41101607115231936, 0.0, -0.005841682129541502, 0.9948747967405821, 0.10094559703267282, 0.75, 0.4136589949911593, -0.08950117411897568, 0.9060219510002111, -10.0, 0.0, 0.0, 0.0, 1.0]}
data modify storage ps:ani_data data[-1].frames[-1].part_2 set value {interpolation_duration:1,start_interpolation:0,transformation:[0.9115111334694448, 0.014602835880735316, -0.41101607115231936, -0.019030308204544245, 0.02958652231616621, 0.9944519214808487, 0.10094559703267282, 1.4465946223882344, 0.41020981370328413, -0.10417357173145247, 0.9060219510002111, -9.948279313331769, 0.0, 0.0, 0.0, 1.0]}
data modify storage ps:ani_data data[-1].frames[-1].part_3 set value {interpolation_duration:1,start_interpolation:0,transformation:[0.9168614040232308, -0.10919766733338414, -0.3839805141690101, 0.035287309843086194, 0.008361223654134307, 0.9669032119772236, -0.25500640895305693, 1.4961560975554367, 0.3991180974994184, 0.2305949871898254, 0.8874292626070932, -10.067125880589233, 0.0, 0.0, 0.0, 1.0]}
data modify storage ps:ani_data data[-1].frames[-1].part_4 set value {interpolation_duration:1,start_interpolation:0,transformation:[0.9168614040232308, -0.044612716451901166, -0.39670501804657327, -0.07435752711583934, 0.008361223654134307, 0.9956639900628185, -0.09264614849627231, 1.5532673968143251, 0.3991180974994184, 0.08162673840703223, 0.9132589007644408, -9.81644419153873, 0.0, 0.0, 0.0, 1.0]}
data modify storage ps:ani_data data[-1].frames[-1].part_5 set value {interpolation_duration:1,start_interpolation:0,transformation:[0.9168614040232308, -0.10919766733338414, -0.3839805141690101, -0.055335836045150744, 0.008361223654134307, 0.9669032119772236, -0.25500640895305693, 1.5698151091210109, 0.3991180974994184, 0.2305949871898254, 0.8874292626070932, -9.806980077875485, 0.0, 0.0, 0.0, 1.0]}
data modify storage ps:ani_data data[-1].frames[-1].part_6 set value {interpolation_duration:1,start_interpolation:0,transformation:[0.9168614040232308, -0.10919766733338414, -0.3839805141690101, -0.08164443394641578, 0.008361223654134307, 0.9669032119772236, -0.25500640895305693, 1.60636825241662, 0.3991180974994184, 0.2305949871898254, 0.8874292626070932, -9.800816998643121, 0.0, 0.0, 0.0, 1.0]}
data modify storage ps:ani_data data[-1].frames[-1].part_7 set value {interpolation_duration:1,start_interpolation:0,transformation:[0.9538996853510815, 0.27365388151059317, 0.12324343155435824, 0.2362639154768816, -0.2046108850815759, 0.8933795220373726, -0.4000092690306188, 1.3338337727787164, -0.21956724708672218, 0.3563517682549956, 0.9081870078724406, -10.028378764155029, 0.0, 0.0, 0.0, 1.0]}
data modify storage ps:ani_data data[-1].frames[-1].part_8 set value {interpolation_duration:1,start_interpolation:0,transformation:[0.9538996853510815, 0.2717997821425308, 0.12728027621898186, 0.2572785406008972, -0.2046108850815759, 0.8992021888254127, -0.3867425620716198, 1.0913066217929757, -0.21956724708672218, 0.34287067830139595, 0.913361878976728, -10.138051135633157, 0.0, 0.0, 0.0, 1.0]}
data modify storage ps:ani_data data[-1].frames[-1].part_16 set value {interpolation_duration:1,start_interpolation:0,transformation:[0.0, 0.0, 0.0, 0.12832649029768692, 0.0, 0.0, 0.0, 0.6912688470314351, 0.0, 0.0, 0.0, -10.165379497168944, 0.0, 0.0, 0.0, 1.0]}
data modify storage ps:ani_data data[-1].frames[-1].part_9 set value {interpolation_duration:1,start_interpolation:0,transformation:[0.9086651697673831, -0.3350752115650901, -0.24910281380631355, -0.19827835330646526, 0.23582401078083395, 0.9042168815209133, -0.35606020152754475, 1.358087241098819, 0.3445499168347801, 0.26479507881983894, 0.9006491664582505, -10.201701112758402, 0.0, 0.0, 0.0, 1.0]}
data modify storage ps:ani_data data[-1].frames[-1].part_10 set value {interpolation_duration:1,start_interpolation:0,transformation:[0.9086651697673831, -0.3241271835706755, -0.2631903837949906, -0.19969691008088497, 0.23582401078083395, 0.9186028539474728, -0.3171053967670673, 1.1099245197078875, 0.3445499168347801, 0.22607601728201895, 0.9111393906637154, -10.300201437166622, 0.0, 0.0, 0.0, 1.0]}
data modify storage ps:ani_data data[-1].frames[-1].part_15 set value {interpolation_duration:1,start_interpolation:0,transformation:[0.409720612380595, -0.1873848852889971, 0.8927574836178632, -0.08072345523201407, -0.0835275799947982, 0.9668562727728985, 0.24127182011148915, 0.9433628411598148, -0.9083788654359385, -0.17342391001510593, 0.3804891381687389, -10.499962888577656, 0.0, 0.0, 0.0, 1.0]}
data modify storage ps:ani_data data[-1].frames[-1].part_17 set value {interpolation_duration:1,start_interpolation:0,transformation:[0.0, 0.0, 0.0, -0.07814921624188158, 0.0, 0.0, 0.0, 0.7654484494775852, 0.0, 0.0, 0.0, -10.384979943647378, 0.0, 0.0, 0.0, 1.0]}
data modify storage ps:ani_data data[-1].frames[-1].part_11 set value {interpolation_duration:1,start_interpolation:0,transformation:[0.9965551460191496, 0.048200918779047565, -0.06748712745114427, 0.11380164422505072, -0.04125713661154502, 0.9940558772040624, 0.10075098845509309, 0.7492697897338073, 0.07194226588986233, -0.09761959037466633, 0.9926201317491576, -9.948292625626106, 0.0, 0.0, 0.0, 1.0]}
data modify storage ps:ani_data data[-1].frames[-1].part_12 set value {interpolation_duration:1,start_interpolation:0,transformation:[0.9965551460191496, 0.0348108103354036, -0.07527315873898141, 0.0957262996829079, -0.04125713661154502, 0.9954531567499699, -0.08585372091607975, 0.37649883578228394, 0.07194226588986233, 0.0886635223770879, 0.9934601603377562, -9.911685279235606, 0.0, 0.0, 0.0, 1.0]}
data modify storage ps:ani_data data[-1].frames[-1].part_13 set value {interpolation_duration:1,start_interpolation:0,transformation:[0.9103631234729277, -0.052400074101016755, -0.410479251186735, -0.11380164422505072, -0.004937803708317798, 0.9905040684125498, -0.13739471806705322, 0.7507302102661928, 0.4137808617071998, 0.12710595065690228, 0.9014596362524794, -10.051707374373894, 0.0, 0.0, 0.0, 1.0]}
data modify storage ps:ani_data data[-1].frames[-1].part_14 set value {interpolation_duration:1,start_interpolation:0,transformation:[0.9103631234729277, -0.052400074101016755, -0.410479251186735, -0.09415161643716946, -0.004937803708317798, 0.9905040684125498, -0.13739471806705322, 0.37929118461148664, 0.4137808617071998, 0.12710595065690228, 0.9014596362524794, -10.099372105870234, 0.0, 0.0, 0.0, 1.0]}
#5
data modify storage ps:ani_data data[-1].frames append value {}
data modify storage ps:ani_data data[-1].frames[-1].part_1 set value {interpolation_duration:1,start_interpolation:0,transformation:[0.9111535404298695, 0.04415038973684647, -0.4096949704941454, 0.0, -0.008811443672095371, 0.9961037595132206, 0.0877476993660881, 0.75, 0.41197279548840066, -0.07634162278673706, 0.9079924957882416, -10.0, 0.0, 0.0, 0.0, 1.0]}
data modify storage ps:ani_data data[-1].frames[-1].part_2 set value {interpolation_duration:1,start_interpolation:0,transformation:[0.9121902650977144, 0.007677982336703218, -0.4096949704941454, -0.020858478367686225, 0.03102986019953027, 0.9956593237809588, 0.0877476993660881, 1.4457897970861004, 0.4085903425644798, -0.09275537480535045, 0.9079924957882416, -9.938985803692352, 0.0, 0.0, 0.0, 1.0]}
data modify storage ps:ani_data data[-1].frames[-1].part_3 set value {interpolation_duration:1,start_interpolation:0,transformation:[0.923538584606161, -0.11160431169492653, -0.3669072912259315, 0.03311279230263486, 0.010706548026879694, 0.9638499410803378, -0.26623046577876364, 1.4970778196349153, 0.38335603891551895, 0.24194579700943564, 0.8913475072812354, -10.057256217090053, 0.0, 0.0, 0.0, 1.0]}
data modify storage ps:ani_data data[-1].frames[-1].part_4 set value {interpolation_duration:1,start_interpolation:0,transformation:[0.923538584606161, -0.045383390457059365, -0.3808107543311649, -0.07256456946571384, 0.010706548026879696, 0.9956374160915885, -0.092690374407557, 1.5510014458252668, 0.38335603891551895, 0.08152596855657142, 0.9199954694877122, -9.804176115643564, 0.0, 0.0, 0.0, 1.0]}
data modify storage ps:ani_data data[-1].frames[-1].part_5 set value {interpolation_duration:1,start_interpolation:0,transformation:[0.923538584606161, -0.11160431169492653, -0.3669072912259315, -0.05381555213135389, 0.010706548026879694, 0.9638499410803378, -0.26623046577876364, 1.5675813996886874, 0.38335603891551895, 0.24194579700943564, 0.8913475072812354, -9.795012192553836, 0.0, 0.0, 0.0, 1.0]}
data modify storage ps:ani_data data[-1].frames[-1].part_6 set value {interpolation_duration:1,start_interpolation:0,transformation:[0.923538584606161, -0.11160431169492653, -0.3669072912259315, -0.08000944312296725, 0.010706548026879694, 0.9638499410803378, -0.26623046577876364, 1.6045634751366757, 0.38335603891551895, 0.24194579700943564, 0.8913475072812354, -9.787736662495572, 0.0, 0.0, 0.0, 1.0]}
data modify storage ps:ani_data data[-1].frames[-1].part_7 set value {interpolation_duration:1,start_interpolation:0,transformation:[0.9527528537998381, 0.2579810648530377, 0.16033642678305166, 0.2346038957688196, -0.2003763050779209, 0.9305280997942149, -0.30654003304085364, 1.3348137325157245, -0.22827907468619205, 0.2599292705153855, 0.938256595175198, -10.02101848233301, 0.0, 0.0, 0.0, 1.0]}
data modify storage ps:ani_data data[-1].frames[-1].part_8 set value {interpolation_duration:1,start_interpolation:0,transformation:[0.9527528537998381, 0.2542601584816957, 0.16617391908818616, 0.25942920959929494, -0.2003763050779209, 0.9372721815533281, -0.2852546126701283, 1.0833964289661158, -0.22827907468619205, 0.238479830373824, 0.9439364568472223, -10.107401963213688, 0.0, 0.0, 0.0, 1.0]}
data modify storage ps:ani_data data[-1].frames[-1].part_16 set value {interpolation_duration:1,start_interpolation:0,transformation:[0.0, 0.0, 0.0, 0.14201395927111815, 0.0, 0.0, 0.0, 0.6793268377949531, 0.0, 0.0, 0.0, -10.088770904764461, 0.0, 0.0, 0.0, 1.0]}
data modify storage ps:ani_data data[-1].frames[-1].part_9 set value {interpolation_duration:1,start_interpolation:0,transformation:[0.9170651018963067, -0.28401495113940584, -0.27986980261042327, -0.2003083947666493, 0.17992418882918088, 0.9211222187911877, -0.3451972542233791, 1.3601620199827427, 0.355835474844875, 0.2662130079062251, 0.8958302011338098, -10.193252667308014, 0.0, 0.0, 0.0, 1.0]}
data modify storage ps:ani_data data[-1].frames[-1].part_10 set value {interpolation_duration:1,start_interpolation:0,transformation:[0.9170651018963067, -0.264300613891969, -0.2985578409290983, -0.21527951028457668, 0.17992418882918088, 0.942487863911581, -0.2816805152181212, 1.1130135725822101, 0.355835474844875, 0.20460159304295092, 0.9118768025156737, -10.293165495051278, 0.0, 0.0, 0.0, 1.0]}
data modify storage ps:ani_data data[-1].frames[-1].part_15 set value {interpolation_duration:1,start_interpolation:0,transformation:[0.4332025819459541, -0.11841045304338545, 0.8934844641097118, -0.10479199535229555, -0.12393537645310111, 0.9740893504743825, 0.1891823452540528, 0.9351117557924989, -0.8927348685129235, -0.19268861383708105, 0.40730277759764566, -10.48796171117541, 0.0, 0.0, 0.0, 1.0]}
data modify storage ps:ani_data data[-1].frames[-1].part_17 set value {interpolation_duration:1,start_interpolation:0,transformation:[0.0, 0.0, 0.0, -0.11616678007508827, 0.0, 0.0, 0.0, 0.759580623615367, 0.0, 0.0, 0.0, -10.369891092442383, 0.0, 0.0, 0.0, 1.0]}
data modify storage ps:ani_data data[-1].frames[-1].part_11 set value {interpolation_duration:1,start_interpolation:0,transformation:[0.9966964663923791, 0.04719182783471741, -0.06609905647256697, 0.11389419255373369, -0.04099956300128038, 0.9949059149250846, 0.09209373638192758, 0.7488985695409881, 0.07010841400751591, -0.08907946919856627, 0.9935540541171639, -9.94850340056395, 0.0, 0.0, 0.0, 1.0]}
data modify storage ps:ani_data data[-1].frames[-1].part_12 set value {interpolation_duration:1,start_interpolation:0,transformation:[0.9966964663923791, 0.03407743496415837, -0.07372165426256228, 0.09619725711571464, -0.04099956300128038, 0.994678528380661, -0.09451804596047594, 0.37580885144408144, 0.07010841400751591, 0.09722835802761538, 0.9927897343751115, -9.915098599614488, 0.0, 0.0, 0.0, 1.0]}
data modify storage ps:ani_data data[-1].frames[-1].part_13 set value {interpolation_duration:1,start_interpolation:0,transformation:[0.9110780102846615, -0.05200214772677154, -0.408940870796189, -0.11389419255373369, -0.007455508476329642, 0.9897707082718341, -0.14247231464544782, 0.751101430459012, 0.4121665616824122, 0.13285225507636345, 0.9013706250771784, -10.05149659943605, 0.0, 0.0, 0.0, 1.0]}
data modify storage ps:ani_data data[-1].frames[-1].part_14 set value {interpolation_duration:1,start_interpolation:0,transformation:[0.9110780102846615, -0.05200214772677154, -0.408940870796189, -0.09439338715619436, -0.007455508476329642, 0.9897707082718341, -0.14247231464544782, 0.3799374148570741, 0.4121665616824122, 0.13285225507636345, 0.9013706250771784, -10.101316195089685, 0.0, 0.0, 0.0, 1.0]}
#6
data modify storage ps:ani_data data[-1].frames append value {}
