#0
data modify storage ps:ani_data data append value {ani_tag:'boss',height:0.1,width:0.3}
data modify storage ps:ani_data data[-1].parts.part_1 set value {name:'coin',init_pos:[0.8030601217229444, -0.14826793806047225, 0.577157742252173, -0.05287855320034332, -0.021001856967572192, 0.9609072736264447, 0.276072696034408, -0.481032111397721, -0.595527801955747, -0.2338243572322801, 0.7685524100948924, -2.3085088568191003, 0.0, 0.0, 0.0, 1.0],item_model:'cointosser:boss_body'}
data modify storage ps:ani_data data[-1].parts.part_2 set value {name:'coin',init_pos:[0.7637603565709955, -0.2890658372912996, 0.577157742252173, -0.08266804283539639, 0.15064964888297244, 0.9492568407948032, 0.27607269603440804, 0.21410072622476078, -0.6276741200830116, -0.12390476954237654, 0.7685524100948924, -2.373194051154431, 0.0, 0.0, 0.0, 1.0],item_model:'cointosser:boss_tie'}
data modify storage ps:ani_data data[-1].parts.part_3 set value {name:'coin',init_pos:[0.9150836063301909, -0.07151153665197066, 0.3968728934449996, -0.16407950674569752, 0.07777115655857234, 0.9969711848704362, 0.0003220956075455361, 0.2396483438221125, -0.39569387237266407, 0.03057051951982881, 0.9178735221712269, -2.48387712474331, 0.0, 0.0, 0.0, 1.0],item_model:'cointosser:boss_head'}
data modify storage ps:ani_data data[-1].parts.part_4 set value {name:'coin',init_pos:[0.9205499618908225, -0.10845833223647286, 0.3752659827792653, -0.07380022546594399, 0.025357463179754958, 0.9752469323955907, 0.21965978219527865, 0.3643502658328036, -0.38980093217422174, -0.19269201078787032, 0.9005137546171269, -2.2505874292605252, 0.0, 0.0, 0.0, 1.0],item_model:'cointosser:boss_hair'}
data modify storage ps:ani_data data[-1].parts.part_5 set value {name:'coin',init_pos:[0.9150836063301909, -0.07151153665197066, 0.3968728934449996, -0.08412020850473413, 0.07777115655857234, 0.9969711848704362, 0.0003220956075455361, 0.34296870633601356, -0.39569387237266407, 0.03057051951982881, 0.9178735221712269, -2.2495223495826715, 0.0, 0.0, 0.0, 1.0],item_model:'cointosser:boss_eye'}
data modify storage ps:ani_data data[-1].parts.part_6 set value {name:'coin',init_pos:[0.9161387734606447, -0.0564061540137189, 0.3968728934449996, -0.0764484185388427, 0.0613140659409923, 0.9981184707098668, 0.0003220956075455361, 0.4185613165012451, -0.3961443336459691, 0.0240388064840453, 0.9178735221712269, -2.246056810601753, 0.0, 0.0, 0.0, 1.0],item_model:'cointosser:boss_eyelid'}
data modify storage ps:ani_data data[-1].parts.part_7 set value {name:'coin',init_pos:[0.5883303408162627, -0.5555563568553162, 0.5875581200465779, 0.05521901594259763, 0.07294811046069911, 0.7601197246466431, 0.6456752878834106, 0.11428447037691385, -0.8053235270717192, -0.33700910753384694, 0.4877282831495484, -2.6035310305782122, 0.0, 0.0, 0.0, 1.0],item_model:'cointosser:boss_left_arm_upper'}
data modify storage ps:ani_data data[-1].parts.part_8 set value {name:'coin',init_pos:[0.5883303408162627, -0.7924751800134264, -0.16078090414507457, 0.24926407460795122, 0.07294811046069911, -0.14600746436289924, 0.9865902865579665, -0.06890657542905629, -0.8053235270717192, -0.5921696626922086, -0.028091054301360913, -2.594777834357724, 0.0, 0.0, 0.0, 1.0],item_model:'cointosser:boss_left_arm_lower'}
data modify storage ps:ani_data data[-1].parts.part_16 set value {name:'coin',init_pos:[-0.2073935370399776, -0.027070464599033256, 0.9778829739495621, 0.5306250797911146, 0.12367133694059396, 0.9908714034502494, 0.05365875738273512, 0.09935360723161807, -0.9704088422996637, 0.13206457424656193, -0.20215248456474855, -2.3303346692898517, 0.0, 0.0, 0.0, 1.0],item_model:'cointosser:boss_pipe'}
data modify storage ps:ani_data data[-1].parts.part_9 set value {name:'coin',init_pos:[0.9815345560452098, 0.18438156752868495, -0.05092497270296925, -0.3254494151377723, -0.19079186003508725, 0.9627754344734973, -0.19147305011076665, 0.09938398989758923, 0.013725211600730702, 0.19765348549932923, 0.9801758608721609, -2.3070239812094377, 0.0, 0.0, 0.0, 1.0],item_model:'cointosser:boss_right_arm_upper'}
data modify storage ps:ani_data data[-1].parts.part_10 set value {name:'coin',init_pos:[0.9815345560452098, 0.19038425180615517, -0.01854054889542578, -0.4635636716491819, -0.19079186003508722, 0.9813497445956505, -0.02347647602181613, -0.12342313184249562, 0.013725211600730536, 0.02658035827940919, 0.9995524514102565, -2.3577240911718387, 0.0, 0.0, 0.0, 1.0],item_model:'cointosser:boss_right_arm_lower'}
data modify storage ps:ani_data data[-1].parts.part_15 set value {name:'coin',init_pos:[0.0, 0.0, 0.0, -0.5349577660764903, 0.0, 0.0, 0.0, -0.4914292860658647, 0.0, 0.0, 0.0, -2.367691725526617, 0.0, 0.0, 0.0, 1.0],item_model:'cointosser:boss_sickle'}
data modify storage ps:ani_data data[-1].parts.part_17 set value {name:'coin',init_pos:[0.0, 0.0, 0.0, -0.5349577660764903, 0.0, 0.0, 0.0, -0.4914292860658647, 0.0, 0.0, 0.0, -2.367691725526617, 0.0, 0.0, 0.0, 1.0],item_model:'cointosser:boss_money_box'}
data modify storage ps:ani_data data[-1].parts.part_11 set value {name:'coin',init_pos:[0.9688206694689533, -0.213524740786117, -0.12567297037131997, 0.08550725494819578, 0.07591753515961827, -0.22699680174488263, 0.9709320160819102, -0.4287474829365197, -0.23584536939490086, -0.950199787976095, -0.20370892141771002, -2.333639422181291, 0.0, 0.0, 0.0, 1.0],item_model:'cointosser:boss_left_leg_upper'}
data modify storage ps:ani_data data[-1].parts.part_12 set value {name:'coin',init_pos:[0.9688206694689532, -0.10772496757386503, 0.2231184478498789, 0.16557903274298966, 0.07591753515961938, 0.9862863212673729, 0.14654630782165884, -0.3436236822821887, -0.23584536939490103, -0.12503848944257995, 0.9637127880716849, -1.9773145016902556, 0.0, 0.0, 0.0, 1.0],item_model:'cointosser:boss_left_leg_lower'}
data modify storage ps:ani_data data[-1].parts.part_13 set value {name:'coin',init_pos:[0.43877688335929843, -0.8546413431693541, -0.27760227155983963, -0.1186201501577127, 0.01080113510514634, -0.3038904437883796, 0.9526457545460127, -0.35183613172051226, -0.898531124730769, -0.42099735476578015, -0.12410900519412332, -2.1674510146027943, 0.0, 0.0, 0.0, 1.0],item_model:'cointosser:boss_right_leg_upper'}
data modify storage ps:ani_data data[-1].parts.part_14 set value {name:'coin',init_pos:[0.43877688335929843, -0.8020112603830031, 0.40528111829737073, 0.20187035353079502, 0.01080113510514634, 0.4556905558771609, 0.8900727233011942, -0.23787721529986983, -0.898531124730769, -0.3861658393789267, 0.2086091138632925, -2.009577006565627, 0.0, 0.0, 0.0, 1.0],item_model:'cointosser:boss_right_leg_lower'}
#1
data modify storage ps:ani_data data[-1].frames append value {}
data modify storage ps:ani_data data[-1].frames[-1].particle set value {type:'minecraft:squid_ink',pos_left:0,pos_up:0,pos_front:-2.5,sx:0.2,sy:0.5,sz:0.2,speed:0.5,count:10}
data modify storage ps:ani_data data[-1].frames[-1].sound set value {type:'minecraft:entity.evoker_fangs.attack',pos_left:0,pos_up:0,pos_front:-2.5,volume:1,pitch:2}
data modify storage ps:ani_data data[-1].frames[-1].part_1 set value {interpolation_duration:1,start_interpolation:0,transformation:[0.8030601139558073, -0.14798500771772813, 0.5772303620428066, -0.05287855320034332, -0.021001905173449714, 0.9610424666994615, 0.27560170024747643, -0.481032111397721, -0.5955278107295839, -0.23344767013401174, 0.7686669057248597, -2.3085088568191003, 0.0, 0.0, 0.0, 1.0]}
data modify storage ps:ani_data data[-1].frames[-1].part_2 set value {interpolation_duration:1,start_interpolation:0,transformation:[0.7632928020995532, -0.381463695120821, 0.5214111118568359, -0.08246445075093056, 0.15325247402440975, 0.8909456800640146, 0.4274686823390319, 0.21413479698909327, -0.6276127607596981, -0.24637622547648508, 0.7385126796823126, -2.372920766820626, 0.0, 0.0, 0.0, 1.0]}
data modify storage ps:ani_data data[-1].frames[-1].part_3 set value {interpolation_duration:1,start_interpolation:0,transformation:[0.9472312963373493, -0.07530552017528697, 0.3115797648599705, -0.1638673089886394, 0.08156987994369289, 0.996642320330673, -0.007102113197030968, 0.23974973862687507, -0.30999875148948036, 0.032142867902870104, 0.9501934593112826, -2.483594609419609, 0.0, 0.0, 0.0, 1.0]}
data modify storage ps:ani_data data[-1].frames[-1].part_4 set value {interpolation_duration:1,start_interpolation:0,transformation:[0.9522043161328118, -0.09261934830521623, 0.2910817697100963, -0.09538555779555764, 0.02914408218071128, 0.9761229386524111, 0.21525480508092076, 0.3625545003689514, -0.30406835220372497, -0.1964832434486419, 0.9321677811596009, -2.2420283861039296, 0.0, 0.0, 0.0, 1.0]}
data modify storage ps:ani_data data[-1].frames[-1].part_5 set value {interpolation_duration:1,start_interpolation:0,transformation:[0.9472312963373493, 0.0, 0.3115797648599705, -0.1010409933792965, 0.08156987994369289, 0.0, -0.007102113197030968, 0.27907996660678036, -0.30999875148948036, 0.0, 0.9501934593112826, -2.2440866262226353, 0.0, 0.0, 0.0, 1.0]}
data modify storage ps:ani_data data[-1].frames[-1].part_6 set value {interpolation_duration:1,start_interpolation:0,transformation:[0.9483446762819361, -0.059669297779642694, 0.3115797648599705, -0.09850658874449092, 0.065117697515659, 0.9978523164568971, -0.007102113197030968, 0.4167244684626321, -0.3104868120193985, 0.027024608120907734, 0.9501934593112826, -2.237311271614719, 0.0, 0.0, 0.0, 1.0]}
data modify storage ps:ani_data data[-1].frames[-1].part_7 set value {interpolation_duration:1,start_interpolation:0,transformation:[0.5578166435493535, -0.586003821012274, 0.5877415366794729, 0.055395845465028445, 0.11365850822601703, 0.755416777868203, 0.645311734918139, 0.11436895399607991, -0.8221449602638028, -0.29316379973359064, 0.48798837162230946, -2.603295603335254, 0.0, 0.0, 0.0, 1.0]}
data modify storage ps:ani_data data[-1].frames[-1].part_8 set value {interpolation_duration:1,start_interpolation:0,transformation:[0.5578166435493535, -0.8087329304791452, -0.18652517078922023, 0.25419211105084877, 0.11365850822601703, -0.14818605513642186, 0.9824065536074877, -0.06382975532478184, -0.8221449602638028, -0.5692028989927228, 0.009258730534496634, -2.6070807434265872, 0.0, 0.0, 0.0, 1.0]}
data modify storage ps:ani_data data[-1].frames[-1].part_16 set value {interpolation_duration:1,start_interpolation:0,transformation:[-0.24421419064845604, -0.04745379908285255, 0.9685595314891717, 0.5402783297872178, 0.1485515215911488, 0.9851821157330507, 0.08572423387061898, 0.10340552774135006, -0.9582754690165423, 0.16481606654799885, -0.23354611897604205, -2.347094729562928, 0.0, 0.0, 0.0, 1.0]}
data modify storage ps:ani_data data[-1].frames[-1].part_9 set value {interpolation_duration:1,start_interpolation:0,transformation:[0.9817578739700115, 0.18324660242827034, -0.05071646277470965, -0.3252799847636952, -0.18962183891440412, 0.9632239674106755, -0.19037632944344127, 0.0994629053489561, 0.013965496933615873, 0.19652040938318185, 0.9804002721293297, -2.306798333434697, 0.0, 0.0, 0.0, 1.0]}
data modify storage ps:ani_data data[-1].frames[-1].part_10 set value {interpolation_duration:1,start_interpolation:0,transformation:[0.9817578739700116, 0.18923034228081895, -0.01852982617746768, -0.4631314360554513, -0.1896218389144041, 0.981603492935026, -0.02231906952531773, -0.12356603910548757, 0.013965496933615651, 0.02542558196070066, 0.9995791637871194, -2.357237701118019, 0.0, 0.0, 0.0, 1.0]}
data modify storage ps:ani_data data[-1].frames[-1].part_15 set value {interpolation_duration:1,start_interpolation:0,transformation:[0.0, 0.0, 0.0, -0.5340928144107584, 0.0, 0.0, 0.0, -0.49166734895612224, 0.0, 0.0, 0.0, -2.366772294353282, 0.0, 0.0, 0.0, 1.0]}
data modify storage ps:ani_data data[-1].frames[-1].part_17 set value {interpolation_duration:1,start_interpolation:0,transformation:[0.0, 0.0, 0.0, -0.5340928144107584, 0.0, 0.0, 0.0, -0.49166734895612224, 0.0, 0.0, 0.0, -2.366772294353282, 0.0, 0.0, 0.0, 1.0]}
data modify storage ps:ani_data data[-1].frames[-1].part_11 set value {interpolation_duration:1,start_interpolation:0,transformation:[0.96884522832524, -0.21358117183652026, -0.1253874259579171, 0.08552277171736802, 0.07572752672715924, -0.2265604739236629, 0.9710487595127614, -0.42877799654937354, -0.23580556661622892, -0.9502912367755603, -0.20332806018937769, -2.333617427628911, 0.0, 0.0, 0.0, 1.0]}
data modify storage ps:ani_data data[-1].frames[-1].part_12 set value {interpolation_duration:1,start_interpolation:0,transformation:[0.96884522832524, -0.10743575511747751, 0.22315125380277617, 0.16561571115606313, 0.07572752672716036, 0.9863668612924017, 0.14610187076133913, -0.343817818828, -0.2358055666162291, -0.12465140779996527, 0.9637726709583986, -1.9772582138380759, 0.0, 0.0, 0.0, 1.0]}
data modify storage ps:ani_data data[-1].frames[-1].part_13 set value {interpolation_duration:1,start_interpolation:0,transformation:[0.43878930784097814, -0.8547256650963022, -0.2773228817644139, -0.11858389111299125, 0.01102667782190167, -0.3034752274240623, 0.9527755237809824, -0.3518724715949314, -0.8985223178645299, -0.42112566267754015, -0.12373690045316016, -2.167400849952808, 0.0, 0.0, 0.0, 1.0]}
data modify storage ps:ani_data data[-1].frames[-1].part_14 set value {interpolation_duration:1,start_interpolation:0,transformation:[0.43878930784097814, -0.8018742090715014, 0.4055387726844244, 0.20193823329812208, 0.01102667782190167, 0.45607660859115606, 0.8898722040114532, -0.23806926131090805, -0.8985223178645299, -0.3859946630744306, 0.2089635479632978, -2.00947872644873, 0.0, 0.0, 0.0, 1.0]}
#2
data modify storage ps:ani_data data[-1].frames append value {}
data modify storage ps:ani_data data[-1].frames[-1].part_1 set value {interpolation_duration:1,start_interpolation:0,transformation:[0.8030600924001768, -0.14686557008770276, 0.577516226886339, -0.05287855320034332, -0.021002038441022747, 0.9615749610709996, 0.2737380291859853, -0.481032111397721, -0.595527835097186, -0.23195710500892094, 0.7691180007387287, -2.3085088568191003, 0.0, 0.0, 0.0, 1.0]}
data modify storage ps:ani_data data[-1].frames[-1].part_2 set value {interpolation_duration:1,start_interpolation:0,transformation:[0.7640103484261954, -0.4607533827399072, 0.45165751160742995, -0.08165910427484661, 0.15076850875117723, 0.8081348011185432, 0.5693742178831411, 0.21426792798683936, -0.6273412502511128, -0.36691206509847135, 0.6868904513956686, -2.371839616420392, 0.0, 0.0, 0.0, 1.0]}
data modify storage ps:ani_data data[-1].frames[-1].part_3 set value {interpolation_duration:1,start_interpolation:0,transformation:[0.9589211766439169, -0.0716305104121191, 0.27447995730461855, -0.16302773076612043, 0.07760247349370139, 0.9969242905293727, -0.010946006585338758, 0.24014910940552867, -0.27285166866175725, 0.031796681125648985, 0.9615305184849248, -2.482476685575791, 0.0, 0.0, 0.0, 1.0]}
data modify storage ps:ani_data data[-1].frames[-1].part_4 set value {interpolation_duration:1,start_interpolation:0,transformation:[0.9634030633504513, -0.08081855007010319, 0.2555834491737136, -0.10336155524148065, 0.025165785944207264, 0.9765251336427023, 0.213928367875588, 0.36202814407536565, -0.2668730423717923, -0.19966728657611596, 0.9428211675214735, -2.238119470813854, 0.0, 0.0, 0.0, 1.0]}
data modify storage ps:ani_data data[-1].frames[-1].part_5 set value {interpolation_duration:1,start_interpolation:0,transformation:[0.9589211766439169, 0.0, 0.27447995730461855, -0.10934023210464691, 0.07760247349370139, 0.0, -0.010946006585338758, 0.2785880017209439, -0.27285166866175725, 0.0, 0.9615305184849248, -2.2406126931624595, 0.0, 0.0, 0.0, 1.0]}
data modify storage ps:ani_data data[-1].frames[-1].part_6 set value {interpolation_duration:1,start_interpolation:0,transformation:[0.9599723411777943, -0.055801946307267675, 0.27447995730461855, -0.10639869540651475, 0.06114617942106061, 0.9980688000744444, -0.010946006585338758, 0.41620143205707977, -0.27333907315975137, 0.02729126428510839, 0.9615305184849248, -2.233385751829046, 0.0, 0.0, 0.0, 1.0]}
data modify storage ps:ani_data data[-1].frames[-1].part_7 set value {interpolation_duration:1,start_interpolation:0,transformation:[0.5379155824239719, -0.6036179805832245, 0.5884659375886673, 0.056095488594886674, 0.1397630607598929, 0.7522598595039712, 0.6438721850073134, 0.114701729661398, -0.8313321316011462, -0.2641030808144721, 0.48901579695527103, -2.6023640062239726, 0.0, 0.0, 0.0, 1.0]}
data modify storage ps:ani_data data[-1].frames[-1].part_8 set value {interpolation_duration:1,start_interpolation:0,transformation:[0.5379155824239719, -0.8186629552685504, -0.20109150120391087, 0.2574295695929401, 0.1397630607598929, -0.14863381541807894, 0.978965921654728, -0.060260448268354735, -0.8313321316011462, -0.5547061876211836, 0.034466394970558895, -2.6142756233579614, 0.0, 0.0, 0.0, 1.0]}
data modify storage ps:ani_data data[-1].frames[-1].part_16 set value {interpolation_duration:1,start_interpolation:0,transformation:[-0.2673370859375145, -0.05870777026405741, 0.9618130172715799, 0.546577550752873, 0.1650512521140729, 0.9806013899828464, 0.10573078141811879, 0.10584813504465941, -0.949362400065441, 0.18701420179850492, -0.2524613270733824, -2.356968267461019, 0.0, 0.0, 0.0, 1.0]}
data modify storage ps:ani_data data[-1].frames[-1].part_9 set value {interpolation_duration:1,start_interpolation:0,transformation:[0.9826868295112512, 0.1784508569663466, -0.049818538247338784, -0.32460962734341736, -0.1846714352080485, 0.9650903956654602, -0.18573365126569033, 0.09977368736661746, 0.01493506355274793, 0.1917180738539328, 0.9813363969783314, -2.3059054470344464, 0.0, 0.0, 0.0, 1.0]}
data modify storage ps:ani_data data[-1].frames[-1].part_10 set value {interpolation_duration:1,start_interpolation:0,transformation:[0.9826868295112512, 0.18435165318683278, -0.018467893014818937, -0.46134923185168386, -0.18467143520804846, 0.9826458309462218, -0.017425037796483134, -0.12418596449899312, 0.014935063552747818, 0.020533847454655196, 0.9996776005219803, -2.355235127706, 0.0, 0.0, 0.0, 1.0]}
data modify storage ps:ani_data data[-1].frames[-1].part_15 set value {interpolation_duration:1,start_interpolation:0,transformation:[0.0, 0.0, 0.0, -0.5304811017967461, 0.0, 0.0, 0.0, -0.4926781511038261, 0.0, 0.0, 0.0, -2.3629353205014954, 0.0, 0.0, 0.0, 1.0]}
data modify storage ps:ani_data data[-1].frames[-1].part_17 set value {interpolation_duration:1,start_interpolation:0,transformation:[0.0, 0.0, 0.0, -0.5304811017967461, 0.0, 0.0, 0.0, -0.4926781511038261, 0.0, 0.0, 0.0, -2.3629353205014954, 0.0, 0.0, 0.0, 1.0]}
data modify storage ps:ani_data data[-1].frames[-1].part_11 set value {interpolation_duration:1,start_interpolation:0,transformation:[0.9689418229971518, -0.21380310340262682, -0.12425770246693668, 0.08558405666795812, 0.07497577802665917, -0.22483404411563382, 0.9715082528295405, -0.42889881502261246, -0.23564884119437812, -0.9506512954716965, -0.20182105455509808, -2.333530540679247, 0.0, 0.0, 0.0, 1.0]}
data modify storage ps:ani_data data[-1].frames[-1].part_12 set value {interpolation_duration:1,start_interpolation:0,transformation:[0.9689418229971516, -0.10629162870384243, 0.22327971989063589, 0.16576022044394315, 0.0749757780266603, 0.9866831158301397, 0.1443435542205604, -0.34458604847924973, -0.2356488411943783, -0.12311993584798278, 0.9640078345327567, -1.9770363048773605, 0.0, 0.0, 0.0, 1.0]}
data modify storage ps:ani_data data[-1].frames[-1].part_13 set value {interpolation_duration:1,start_interpolation:0,transformation:[0.43883910925560843, -0.8550579794587267, -0.27621746496502264, -0.11844058555187438, 0.011918792557904206, -0.3018321295545824, 0.9532865822786488, -0.35201651891181457, -0.898486604558858, -0.42163161329827387, -0.12226448419630703, -2.1672025569049542, 0.0, 0.0, 0.0, 1.0]}
data modify storage ps:ani_data data[-1].frames[-1].part_14 set value {interpolation_duration:1,start_interpolation:0,transformation:[0.43883910925560843, -0.8013310315793105, 0.4065572702778566, 0.2022061567451482, 0.011918792557904206, 0.4576025624442548, 0.8890769579898093, -0.23882947032884616, -0.898486604558858, -0.3853160685365845, 0.2103647992317259, -2.009090701918102, 0.0, 0.0, 0.0, 1.0]}
#3
data modify storage ps:ani_data data[-1].frames append value {}
data modify storage ps:ani_data data[-1].frames[-1].part_1 set value {interpolation_duration:1,start_interpolation:0,transformation:[0.8030600899362735, -0.14492722780709666, 0.5780057011757704, -0.05287855320034332, -0.021002052730668224, 0.9624879113548278, 0.2705105067773143, -0.481032111397721, -0.5955278379157789, -0.2293754981160174, 0.76989185937467, -2.3085088568191003, 0.0, 0.0, 0.0, 1.0]}
data modify storage ps:ani_data data[-1].frames[-1].part_2 set value {interpolation_duration:1,start_interpolation:0,transformation:[0.7642390308793228, -0.4516626040858701, 0.46036897783300285, -0.08026530967075093, 0.15143360343666662, 0.8195389665753674, 0.5526515593163248, 0.21449214100588734, -0.6269023587695451, -0.3526425588821481, 0.6947205612577125, -2.3699680293520284, 0.0, 0.0, 0.0, 1.0]}
data modify storage ps:ani_data data[-1].frames[-1].part_3 set value {interpolation_duration:1,start_interpolation:0,transformation:[0.965185838207778, -0.06647154804935052, 0.25297792596009555, -0.16157397405566581, 0.07259591103615103, 0.9972495126080868, -0.01494132871482673, 0.2408338221183999, -0.2512889401147211, 0.03278632188666705, 0.9673566693175604, -2.480540480406113, 0.0, 0.0, 0.0, 1.0]}
data modify storage ps:ani_data data[-1].frames[-1].part_4 set value {interpolation_duration:1,start_interpolation:0,transformation:[0.9692250518817664, -0.07108607031723574, 0.23568956152456155, -0.10663843607181071, 0.020140307627827966, 0.9770890371896989, 0.21187586321325824, 0.3617546790157043, -0.2453511092565988, -0.2006085342415918, 0.9484508680875339, -2.23460302284089, 0.0, 0.0, 0.0, 1.0]}
data modify storage ps:ani_data data[-1].frames[-1].part_5 set value {interpolation_duration:1,start_interpolation:0,transformation:[0.965185838207778, 0.0, 0.25297792596009555, -0.11304947806182397, 0.07259591103615103, 0.0, -0.01494132871482673, 0.2783577978852549, -0.2512889401147211, 0.0, 0.9673566693175604, -2.23744500263602, 0.0, 0.0, 0.0, 1.0]}
data modify storage ps:ani_data data[-1].frames[-1].part_6 set value {interpolation_duration:1,start_interpolation:0,transformation:[0.9661510455899648, -0.05054034113800543, 0.25297792596009555, -0.10946225287272304, 0.05613493321970783, 0.9983113872778645, -0.01494132871482673, 0.41593316548015496, -0.25179560436559734, 0.02863647934016328, 0.9673566693175604, -2.229797285680466, 0.0, 0.0, 0.0, 1.0]}
data modify storage ps:ani_data data[-1].frames[-1].part_7 set value {interpolation_duration:1,start_interpolation:0,transformation:[0.5409488906485185, -0.5996749974547639, 0.5897153509395577, 0.05730695190428966, 0.13754410407792578, 0.7547975290617203, 0.6413753265878899, 0.11527232001637927, -0.8297324370780845, -0.26583940180106946, 0.49078864627302854, -2.600750502620556, 0.0, 0.0, 0.0, 1.0]}
data modify storage ps:ani_data data[-1].frames[-1].part_8 set value {interpolation_duration:1,start_interpolation:0,transformation:[0.5409488906485185, -0.8176381141354996, -0.19708427643797705, 0.25793965976627925, 0.13754410407792578, -0.14517264882945435, 0.9797992250789141, -0.06053230249174519, -0.8297324370780845, -0.5571290840952248, 0.033930318531931736, -2.612078068146359, 0.0, 0.0, 0.0, 1.0]}
data modify storage ps:ani_data data[-1].frames[-1].part_16 set value {interpolation_duration:1,start_interpolation:0,transformation:[-0.2638386801015908, -0.05514588836155246, 0.9629891390244574, 0.5470210027161996, 0.16621536544818546, 0.9808303240298918, 0.10170706834996107, 0.10434995735082125, -0.9501376759034328, 0.18689785033603967, -0.24961488410868182, -2.3539085319782114, 0.0, 0.0, 0.0, 1.0]}
data modify storage ps:ani_data data[-1].frames[-1].part_9 set value {interpolation_duration:1,start_interpolation:0,transformation:[0.9846067955771303, 0.16811993841575465, -0.047803184103342666, -0.3234489123644414, -0.17397606861006737, 0.9689552987953611, -0.17566432901240334, 0.10030633565587366, 0.016786472360814098, 0.18127690212345207, 0.9832888177449208, -2.3043590381648893, 0.0, 0.0, 0.0, 1.0]}
data modify storage ps:ani_data data[-1].frames[-1].part_10 set value {interpolation_duration:1,start_interpolation:0,transformation:[0.9846067955771303, 0.1738281535341799, -0.018254619750429912, -0.45778578405373604, -0.17397606861006734, 0.9847261116122425, -0.006841977785567749, -0.12562223261077266, 0.016786472360813987, 0.009912524801009348, 0.9998099600412815, -2.3512519954795787, 0.0, 0.0, 0.0, 1.0]}
data modify storage ps:ani_data data[-1].frames[-1].part_15 set value {interpolation_duration:1,start_interpolation:0,transformation:[0.0, 0.0, 0.0, -0.5229713416290535, 0.0, 0.0, 0.0, -0.49489452446536375, 0.0, 0.0, 0.0, -2.354969192279957, 0.0, 0.0, 0.0, 1.0]}
data modify storage ps:ani_data data[-1].frames[-1].part_17 set value {interpolation_duration:1,start_interpolation:0,transformation:[0.0, 0.0, 0.0, -0.5229713416290535, 0.0, 0.0, 0.0, -0.49489452446536375, 0.0, 0.0, 0.0, -2.354969192279957, 0.0, 0.0, 0.0, 1.0]}
data modify storage ps:ani_data data[-1].frames[-1].part_11 set value {interpolation_duration:1,start_interpolation:0,transformation:[0.9691069140607639, -0.21418232306963536, -0.12230176451759495, 0.08568976469971448, 0.07367423482298419, -0.22184444052687424, 0.9722947862302698, -0.42910835099928835, -0.23538032254814883, -0.9512680887593216, -0.19921126239577128, -2.333380607181874, 0.0, 0.0, 0.0, 1.0]}
data modify storage ps:ani_data data[-1].frames[-1].part_12 set value {interpolation_duration:1,start_interpolation:0,transformation:[0.9691069140607638, -0.10431116634497606, 0.22349713576548108, 0.1660081358508277, 0.07367423482298532, 0.9872216380822763, 0.14129948487306834, -0.3459166858017105, -0.235380322548149, -0.12046832728106424, 0.9644083605398863, -1.9766550738971285, 0.0, 0.0, 0.0, 1.0]}
data modify storage ps:ani_data data[-1].frames[-1].part_13 set value {interpolation_duration:1,start_interpolation:0,transformation:[0.43892776611710427, -0.8556284445846853, -0.27430344684134134, -0.1181930370139133, 0.013462522753394088, -0.29898607376714614, 0.954162506166754, -0.3522669427897468, -0.8984214916243726, -0.4225012337389073, -0.1197143720550648, -2.166859913499688, 0.0, 0.0, 0.0, 1.0]}
data modify storage ps:ani_data data[-1].frames[-1].part_14 set value {interpolation_duration:1,start_interpolation:0,transformation:[0.43892776611710427, -0.8003870244781559, 0.40831731187699144, 0.20266762970534366, 0.013462522753394088, 0.4602391599347414, 0.8876928951747206, -0.240147165127067, -0.8984214916243726, -0.3841360783753165, 0.21278697487832743, -2.008421950847598, 0.0, 0.0, 0.0, 1.0]}
#4
data modify storage ps:ani_data data[-1].frames append value {}
data modify storage ps:ani_data data[-1].frames[-1].part_1 set value {interpolation_duration:1,start_interpolation:0,transformation:[0.8030601127648207, -0.14364602352678366, 0.5783254059879233, -0.05287855320034332, -0.021001911960412293, 0.9630850435170587, 0.26837682211352054, -0.481032111397721, -0.5955278120962619, -0.22766866029097607, 0.7703983425093485, -2.3085088568191003, 0.0, 0.0, 0.0, 1.0]}
data modify storage ps:ani_data data[-1].frames[-1].part_2 set value {interpolation_duration:1,start_interpolation:0,transformation:[0.7643355286883697, -0.440104200264096, 0.47127432827873283, -0.0793445186265167, 0.15213919832434725, 0.8333141543532957, 0.5314519587767803, 0.21463595878444694, -0.626613807634252, -0.3345083153889483, 0.7038887149384854, -2.3687312679554777, 0.0, 0.0, 0.0, 1.0]}
data modify storage ps:ani_data data[-1].frames[-1].part_3 set value {interpolation_duration:1,start_interpolation:0,transformation:[0.9683840606372734, -0.06309025117359718, 0.241354368741314, -0.16061307084543106, 0.0693235002539299, 0.9974422352348554, -0.017413778516986944, 0.24128167124007305, -0.23963840138051568, 0.03359475519404351, 0.970280799051101, -2.479260352037332, 0.0, 0.0, 0.0, 1.0]}
data modify storage ps:ani_data data[-1].frames[-1].part_4 set value {interpolation_duration:1,start_interpolation:0,transformation:[0.9721532474096015, -0.06526853466614185, 0.22507350340166937, -0.10816076005680218, 0.01685752620625068, 0.977420971638721, 0.21062779496311546, 0.36160850601518335, -0.2337389299221938, -0.2009683123861901, 0.9513032376984083, -2.2324908078753016, 0.0, 0.0, 0.0, 1.0]}
data modify storage ps:ani_data data[-1].frames[-1].part_5 set value {interpolation_duration:1,start_interpolation:0,transformation:[0.9683840606372734, 0.0, 0.241354368741314, -0.11485243553664859, 0.0693235002539299, 0.0, -0.017413778516986944, 0.2782411114282883, -0.23963840138051568, 0.0, 0.970280799051101, -2.2355431987259817, 0.0, 0.0, 0.0, 1.0]}
data modify storage ps:ani_data data[-1].frames[-1].part_6 set value {interpolation_duration:1,start_interpolation:0,transformation:[0.969293053346714, -0.0471067449871696, 0.241354368741314, -0.110837043351974, 0.05285978849073013, 0.9984501004449229, -0.017413778516986944, 0.41578974531578883, -0.24015998728872318, 0.029636995432013202, 0.970280799051101, -2.2276319744624935, 0.0, 0.0, 0.0, 1.0]}
data modify storage ps:ani_data data[-1].frames[-1].part_7 set value {interpolation_duration:1,start_interpolation:0,transformation:[0.5448246040404955, -0.595341318393031, 0.590537776476802, 0.05810771028662206, 0.13367519011128204, 0.7568927849217651, 0.6397220143797517, 0.1156455628103376, -0.8278267296849204, -0.26959604364200596, 0.4919561757633981, -2.5996837225250253, 0.0, 0.0, 0.0, 1.0]}
data modify storage ps:ani_data data[-1].frames[-1].part_8 set value {interpolation_duration:1,start_interpolation:0,transformation:[0.5448246040404955, -0.8160442626077954, -0.19297127324298072, 0.2580203465136763, 0.13367519011128204, -0.14266138347221996, 0.9807031524444616, -0.06104558434717092, -0.8278267296849204, -0.5601066783485908, 0.03135944018119656, -2.6098934675224856, 0.0, 0.0, 0.0, 1.0]}
data modify storage ps:ani_data data[-1].frames[-1].part_16 set value {interpolation_duration:1,start_interpolation:0,transformation:[-0.25934758584051854, -0.0516372643189299, 0.9644026247643419, 0.5467874688630956, 0.16560455601274016, 0.9814021756903347, 0.09708192714455544, 0.1030602478080084, -0.951479879317749, 0.1848874319253056, -0.2459729187726719, -2.3508789568083386, 0.0, 0.0, 0.0, 1.0]}
data modify storage ps:ani_data data[-1].frames[-1].part_9 set value {interpolation_duration:1,start_interpolation:0,transformation:[0.9859496307276396, 0.16050817265819994, -0.04626502110619379, -0.32268172491678493, -0.16607604984529586, 0.9716518068741802, -0.16826025040372264, 0.10065459732739072, 0.017946346029592553, 0.1735796437030164, 0.9846563034664024, -2.3033366522570016, 0.0, 0.0, 0.0, 1.0]}
data modify storage ps:ani_data data[-1].frames[-1].part_10 set value {interpolation_duration:1,start_interpolation:0,transformation:[0.9859496307276396, 0.166065358480395, -0.01804500985893237, -0.4552415459620511, -0.16607604984529584, 0.9861125232937734, 0.0009149158266958113, -0.12668872471815776, 0.017946346029592386, 0.0020947830353131858, 0.9998367569499638, -2.34841403312303, 0.0, 0.0, 0.0, 1.0]}
data modify storage ps:ani_data data[-1].frames[-1].part_15 set value {interpolation_duration:1,start_interpolation:0,transformation:[0.0, 0.0, 0.0, -0.5175160553921992, 0.0, 0.0, 0.0, -0.4964809209533228, 0.0, 0.0, 0.0, -2.3491995767612726, 0.0, 0.0, 0.0, 1.0]}
data modify storage ps:ani_data data[-1].frames[-1].part_17 set value {interpolation_duration:1,start_interpolation:0,transformation:[0.0, 0.0, 0.0, -0.5175160553921992, 0.0, 0.0, 0.0, -0.4964809209533228, 0.0, 0.0, 0.0, -2.3491995767612726, 0.0, 0.0, 0.0, 1.0]}
data modify storage ps:ani_data data[-1].frames[-1].part_11 set value {interpolation_duration:1,start_interpolation:0,transformation:[0.969214531591183, -0.2144294629037269, -0.12100907896229587, 0.08575935155200172, 0.07281403428049214, -0.21986821075519303, 0.9728083502474212, -0.42924708269386125, -0.23520482172838925, -0.951671148736857, -0.1974859906362664, -2.33328186135415, 0.0, 0.0, 0.0, 1.0]}
data modify storage ps:ani_data data[-1].frames[-1].part_12 set value {interpolation_duration:1,start_interpolation:0,transformation:[0.9692145315911828, -0.10300255876187897, 0.2236373507287856, 0.16617040014089932, 0.07281403428049327, 0.9875712797448813, 0.13928777345788906, -0.34679650366066384, -0.2352048217283894, -0.11871579638600226, 0.964668467155506, -1.9764051805778287, 0.0, 0.0, 0.0, 1.0]}
data modify storage ps:ani_data data[-1].frames[-1].part_13 set value {interpolation_duration:1,start_interpolation:0,transformation:[0.4389880506648901, -0.8560020731822563, -0.27303835276590555, -0.11802982218732716, 0.014482205171463536, -0.29710420898461737, 0.9547352275563086, -0.3524331635143146, -0.8983761779493107, -0.4230715538904784, -0.1180283998954677, -2.1666339247886466, 0.0, 0.0, 0.0, 1.0]}
data modify storage ps:ani_data data[-1].frames[-1].part_14 set value {interpolation_duration:1,start_interpolation:0,transformation:[0.4389880506648901, -0.7997606394018211, 0.4094782180251233, 0.20297095525601896, 0.014482205171463536, 0.46197797781790517, 0.8867731467205413, -0.2410190851450831, -0.8983761779493107, -0.3833526674941359, 0.21438510960026813, -2.0079820920797173, 0.0, 0.0, 0.0, 1.0]}
#5
data modify storage ps:ani_data data[-1].frames append value {}
data modify storage ps:ani_data data[-1].frames[-1].part_1 set value {interpolation_duration:1,start_interpolation:0,transformation:[0.8030601217229438, -0.14331925538093523, 0.5784064591058652, -0.05287855320034332, -0.021001856967569486, 0.9632365381027417, 0.26783258514930386, -0.481032111397721, -0.5955278019557478, -0.2272332781546304, 0.7705268810345658, -2.3085088568191003, 0.0, 0.0, 0.0, 1.0]}
data modify storage ps:ani_data data[-1].frames[-1].part_2 set value {interpolation_duration:1,start_interpolation:0,transformation:[0.7642862640010413, -0.4285279417582936, 0.4819028011868484, -0.07910973388650316, 0.1526850712165956, 0.8462788600358464, 0.5103913793198425, 0.21467208169157687, -0.626541120507596, -0.31650575696000993, 0.7122291275455233, -2.368415875421088, 0.0, 0.0, 0.0, 1.0]}
data modify storage ps:ani_data data[-1].frames[-1].part_3 set value {interpolation_duration:1,start_interpolation:0,transformation:[0.9693445306147827, -0.06205272965943967, 0.23774069847003299, -0.16036799473604477, 0.06828388081716122, 0.9975025118238237, -0.018056869211193427, 0.24139529217933528, -0.23602646586295012, 0.03373718492961314, 0.9711608053073759, -2.4789338154350733, 0.0, 0.0, 0.0, 1.0]}
data modify storage ps:ani_data data[-1].frames[-1].part_4 set value {interpolation_duration:1,start_interpolation:0,transformation:[0.9730305320364782, -0.06348053371823847, 0.22176971290880965, -0.10868941132596648, 0.015816269901465604, 0.9774861889018377, 0.21040578916124097, 0.36156888885451494, -0.2301335032784499, -0.20122368733578108, 0.9521279317002413, -2.2319264659920273, 0.0, 0.0, 0.0, 1.0]}
data modify storage ps:ani_data data[-1].frames[-1].part_5 set value {interpolation_duration:1,start_interpolation:0,transformation:[0.9693445306147827, 0.0, 0.23774069847003299, -0.11546680894910143, 0.06828388081716122, 0.0, -0.018056869211193427, 0.2782104956361569, -0.23602646586295012, 0.0, 0.9711608053073759, -2.235035043215045, 0.0, 0.0, 0.0, 1.0]}
data modify storage ps:ani_data data[-1].frames[-1].part_6 set value {interpolation_duration:1,start_interpolation:0,transformation:[0.9702362771820303, -0.04605352028819623, 0.23774069847003299, -0.1113205723832015, 0.05181931617018294, 0.998493218778147, -0.018056869211193427, 0.4157513960202614, -0.2365508928573492, 0.029838989981569836, 0.9711608053073759, -2.2270571379805206, 0.0, 0.0, 0.0, 1.0]}
data modify storage ps:ani_data data[-1].frames[-1].part_7 set value {interpolation_duration:1,start_interpolation:0,transformation:[0.5486836800985447, -0.591577621817343, 0.5907471003385922, 0.058311942617308134, 0.12900981751926324, 0.7580580579922356, 0.6392999669143482, 0.11574026067460025, -0.8260161537023137, -0.2745612829187268, 0.49225340602667106, -2.599411606154681, 0.0, 0.0, 0.0, 1.0]}
data modify storage ps:ani_data data[-1].frames[-1].part_8 set value {interpolation_duration:1,start_interpolation:0,transformation:[0.5486836800985447, -0.8142314956731531, -0.1896662612258122, 0.2576454430808824, 0.12900981751926324, -0.14168693243208647, 0.981468939988236, -0.06167958343102782, -0.8260161537023137, -0.562984799645466, 0.027302549166519224, -2.6082102998345915, 0.0, 0.0, 0.0, 1.0]}
data modify storage ps:ani_data data[-1].frames[-1].part_16 set value {interpolation_duration:1,start_interpolation:0,transformation:[-0.254857341338396, -0.04896230234015608, 0.9657382815833055, 0.5459188825152372, 0.16332813119493564, 0.9821882725951062, 0.09289843237111896, 0.10228324295611074, -0.9530853356999542, 0.18140807624301789, -0.24232097050712148, -2.348556092209092, 0.0, 0.0, 0.0, 1.0]}
data modify storage ps:ani_data data[-1].frames[-1].part_9 set value {interpolation_duration:1,start_interpolation:0,transformation:[0.9862584101983881, 0.1587071900857872, -0.04589527348237371, -0.3224860582630442, -0.1642051165034482, 0.9722689052962125, -0.16652283779768326, 0.10074293626485784, 0.018194175634996035, 0.1717707879971979, 0.9849689174607413, -2.303075864383362, 0.0, 0.0, 0.0, 1.0]}
data modify storage ps:ani_data data[-1].frames[-1].part_10 set value {interpolation_duration:1,start_interpolation:0,transformation:[0.9862584101983882, 0.16422764486467936, -0.017989690801923475, -0.4546245817405899, -0.16420511650344818, 0.9864224315789746, 0.002732433331663231, -0.12693006038699708, 0.01819417563499598, 0.0002591139203315107, 0.9998344387111993, -2.3477242653484423, 0.0, 0.0, 0.0, 1.0]}
data modify storage ps:ani_data data[-1].frames[-1].part_15 set value {interpolation_duration:1,start_interpolation:0,transformation:[0.0, 0.0, 0.0, -0.5162099485648447, 0.0, 0.0, 0.0, -0.49683847222911254, 0.0, 0.0, 0.0, -2.3478214330685665, 0.0, 0.0, 0.0, 1.0]}
data modify storage ps:ani_data data[-1].frames[-1].part_17 set value {interpolation_duration:1,start_interpolation:0,transformation:[0.0, 0.0, 0.0, -0.5162099485648447, 0.0, 0.0, 0.0, -0.49683847222911254, 0.0, 0.0, 0.0, -2.3478214330685665, 0.0, 0.0, 0.0, 1.0]}
data modify storage ps:ani_data data[-1].frames[-1].part_11 set value {interpolation_duration:1,start_interpolation:0,transformation:[0.9692417878814417, -0.21449204804820754, -0.12067940150859115, 0.08577706339861926, 0.07259465390574846, -0.21936415716651306, 0.9729385298028493, -0.4292824954981314, -0.23516031308171653, -0.951773359510924, -0.19704593189558192, -2.333256721888231, 0.0, 0.0, 0.0, 1.0]}
data modify storage ps:ani_data data[-1].frames[-1].part_12 set value {interpolation_duration:1,start_interpolation:0,transformation:[0.9692417878814417, -0.10266885707764156, 0.22367266800116054, 0.1662115814166971, 0.0725946539057496, 0.9876596522908978, 0.1387747363929287, -0.347020936560689, -0.2351603130817167, -0.1182688336925381, 0.964734217351243, -1.9763417120716344, 0.0, 0.0, 0.0, 1.0]}
data modify storage ps:ani_data data[-1].frames[-1].part_13 set value {interpolation_duration:1,start_interpolation:0,transformation:[0.4390036403369037, -0.8560969291163625, -0.2727156976202145, -0.11798824673720773, 0.014742184828716032, -0.2966241571650289, 0.9548805042373689, -0.3524756462208181, -0.8983643313029643, -0.4232164426669525, -0.1175983456469839, -2.166576349426556, 0.0, 0.0, 0.0, 1.0]}
