#0
data modify storage ps:ani_data data append value {ani_tag:'boss',height:0.1,width:0.3}
data modify storage ps:ani_data data[-1].parts.part_1 set value {name:'coin',init_pos:[0.8030601217229444, -0.14826793806047225, 0.577157742252173, -0.05287855320034332, -0.021001856967572192, 0.9609072736264447, 0.276072696034408, -0.481032111397721, -0.595527801955747, -0.2338243572322801, 0.7685524100948924, -2.3085088568191003, 0.0, 0.0, 0.0, 1.0],item_model:'cointosser:boss_body'}
data modify storage ps:ani_data data[-1].parts.part_2 set value {name:'coin',init_pos:[0.7637603565709955, -0.2890658372912996, 0.577157742252173, -0.08266804283539639, 0.15064964888297244, 0.9492568407948032, 0.27607269603440804, 0.21410072622476078, -0.6276741200830116, -0.12390476954237654, 0.7685524100948924, -2.373194051154431, 0.0, 0.0, 0.0, 1.0],item_model:'cointosser:boss_tie'}
data modify storage ps:ani_data data[-1].parts.part_3 set value {name:'coin',init_pos:[0.9150836063301909, -0.07151153665197066, 0.3968728934449996, -0.16407950674569752, 0.07777115655857234, 0.9969711848704362, 0.0003220956075455361, 0.2396483438221125, -0.39569387237266407, 0.03057051951982881, 0.9178735221712269, -2.48387712474331, 0.0, 0.0, 0.0, 1.0],item_model:'cointosser:boss_head'}
data modify storage ps:ani_data data[-1].parts.part_4 set value {name:'coin',init_pos:[0.9205418564575765, -0.07879708709348296, 0.3826143091616162, -0.07380022546594399, 0.025456782704365064, 0.989463517124663, 0.14252684130939824, 0.3643502658328036, -0.3898135999730916, -0.12146179376607975, 0.9128485032748559, -2.2505874292605252, 0.0, 0.0, 0.0, 1.0],item_model:'cointosser:boss_hair'}
data modify storage ps:ani_data data[-1].parts.part_5 set value {name:'coin',init_pos:[0.9150836063301909, -0.07151153665197066, 0.3968728934449996, -0.08412020850473413, 0.07777115655857234, 0.9969711848704362, 0.0003220956075455361, 0.34296870633601356, -0.39569387237266407, 0.03057051951982881, 0.9178735221712269, -2.2495223495826715, 0.0, 0.0, 0.0, 1.0],item_model:'cointosser:boss_eye'}
data modify storage ps:ani_data data[-1].parts.part_6 set value {name:'coin',init_pos:[0.9161387734606447, -0.0564061540137189, 0.3968728934449996, -0.0764484185388427, 0.0613140659409923, 0.9981184707098668, 0.0003220956075455361, 0.4185613165012451, -0.3961443336459691, 0.0240388064840453, 0.9178735221712269, -2.246056810601753, 0.0, 0.0, 0.0, 1.0],item_model:'cointosser:boss_eyelid'}
data modify storage ps:ani_data data[-1].parts.part_7 set value {name:'coin',init_pos:[0.5883303408162627, -0.5555563568553162, 0.5875581200465779, 0.05521901594259763, 0.07294811046069911, 0.7601197246466431, 0.6456752878834106, 0.11428447037691385, -0.8053235270717192, -0.33700910753384694, 0.4877282831495484, -2.6035310305782122, 0.0, 0.0, 0.0, 1.0],item_model:'cointosser:boss_left_arm_upper'}
data modify storage ps:ani_data data[-1].parts.part_8 set value {name:'coin',init_pos:[0.5883303408162627, -0.7924751800134264, -0.16078090414507457, 0.24926407460795122, 0.07294811046069911, -0.14600746436289924, 0.9865902865579665, -0.06890657542905629, -0.8053235270717192, -0.5921696626922086, -0.028091054301360913, -2.594777834357724, 0.0, 0.0, 0.0, 1.0],item_model:'cointosser:boss_left_arm_lower'}
data modify storage ps:ani_data data[-1].parts.part_16 set value {name:'coin',init_pos:[-0.2073935370399776, -0.027070464599033256, 0.9778829739495621, 0.5306250797911146, 0.12367133694059396, 0.9908714034502494, 0.05365875738273512, 0.09935360723161807, -0.9704088422996637, 0.13206457424656193, -0.20215248456474855, -2.3303346692898517, 0.0, 0.0, 0.0, 1.0],item_model:'cointosser:boss_pipe'}
data modify storage ps:ani_data data[-1].parts.part_9 set value {name:'coin',init_pos:[0.9815345560452098, 0.18438156752868495, -0.05092497270296925, -0.3254494151377723, -0.19079186003508725, 0.9627754344734973, -0.19147305011076665, 0.09938398989758923, 0.013725211600730702, 0.19765348549932923, 0.9801758608721609, -2.3070239812094377, 0.0, 0.0, 0.0, 1.0],item_model:'cointosser:boss_right_arm_upper'}
data modify storage ps:ani_data data[-1].parts.part_10 set value {name:'coin',init_pos:[0.9815345560452098, 0.19038425180615517, -0.01854054889542578, -0.4635636716491819, -0.19079186003508722, 0.9813497445956505, -0.02347647602181613, -0.12342313184249562, 0.013725211600730536, 0.02658035827940919, 0.9995524514102565, -2.3577240911718387, 0.0, 0.0, 0.0, 1.0],item_model:'cointosser:boss_right_arm_lower'}
data modify storage ps:ani_data data[-1].parts.part_15 set value {name:'coin',init_pos:[0.0, 0.0, 0.0, -0.5349577660764903, 0.0, 0.0, 0.0, -0.4914292860658647, 0.0, 0.0, 0.0, -2.367691725526617, 0.0, 0.0, 0.0, 1.0],item_model:'cointosser:boss_sickle'}
data modify storage ps:ani_data data[-1].parts.part_17 set value {name:'coin',init_pos:[0.0, 0.0, 0.0, -0.5349577660764903, 0.0, 0.0, 0.0, -0.4914292860658647, 0.0, 0.0, 0.0, -2.367691725526617, 0.0, 0.0, 0.0, 1.0],item_model:'cointosser:boss_money_box'}
data modify storage ps:ani_data data[-1].parts.part_11 set value {name:'coin',init_pos:[0.9688206694689533, -0.213524740786117, -0.12567297037131997, 0.08550725494819578, 0.07591753515961827, -0.22699680174488263, 0.9709320160819102, -0.4287474829365197, -0.23584536939490086, -0.950199787976095, -0.20370892141771002, -2.333639422181291, 0.0, 0.0, 0.0, 1.0],item_model:'cointosser:boss_left_leg_upper'}
data modify storage ps:ani_data data[-1].parts.part_12 set value {name:'coin',init_pos:[0.9688206694689532, -0.10772496757386503, 0.2231184478498789, 0.16557903274298966, 0.07591753515961938, 0.9862863212673729, 0.14654630782165884, -0.3436236822821887, -0.23584536939490103, -0.12503848944257995, 0.9637127880716849, -1.9773145016902556, 0.0, 0.0, 0.0, 1.0],item_model:'cointosser:boss_left_leg_lower'}
data modify storage ps:ani_data data[-1].parts.part_13 set value {name:'coin',init_pos:[0.43877688335929843, -0.8546413431693541, -0.27760227155983963, -0.1186201501577127, 0.01080113510514634, -0.3038904437883796, 0.9526457545460127, -0.35183613172051226, -0.898531124730769, -0.42099735476578015, -0.12410900519412332, -2.1674510146027943, 0.0, 0.0, 0.0, 1.0],item_model:'cointosser:boss_right_leg_upper'}
data modify storage ps:ani_data data[-1].parts.part_14 set value {name:'coin',init_pos:[0.43877688335929843, -0.8020112603830031, 0.40528111829737073, 0.20187035353079502, 0.01080113510514634, 0.4556905558771609, 0.8900727233011942, -0.23787721529986983, -0.898531124730769, -0.3861658393789267, 0.2086091138632925, -2.009577006565627, 0.0, 0.0, 0.0, 1.0],item_model:'cointosser:boss_right_leg_lower'}
#1
data modify storage ps:ani_data data[-1].frames append value {}
data modify storage ps:ani_data data[-1].frames[-1].part_1 set value {interpolation_duration:1,start_interpolation:0,transformation:[0.8031184606833701, -0.14815450913893416, 0.57710569182029, -0.05287855320034332, -0.02097807648752531, 0.9609598987970158, 0.2758912706319512, -0.481032111397721, -0.5954499629830015, -0.23367993993030395, 0.7686566380756181, -2.3085088568191003, 0.0, 0.0, 0.0, 1.0]}
data modify storage ps:ani_data data[-1].frames[-1].part_2 set value {interpolation_duration:1,start_interpolation:0,transformation:[0.7638374786272678, -0.28915453965596205, 0.5770112290421104, -0.08259656675582429, 0.15068427180045624, 0.9492139460102968, 0.27620125801945067, 0.21411422785422118, -0.627571953226325, -0.12402635565035987, 0.7686162284441995, -2.373081735761732, 0.0, 0.0, 0.0, 1.0]}
data modify storage ps:ani_data data[-1].frames[-1].part_3 set value {interpolation_duration:1,start_interpolation:0,transformation:[0.9151689195278764, -0.07010802796214136, 0.3969265840749891, -0.16399443505454392, 0.07566852036450666, 0.9971316520286352, 0.0016563660497402322, 0.23968781270004086, -0.39590418507010783, 0.028518992582209052, 0.9178488673556611, -2.4837688117668284, 0.0, 0.0, 0.0, 1.0]}
data modify storage ps:ani_data data[-1].frames[-1].part_4 set value {interpolation_duration:1,start_interpolation:0,transformation:[0.9205539585345145, -0.07741300943533781, 0.3828676473621137, -0.07352629253106432, 0.023358757698577412, 0.9893208219303536, 0.14387035738409948, 0.36474336071605523, -0.38991637291246795, -0.12349711440035199, 0.9125314706187243, -2.250741720855137, 0.0, 0.0, 0.0, 1.0]}
data modify storage ps:ani_data data[-1].frames[-1].part_5 set value {interpolation_duration:1,start_interpolation:0,transformation:[0.9151689195278764, -0.07010802796214136, 0.3969265840749891, -0.08389417654707679, 0.07566852036450666, 0.9971316520286352, 0.0016563660497402322, 0.3436333448282183, -0.39590418507010783, 0.028518992582209052, 0.9178488673556611, -2.2496247017720914, 0.0, 0.0, 0.0, 1.0]}
data modify storage ps:ani_data data[-1].frames[-1].part_6 set value {interpolation_duration:1,start_interpolation:0,transformation:[0.9162009221066137, -0.055001428940998326, 0.3969265840749891, -0.076098002407468, 0.059209068723303476, 0.9982442299519833, 0.0016563660497402322, 0.4189673063388547, -0.3963207747669941, 0.021984089292484132, 0.9178488673556611, -2.2463227304765296, 0.0, 0.0, 0.0, 1.0]}
data modify storage ps:ani_data data[-1].frames[-1].part_7 set value {interpolation_duration:1,start_interpolation:0,transformation:[0.5884427053712566, -0.5552772176537566, 0.5877094469634287, 0.05530449375866537, 0.07289378582873822, 0.7603519855701972, 0.6454078974005605, 0.11432330622853258, -0.8052463464573503, -0.33694520265788175, 0.4878998380025639, -2.603421310021291, 0.0, 0.0, 0.0, 1.0]}
data modify storage ps:ani_data data[-1].frames[-1].part_8 set value {interpolation_duration:1,start_interpolation:0,transformation:[0.5884427053712566, -0.7924482434227523, -0.16050222425733146, 0.24929030180065984, 0.07289378582873822, -0.14570532941001854, 0.9866389678950815, -0.06893089774257263, -0.8052463464573503, -0.592280118252936, -0.027974685688623505, -2.5946768543371967, 0.0, 0.0, 0.0, 1.0]}
data modify storage ps:ani_data data[-1].frames[-1].part_16 set value {interpolation_duration:1,start_interpolation:0,transformation:[-0.2072481098315293, -0.026808896345189542, 0.9779210111496794, 0.530668055826112, 0.12386173343632093, 0.9908608829928066, 0.05341330868674472, 0.09921460910145712, -0.9704156284610261, 0.1321967988699747, -0.20203344873342988, -2.3301785747103643, 0.0, 0.0, 0.0, 1.0]}
data modify storage ps:ani_data data[-1].frames[-1].part_9 set value {interpolation_duration:1,start_interpolation:0,transformation:[0.9815153368894822, 0.18445147270751827, -0.05104211659751551, -0.3254025870540939, -0.1908858251838544, 0.9627254016424075, -0.19163090245663403, 0.09937143411857179, 0.013792940027624712, 0.19783188632900592, 0.9801389184992614, -2.3069630418733844, 0.0, 0.0, 0.0, 1.0]}
data modify storage ps:ani_data data[-1].frames[-1].part_10 set value {interpolation_duration:1,start_interpolation:0,transformation:[0.9815153368894822, 0.19047321606616657, -0.018643964496269094, -0.46353251806436246, -0.19088582518385444, 0.9813275320371092, -0.023640571267102894, -0.12341437018104387, 0.01379294002762449, 0.02676245181905923, 0.9995466602305401, -2.357714101583226, 0.0, 0.0, 0.0, 1.0]}
data modify storage ps:ani_data data[-1].frames[-1].part_15 set value {interpolation_duration:1,start_interpolation:0,transformation:[0.0, 0.0, 0.0, -0.534959974089175, 0.0, 0.0, 0.0, -0.4914121946949598, 0.0, 0.0, 0.0, -2.3677500210153735, 0.0, 0.0, 0.0, 1.0]}
data modify storage ps:ani_data data[-1].frames[-1].part_17 set value {interpolation_duration:1,start_interpolation:0,transformation:[0.0, 0.0, 0.0, -0.534959974089175, 0.0, 0.0, 0.0, -0.4914121946949598, 0.0, 0.0, 0.0, -2.3677500210153735, 0.0, 0.0, 0.0, 1.0]}
data modify storage ps:ani_data data[-1].frames[-1].part_11 set value {interpolation_duration:1,start_interpolation:0,transformation:[0.968829215264686, -0.21355145145537396, -0.12556165509786654, 0.08551468193823082, 0.07584233874099225, -0.22682717626301188, 0.9709775341185012, -0.4287562421994999, -0.23583445741432535, -0.9502342919984794, -0.20356055365968945, -2.33361673512698, 0.0, 0.0, 0.0, 1.0]}
data modify storage ps:ani_data data[-1].frames[-1].part_12 set value {interpolation_duration:1,start_interpolation:0,transformation:[0.968829215264686, -0.10761183566422809, 0.22313593272843357, 0.16559647623399606, 0.07584233874099336, 0.9863177645282063, 0.1463735188836358, -0.34369605110087054, -0.23583445741432563, -0.12488779044028621, 0.963734999102468, -1.9772788756275497, 0.0, 0.0, 0.0, 1.0]}
data modify storage ps:ani_data data[-1].frames[-1].part_13 set value {interpolation_duration:1,start_interpolation:0,transformation:[0.4387322458879385, -0.8545999387881309, -0.27780021785709325, -0.11862236736448338, 0.010939436854249807, -0.3040394209391252, 0.9525966403658545, -0.35185339447528846, -0.898551247920472, -0.4209738413943606, -0.12404305592107218, -2.167436238712664, 0.0, 0.0, 0.0, 1.0]}
data modify storage ps:ani_data data[-1].frames[-1].part_14 set value {interpolation_duration:1,start_interpolation:0,transformation:[0.4387322458879385, -0.8019963968076402, 0.405358848337726, 0.2018526096810657, 0.010939436854249807, 0.4558247413412885, 0.8900023224140817, -0.23783861162311654, -0.898551247920472, -0.3860383202335092, 0.20875840144016516, -2.009571048189779, 0.0, 0.0, 0.0, 1.0]}
#2
data modify storage ps:ani_data data[-1].frames append value {}
data modify storage ps:ani_data data[-1].frames[-1].part_1 set value {interpolation_duration:1,start_interpolation:0,transformation:[0.8032791526615605, -0.1478421889778248, 0.5769621218568605, -0.05287855320034332, -0.020912551167821987, 0.9611046837856154, 0.2753914523165258, -0.481032111397721, -0.595235472819773, -0.23328196236228207, 0.7689435986686046, -2.3085088568191003, 0.0, 0.0, 0.0, 1.0]}
data modify storage ps:ani_data data[-1].frames[-1].part_2 set value {interpolation_duration:1,start_interpolation:0,transformation:[0.7640499133941514, -0.28939861243988446, 0.576607468699686, -0.08239979289049032, 0.15077953923123502, 0.9490957077744241, 0.27655536160664373, 0.21415129024445534, -0.6272904115253207, -0.12436149163641694, 0.768791882765654, -2.372772256109594, 0.0, 0.0, 0.0, 1.0]}
data modify storage ps:ani_data data[-1].frames[-1].part_3 set value {interpolation_duration:1,start_interpolation:0,transformation:[0.9151609267563244, -0.06923082764455754, 0.3970989431390558, -0.16376019493371194, 0.07300895076837571, 0.9973154744912065, 0.005615821229411788, 0.2397964014414906, -0.39642170884829997, 0.023852397029007072, 0.9177586239909512, -2.4834703285908115, 0.0, 0.0, 0.0, 1.0]}
data modify storage ps:ani_data data[-1].frames[-1].part_4 set value {interpolation_duration:1,start_interpolation:0,transformation:[0.920501341804361, -0.0765709685996726, 0.3831633679047083, -0.07313931260451767, 0.020723167840491663, 0.9887978128236818, 0.1478155461031003, 0.36586479106024444, -0.39018947967753514, -0.12812404974403085, 0.9117765065114167, -2.251049122964448, 0.0, 0.0, 0.0, 1.0]}
data modify storage ps:ani_data data[-1].frames[-1].part_5 set value {interpolation_duration:1,start_interpolation:0,transformation:[0.9151609267563244, -0.06923082764455754, 0.3970989431390558, -0.0835774668819507, 0.07300895076837571, 0.9973154744912065, 0.005615821229411788, 0.3455187818795396, -0.39642170884829997, 0.023852397029007072, 0.9177586239909512, -2.2498132429056485, 0.0, 0.0, 0.0, 1.0]}
data modify storage ps:ani_data data[-1].frames[-1].part_6 set value {interpolation_duration:1,start_interpolation:0,transformation:[0.9161784597116912, -0.05412447984191643, 0.3970989431390558, -0.07566278632391271, 0.05654682860871528, 0.9983841538837722, 0.005615821229411788, 0.42011110527819556, -0.39676124575695343, 0.017309591434407468, 0.9177586239909512, -2.246884159493567, 0.0, 0.0, 0.0, 1.0]}
data modify storage ps:ani_data data[-1].frames[-1].part_7 set value {interpolation_duration:1,start_interpolation:0,transformation:[0.5887518923512696, -0.5545080401143395, 0.588125873177973, 0.05553986685390628, 0.07274388999546219, 0.7609912550503142, 0.6446709518857474, 0.11443017817633305, -0.805033872406079, -0.33676867904468444, 0.48837211334531694, -2.6031189515004693, 0.0, 0.0, 0.0, 1.0]}
data modify storage ps:ani_data data[-1].frames[-1].part_8 set value {interpolation_duration:1,start_interpolation:0,transformation:[0.5887518923512696, -0.7923736986343484, -0.1597345640909384, 0.2493623667904226, 0.07274388999546219, -0.14487303856193764, 0.9867725822934884, -0.06899789589917077, -0.805033872406079, -0.5925839387043446, -0.027653930435264706, -2.594398707277368, 0.0, 0.0, 0.0, 1.0]}
data modify storage ps:ani_data data[-1].frames[-1].part_16 set value {interpolation_duration:1,start_interpolation:0,transformation:[-0.20684748779662993, -0.026088424994539894, 0.978025311979975, 0.5307861303022843, 0.12438596367616309, 0.9908314372848521, 0.05273703564276602, 0.09883166698889212, -0.970434051768885, 0.13256114426685678, -0.20170595974855654, -2.3297487592149912, 0.0, 0.0, 0.0, 1.0]}
data modify storage ps:ani_data data[-1].frames[-1].part_9 set value {interpolation_duration:1,start_interpolation:0,transformation:[0.9814623320728774, 0.18464382119554024, -0.051364871423756064, -0.3252737004647554, -0.19114462116975445, 0.9625873977729511, -0.19206570606583914, 0.09933675536694395, 0.013979432032119765, 0.19832337467632935, 0.9800369454959602, -2.3067951702584275, 0.0, 0.0, 0.0, 1.0]}
data modify storage ps:ani_data data[-1].frames[-1].part_10 set value {interpolation_duration:1,start_interpolation:0,transformation:[0.9814623320728773, 0.19071807989819883, -0.018928938745050305, -0.4634467493954727, -0.19114462116975442, 0.9812661617854581, -0.024092603277888675, -0.12339028584162946, 0.013979432032119543, 0.027264147424391594, 0.9995305106625212, -2.3576865856805207, 0.0, 0.0, 0.0, 1.0]}
data modify storage ps:ani_data data[-1].frames[-1].part_15 set value {interpolation_duration:1,start_interpolation:0,transformation:[0.0, 0.0, 0.0, -0.5349660293572972, 0.0, 0.0, 0.0, -0.49136509651117616, 0.0, 0.0, 0.0, -2.3679106409646677, 0.0, 0.0, 0.0, 1.0]}
data modify storage ps:ani_data data[-1].frames[-1].part_17 set value {interpolation_duration:1,start_interpolation:0,transformation:[0.0, 0.0, 0.0, -0.5349660293572972, 0.0, 0.0, 0.0, -0.49136509651117616, 0.0, 0.0, 0.0, -2.3679106409646677, 0.0, 0.0, 0.0, 1.0]}
data modify storage ps:ani_data data[-1].frames[-1].part_11 set value {interpolation_duration:1,start_interpolation:0,transformation:[0.9688526978986365, -0.21362488975834043, -0.1252551645652596, 0.08553512020459456, 0.07563538478626664, -0.2263597977104298, 0.9711027394404397, -0.4287803790824358, -0.23580444937016498, -0.9503292316119873, -0.20315169997074362, -2.333554237037345, 0.0, 0.0, 0.0, 1.0]}
data modify storage ps:ani_data data[-1].frames[-1].part_12 set value {interpolation_duration:1,start_interpolation:0,transformation:[0.9688526978986365, -0.10730035195840995, 0.22318396950528274, 0.16564445386397225, 0.07563538478626777, 0.9864041895541144, 0.14589744137003915, -0.3438954549410248, -0.23580444937016526, -0.12447252427621192, 0.9637960636760978, -1.9771807751828498, 0.0, 0.0, 0.0, 1.0]}
data modify storage ps:ani_data data[-1].frames[-1].part_13 set value {interpolation_duration:1,start_interpolation:0,transformation:[0.43861001288780943, -0.8544851353855254, -0.27834584602565215, -0.11862850728851512, 0.011317271922430538, -0.3044518209911036, 0.952460502095197, -0.35190097376858076, -0.8986062407699988, -0.42090882872705515, -0.12386517649779213, -2.167395546256324, 0.0, 0.0, 0.0, 1.0]}
data modify storage ps:ani_data data[-1].frames[-1].part_14 set value {interpolation_duration:1,start_interpolation:0,transformation:[0.43861001288780943, -0.8019553165488023, 0.40557234478409193, 0.2018034184810569, 0.011317271922430538, 0.4561923526159093, 0.8898092249302632, -0.23773154089691687, -0.8986062407699988, -0.38568926310421514, 0.20916648004720584, -2.009554735483678, 0.0, 0.0, 0.0, 1.0]}
#3
data modify storage ps:ani_data data[-1].frames append value {}
data modify storage ps:ani_data data[-1].frames[-1].part_1 set value {interpolation_duration:1,start_interpolation:0,transformation:[0.8035241672813388, -0.14736630363902442, 0.5767426507087904, -0.05287855320034332, -0.020812576477436284, 0.961324967896466, 0.2746291003503256, -0.481032111397721, -0.5949081855674888, -0.23267461969589467, 0.7693807718510834, -2.3085088568191003, 0.0, 0.0, 0.0, 1.0]}
data modify storage ps:ani_data data[-1].frames[-1].part_2 set value {interpolation_duration:1,start_interpolation:0,transformation:[0.764373838442074, -0.28977004410094814, 0.575991281745709, -0.08210005561357381, 0.15092451591353315, 0.9489151800252321, 0.277095239248073, 0.2142074415748901, -0.6268607705077704, -0.12487314627018785, 0.7690593421440172, -2.3723000613786422, 0.0, 0.0, 0.0, 1.0]}
data modify storage ps:ani_data data[-1].frames[-1].part_3 set value {interpolation_duration:1,start_interpolation:0,transformation:[0.9150596483342167, -0.06888434281873837, 0.39739248521441595, -0.16340328092961165, 0.06984603504504326, 0.997484721536291, 0.012073180614661894, 0.23996161452462858, -0.3972245855670892, 0.01670860904139493, 0.9175693167303252, -2.4830148215910213, 0.0, 0.0, 0.0, 1.0]}
data modify storage ps:ani_data data[-1].frames[-1].part_4 set value {interpolation_duration:1,start_interpolation:0,transformation:[0.9203842763195409, -0.07627567763424548, 0.38350333102228895, -0.07266570247834993, 0.017604551098794302, 0.9878779645644532, 0.15423101798471983, 0.3676654998703303, -0.39061856546299045, -0.1352003998863527, 0.9105701445721825, -2.2515339162782655, 0.0, 0.0, 0.0, 1.0]}
data modify storage ps:ani_data data[-1].frames[-1].part_5 set value {interpolation_duration:1,start_interpolation:0,transformation:[0.9150596483342167, -0.06888434281873837, 0.39739248521441595, -0.0831941645555429, 0.06984603504504326, 0.997484721536291, 0.012073180614661894, 0.34854576399657544, -0.3972245855670892, 0.01670860904139493, 0.9175693167303252, -2.250128281073019, 0.0, 0.0, 0.0, 1.0]}
data modify storage ps:ani_data data[-1].frames[-1].part_6 set value {interpolation_duration:1,start_interpolation:0,transformation:[0.9160714792937203, -0.05377971290110231, 0.39739248521441595, -0.0751694188581255, 0.0533815513032596, 0.998501200945849, 0.012073180614661894, 0.42194119609960995, -0.39744616592070936, 0.010153530911549608, 0.9175693167303252, -2.2477579859722976, 0.0, 0.0, 0.0, 1.0]}
data modify storage ps:ani_data data[-1].frames[-1].part_7 set value {interpolation_duration:1,start_interpolation:0,transformation:[0.5892224310105018, -0.5533343888594904, 0.5887596970747646, 0.055898548845601116, 0.07251460052576458, 0.7619646152051391, 0.6435460806235035, 0.11459284941821124, -0.8047102332545939, -0.3364981118532145, 0.48909146508046764, -2.6026575405209065, 0.0, 0.0, 0.0, 1.0]}
data modify storage ps:ani_data data[-1].frames[-1].part_8 set value {interpolation_duration:1,start_interpolation:0,transformation:[0.5892224310105018, -0.7922590512550716, -0.1585639382031368, 0.2494717489677082, 0.07251460052576458, -0.14360379729191786, 0.9869749652923981, -0.06910006058378329, -0.8047102332545939, -0.5930459890326849, -0.02716422992800052, -2.593974596925221, 0.0, 0.0, 0.0, 1.0]}
data modify storage ps:ani_data data[-1].frames[-1].part_16 set value {interpolation_duration:1,start_interpolation:0,transformation:[-0.20623650198438886, -0.024989906955471458, 0.9781830144710137, 0.5309653141403229, 0.12518469450209394, 0.9907852190193901, 0.05170533855527902, 0.09824755695132964, -0.9704613838333086, 0.1331170699912504, -0.20120772392053926, -2.3290937944318544, 0.0, 0.0, 0.0, 1.0]}
data modify storage ps:ani_data data[-1].frames[-1].part_9 set value {interpolation_duration:1,start_interpolation:0,transformation:[0.9813813253299339, 0.18493653293134668, -0.051857237498688535, -0.3250774612459327, -0.1915391442708836, 0.9623764378749567, -0.19272869022303585, 0.0992836123542915, 0.014263607735775896, 0.19907302833493606, 0.9798808493301201, -2.3065391605862993, 0.0, 0.0, 0.0, 1.0]}
data modify storage ps:ani_data data[-1].frames[-1].part_10 set value {interpolation_duration:1,start_interpolation:0,transformation:[0.9813813253299339, 0.19109091501861264, -0.019363793301205856, -0.4633160937284507, -0.19153914427088356, 0.981172059955636, -0.024781948559209815, -0.12335370233905238, 0.01426360773577573, 0.028029465920046903, 0.9995053269165686, -2.3576446308952623, 0.0, 0.0, 0.0, 1.0]}
data modify storage ps:ani_data data[-1].frames[-1].part_15 set value {interpolation_duration:1,start_interpolation:0,transformation:[0.0, 0.0, 0.0, -0.5349751868604303, 0.0, 0.0, 0.0, -0.49129322482241594, 0.0, 0.0, 0.0, -2.36815568061528, 0.0, 0.0, 0.0, 1.0]}
data modify storage ps:ani_data data[-1].frames[-1].part_17 set value {interpolation_duration:1,start_interpolation:0,transformation:[0.0, 0.0, 0.0, -0.5349751868604303, 0.0, 0.0, 0.0, -0.49129322482241594, 0.0, 0.0, 0.0, -2.36815568061528, 0.0, 0.0, 0.0, 1.0]}
data modify storage ps:ani_data data[-1].frames[-1].part_11 set value {interpolation_duration:1,start_interpolation:0,transformation:[0.968888344130493, -0.21373648340118723, -0.12478818963093213, 0.08556622962038483, 0.07532031585985591, -0.22564673165450827, 0.9712931599225899, -0.42881720969510106, -0.23575883149278404, -0.9504737072412537, -0.20252778875064198, -2.333458921660311, 0.0, 0.0, 0.0, 1.0]}
data modify storage ps:ani_data data[-1].frames[-1].part_12 set value {interpolation_duration:1,start_interpolation:0,transformation:[0.9688883441304927, -0.10682579381672558, 0.22325686189566074, 0.16571741089583, 0.07532031585985703, 0.9865354460803772, 0.14517115293942565, -0.3441996853246606, -0.2357588314927842, -0.12383886063113302, 0.9638888473111097, -1.977031281444841, 0.0, 0.0, 0.0, 1.0]}
data modify storage ps:ani_data data[-1].frames[-1].part_13 set value {interpolation_duration:1,start_interpolation:0,transformation:[0.4384256864328014, -0.8543079599555488, -0.2791788441707486, -0.1186379615872708, 0.01188454532464503, -0.3050863667423668, 0.9522505271252772, -0.3519736044296052, -0.8986888644343787, -0.420809004638126, -0.1236046380890149, -2.1673335205392057, 0.0, 0.0, 0.0, 1.0]}
data modify storage ps:ani_data data[-1].frames[-1].part_14 set value {interpolation_duration:1,start_interpolation:0,transformation:[0.4384256864328014, -0.8018922543980829, 0.40589620571309476, 0.20172752339606, 0.01188454532464503, 0.4567472816451924, 0.8895171039907853, -0.23756621690121776, -0.8986888644343787, -0.38516325505697924, 0.2097798653244854, -2.0095301437999082, 0.0, 0.0, 0.0, 1.0]}
#4
data modify storage ps:ani_data data[-1].frames append value {}
data modify storage ps:ani_data data[-1].frames[-1].part_1 set value {interpolation_duration:1,start_interpolation:0,transformation:[0.8038390306104936, -0.14675532830243243, 0.5764596139210684, -0.05287855320034332, -0.02068398559510141, 0.9616072053230497, 0.27364896383998205, -0.481032111397721, -0.5944871618521997, -0.23189320017119827, 0.7699419186583343, -2.3085088568191003, 0.0, 0.0, 0.0, 1.0]}
data modify storage ps:ani_data data[-1].frames[-1].part_2 set value {interpolation_duration:1,start_interpolation:0,transformation:[0.764790135647639, -0.29024608854700124, 0.5751984496669232, -0.08171538966813206, 0.1511103217912911, 0.9486827542218692, 0.2777889531463425, 0.21427896274187347, -0.626308006546458, -0.1255318283351864, 0.7694023921269203, -2.3716926921045074, 0.0, 0.0, 0.0, 1.0]}
data modify storage ps:ani_data data[-1].frames[-1].part_3 set value {interpolation_duration:1,start_interpolation:0,transformation:[0.9148729290787742, -0.0690550595766167, 0.3977925620039846, -0.16294504942716764, 0.06624799245678042, 0.997586065613075, 0.020814542754339804, 0.24017329259456632, -0.398269666349661, 0.007310296949905121, 0.9172392449215383, -2.482428756947499, 0.0, 0.0, 0.0, 1.0]}
data modify storage ps:ani_data data[-1].frames[-1].part_4 set value {interpolation_duration:1,start_interpolation:0,transformation:[0.9202097776873506, -0.07651127799228966, 0.3838749658268731, -0.07212879137324857, 0.014072209509658984, 0.9865426463164536, 0.16289745215455403, 0.37007518648478555, -0.39117251688751414, -0.14449785928834913, 0.9089028719797136, -2.2522051585983762, 0.0, 0.0, 0.0, 1.0]}
data modify storage ps:ani_data data[-1].frames[-1].part_5 set value {interpolation_duration:1,start_interpolation:0,transformation:[0.9148729290787742, -0.0690550595766167, 0.3977925620039846, -0.08276631350206655, 0.06624799245678042, 0.997586065613075, 0.020814542754339804, 0.3526014852785933, -0.398269666349661, 0.007310296949905121, 0.9172392449215383, -2.2506022678695183, 0.0, 0.0, 0.0, 1.0]}
data modify storage ps:ani_data data[-1].frames[-1].part_6 set value {interpolation_duration:1,start_interpolation:0,transformation:[0.9158876016706158, -0.05395348663759597, 0.3977925620039846, -0.07464054019155032, 0.04978232650267932, 0.9985431762211929, 0.020814542754339804, 0.42438371002808495, -0.3983360654949885, 0.0007392575588769379, 0.9172392449215383, -2.2489412904975494, 0.0, 0.0, 0.0, 1.0]}
data modify storage ps:ani_data data[-1].frames[-1].part_7 set value {interpolation_duration:1,start_interpolation:0,transformation:[0.589825524404738, -0.5518246496069131, 0.5895722236052875, 0.0563591242632598, 0.07221864313884427, 0.7632130379246604, 0.6420983774508351, 0.1148013955304097, -0.8042949200037632, -0.3361479061782452, 0.4900145577716257, -2.602063897389149, 0.0, 0.0, 0.0, 1.0]}
data modify storage ps:ani_data data[-1].frames[-1].part_8 set value {interpolation_duration:1,start_interpolation:0,transformation:[0.589825524404738, -0.7921099747686177, -0.15705934748602346, 0.24961142957793225, 0.07221864313884427, -0.14197235407187997, 0.987232656602522, -0.06923136615648871, -0.8042949200037632, -0.5936376323577783, -0.026533810596888058, -2.59342956959494, 0.0, 0.0, 0.0, 1.0]}
data modify storage ps:ani_data data[-1].frames[-1].part_16 set value {interpolation_duration:1,start_interpolation:0,transformation:[-0.20545109416189755, -0.023578258136126767, 0.9783833163187857, 0.5311940733691864, 0.12621008549484455, 0.9907234810398519, 0.05037855134541386, 0.0974965401019928, -0.9704951634228083, 0.13383217049553026, -0.2005694092163412, -2.3282528137357814, 0.0, 0.0, 0.0, 1.0]}
data modify storage ps:ani_data data[-1].frames[-1].part_9 set value {interpolation_duration:1,start_interpolation:0,transformation:[0.98127689246209, 0.1853116774375923, -0.05249040412503714, -0.3248257752570673, -0.19204600450835882, 0.9621043813187885, -0.1935807108148088, 0.09921484646416773, 0.014628481545238547, 0.2000368507362007, 0.9796791647652938, -2.3062100831695656, 0.0, 0.0, 0.0, 1.0]}
data modify storage ps:ani_data data[-1].frames[-1].part_10 set value {interpolation_duration:1,start_interpolation:0,transformation:[0.98127689246209, 0.19156911444312444, -0.01992322040788247, -0.46314840328478624, -0.1920460045083588, 0.9810501951858138, -0.02566800884860071, -0.12330693594287084, 0.014628481545238325, 0.02901359883491772, 0.9994719698972688, -2.3575907159984815, 0.0, 0.0, 0.0, 1.0]}
data modify storage ps:ani_data data[-1].frames[-1].part_15 set value {interpolation_duration:1,start_interpolation:0,transformation:[0.0, 0.0, 0.0, -0.534986821200958, 0.0, 0.0, 0.0, -0.49120075913755096, 0.0, 0.0, 0.0, -2.3684708155615755, 0.0, 0.0, 0.0, 1.0]}
data modify storage ps:ani_data data[-1].frames[-1].part_17 set value {interpolation_duration:1,start_interpolation:0,transformation:[0.0, 0.0, 0.0, -0.534986821200958, 0.0, 0.0, 0.0, -0.49120075913755096, 0.0, 0.0, 0.0, -2.3684708155615755, 0.0, 0.0, 0.0, 1.0]}
data modify storage ps:ani_data data[-1].frames[-1].part_11 set value {interpolation_duration:1,start_interpolation:0,transformation:[0.9689338716428567, -0.21387921438065582, -0.12418870334735502, 0.0856061123168495, 0.0749162852564788, -0.22472961898525678, 0.9715370031831578, -0.4288645896328711, -0.23570045096807468, -0.9506588662641582, -0.20172510356123616, -2.3333363954642943, 0.0, 0.0, 0.0, 1.0]}
data modify storage ps:ani_data data[-1].frames[-1].part_12 set value {interpolation_duration:1,start_interpolation:0,transformation:[0.9689338716428566, -0.10621661589561315, 0.2233499113294382, 0.16581081770959544, 0.07491628525647992, 0.9867031989887028, 0.1442371218127632, -0.3445909825134, -0.2357004509680749, -0.12302368720349736, 0.9640075050539294, -1.976839320615235, 0.0, 0.0, 0.0, 1.0]}
data modify storage ps:ani_data data[-1].frames[-1].part_13 set value {interpolation_duration:1,start_interpolation:0,transformation:[0.43819249298576807, -0.8540765233880923, -0.28025101478536557, -0.11865027518011342, 0.01259775815162624, -0.30591185515430014, 0.9519764878218409, -0.35206709014218635, -0.8987928769079507, -0.42067948496850205, -0.123288828959339, -2.1672538481774435, 0.0, 0.0, 0.0, 1.0]}
data modify storage ps:ani_data data[-1].frames[-1].part_14 set value {interpolation_duration:1,start_interpolation:0,transformation:[0.43819249298576807, -0.8018103721004761, 0.40630956951936736, 0.20162842109042112, 0.01259775815162624, 0.4574506519542797, 0.8891457684295403, -0.2373501444593238, -0.8987928769079507, -0.3844984112043903, 0.21055245474899814, -2.009499041314255, 0.0, 0.0, 0.0, 1.0]}
#5
data modify storage ps:ani_data data[-1].frames append value {}
data modify storage ps:ani_data data[-1].frames[-1].part_1 set value {interpolation_duration:1,start_interpolation:0,transformation:[0.8042118658461846, -0.14603269994341078, 0.5761230123675289, -0.05287855320034332, -0.02053155117780176, 0.9619401775215909, 0.27248770665107724, -0.481032111397721, -0.5939879882947393, -0.23096654609914388, 0.7706054271445281, -2.3085088568191003, 0.0, 0.0, 0.0, 1.0]}
data modify storage ps:ani_data data[-1].frames[-1].part_2 set value {interpolation_duration:1,start_interpolation:0,transformation:[0.7652831202783655, -0.2908079226934791, 0.5742582153663212, -0.08126065786549709, 0.1513296085456113, 0.9484069047368663, 0.278610288081522, 0.21436272397975742, -0.6256525356733085, -0.12631347966919473, 0.7698076444537423, -2.3709726788691956, 0.0, 0.0, 0.0, 1.0]}
data modify storage ps:ani_data data[-1].frames[-1].part_3 set value {interpolation_duration:1,start_interpolation:0,transformation:[0.9146154146018719, -0.06970961572337739, 0.39827027612959615, -0.1624030781579014, 0.062299578711887287, 0.9975591854856172, 0.031534646749149325, 0.24042302174347213, -0.39949644036582727, -0.004030003594455905, 0.9167258877145674, -2.481733766393458, 0.0, 0.0, 0.0, 1.0]}
data modify storage ps:ani_data data[-1].frames[-1].part_4 set value {interpolation_duration:1,start_interpolation:0,transformation:[0.9199905058656648, -0.0772399038551339, 0.3842544292125828, -0.07154921109092459, 0.010211635164499008, 0.9847802029345987, 0.1735041048948343, 0.3730015816164617, -0.3918075951590336, -0.15569826319050623, 0.9067771827826033, -2.2530560449141235, 0.0, 0.0, 0.0, 1.0]}
data modify storage ps:ani_data data[-1].frames[-1].part_5 set value {interpolation_duration:1,start_interpolation:0,transformation:[0.9146154146018719, -0.06970961572337739, 0.39827027612959615, -0.08231387317029713, 0.062299578711887287, 0.9975591854856172, 0.031534646749149325, 0.35753715126789515, -0.39949644036582727, -0.004030003594455905, 0.9167258877145674, -2.2512562590576057, 0.0, 0.0, 0.0, 1.0]}
data modify storage ps:ani_data data[-1].frames[-1].part_6 set value {interpolation_duration:1,start_interpolation:0,transformation:[0.9156409201028036, -0.05461220179544357, 0.39827027612959615, -0.07409505836969818, 0.045834893469666814, 0.998451164852358, 0.031534646749149325, 0.4273421438849336, -0.39937559761947805, -0.010619737285973124, 0.9167258877145674, -2.2504104068930775, 0.0, 0.0, 0.0, 1.0]}
data modify storage ps:ani_data data[-1].frames[-1].part_7 set value {interpolation_duration:1,start_interpolation:0,transformation:[0.5905373466831603, -0.5500347605491025, 0.590531459246757, 0.05690397579657111, 0.0718663075416136, 0.7646877868545471, 0.6403809979034581, 0.1150476117588228, -0.8038040034814127, -0.3357295799049973, 0.491105663950302, -2.60135994520475, 0.0, 0.0, 0.0, 1.0]}
data modify storage ps:ani_data data[-1].frames[-1].part_8 set value {interpolation_duration:1,start_interpolation:0,transformation:[0.5905373466831603, -0.791930915982828, -0.1552773856136549, 0.24977554218539305, 0.0718663075416136, -0.14004000404677647, 0.9875343189514545, -0.06938686862278758, -0.8038040034814127, -0.5943351088209224, -0.025785701659548674, -2.592784175554883, 0.0, 0.0, 0.0, 1.0]}
data modify storage ps:ani_data data[-1].frames[-1].part_16 set value {interpolation_duration:1,start_interpolation:0,transformation:[-0.20452073278473748, -0.021906753007173874, 0.9786170671073934, 0.531462762045299, 0.1274227545593083, 0.9906469649216371, 0.04880607044279439, 0.09660668521667802, -0.9705332098808943, 0.13467993564087935, -0.19981642438512487, -2.327258014679652, 0.0, 0.0, 0.0, 1.0]}
data modify storage ps:ani_data data[-1].frames[-1].part_9 set value {interpolation_duration:1,start_interpolation:0,transformation:[0.9811527482912092, 0.185754417380102, -0.05324078271763105, -0.3245284725611994, -0.19264599291572934, 0.9617808424500557, -0.19458965159939529, 0.09913273190572511, 0.01506007749382099, 0.2011787949060243, 0.979438760998379, -2.3058202945670176, 0.0, 0.0, 0.0, 1.0]}
data modify storage ps:ani_data data[-1].frames[-1].part_10 set value {interpolation_duration:1,start_interpolation:0,transformation:[0.9811527482912092, 0.19213401430089333, -0.02058652640032438, -0.46295014705852583, -0.1926459929157293, 0.9809045299572168, -0.026717494697748145, -0.1232519168709392, 0.015060077493820878, 0.030179855169227943, 0.9994310233367005, -2.3575268755585697, 0.0, 0.0, 0.0, 1.0]}
data modify storage ps:ani_data data[-1].frames[-1].part_15 set value {interpolation_duration:1,start_interpolation:0,transformation:[0.0, 0.0, 0.0, -0.5350004024213608, 0.0, 0.0, 0.0, -0.49109111560489555, 0.0, 0.0, 0.0, -2.36884432124703, 0.0, 0.0, 0.0, 1.0]}
data modify storage ps:ani_data data[-1].frames[-1].part_17 set value {interpolation_duration:1,start_interpolation:0,transformation:[0.0, 0.0, 0.0, -0.5350004024213608, 0.0, 0.0, 0.0, -0.49109111560489555, 0.0, 0.0, 0.0, -2.36884432124703, 0.0, 0.0, 0.0, 1.0]}
data modify storage ps:ani_data data[-1].frames[-1].part_11 set value {interpolation_duration:1,start_interpolation:0,transformation:[0.9689873750596486, -0.21404724230348493, -0.12347973533047778, 0.08565319934114615, 0.07443911474227706, -0.2236425360081059, 0.971824487386611, -0.4289207653959351, -0.2356316726830197, -0.9508773812380522, -0.2007733066880804, -2.333191254217634, 0.0, 0.0, 0.0, 1.0]}
data modify storage ps:ani_data data[-1].frames[-1].part_12 set value {interpolation_duration:1,start_interpolation:0,transformation:[0.9689873750596485, -0.10549624944461766, 0.2234591871643028, 0.16592091520495303, 0.07443911474227818, 0.9869004960964665, 0.14313011213904103, -0.3450548143928954, -0.23563167268301988, -0.12205716758006278, 0.9641471685748677, -1.9766122362533645, 0.0, 0.0, 0.0, 1.0]}
data modify storage ps:ani_data data[-1].frames[-1].part_13 set value {interpolation_duration:1,start_interpolation:0,transformation:[0.437921810233583, -0.8537970652023792, -0.28152275143147093, -0.11866509470050467, 0.013419112376523351, -0.3069036901033223, 0.9516459701086272, -0.3521780058247701, -0.8989129076527758, -0.4205243113694714, -0.12294262077271688, -2.1671595589063704, 0.0, 0.0, 0.0, 1.0]}
