#0
data modify storage ps:ani_data data append value {ani_tag:'coin',height:0.1,width:0.3}
data modify storage ps:ani_data data[-1].parts.part_1 set value {name:'coin',init_pos:[1.0, 0.0, 0.0, 0.0, 0.0, 1.0, 0.0, 0.03125, 0.0, 0.0, 1.0, 0.0, 0.0, 0.0, 0.0, 2.0],item_model:'coin_test'}
#1
data modify storage ps:ani_data data[-1].frames append value {}
data modify storage ps:ani_data data[-1].frames[-1].part_1 set value {interpolation_duration:1,start_interpolation:0,transformation:[0.9988793425146592, -0.04162436272339279, 0.02252712865309869, -0.00021778096377082464, 0.04593942632462435, 0.7381837342969558, -0.6730336867708523, 0.24746422695031212, 0.011385438351079946, 0.6733143298989505, 0.7392686825142, 0.0009694239955172747, 0.0, 0.0, 0.0, 2.0]}
#2
data modify storage ps:ani_data data[-1].frames append value {}
data modify storage ps:ani_data data[-1].frames[-1].part_1 set value {interpolation_duration:1,start_interpolation:0,transformation:[0.9860897189239235, -0.12009557911617008, 0.11490917330347956, -3.760369810516427e-06, 0.13538452133642492, 0.17926652552179176, -0.9744406314444466, 0.5306086783463321, 0.09642664369895097, 0.976442811793961, 0.19303196025751546, 0.00038044973048086665, 0.0, 0.0, 0.0, 2.0]}
#3
data modify storage ps:ani_data data[-1].frames append value {}
data modify storage ps:ani_data data[-1].frames[-1].part_1 set value {interpolation_duration:1,start_interpolation:0,transformation:[0.9680952114511457, -0.10451970041426831, 0.2277439215229959, 1.1550135714308559e-07, 0.15748587210897078, -0.45315458369823514, -0.8774104645827719, 0.7871038754680847, 0.19490988084609207, 0.8852833193382728, -0.4222364063530896, 9.688736441002576e-05, 0.0, 0.0, 0.0, 2.0]}
#4
data modify storage ps:ani_data data[-1].frames append value {}
data modify storage ps:ani_data data[-1].frames[-1].part_1 set value {interpolation_duration:1,start_interpolation:0,transformation:[0.9537743430904032, -0.0019563504698689727, 0.3005173458476376, 3.112461053759758e-08, 0.13057224877460527, -0.8979636129119067, -0.4202525880183701, 1.0176651501257516, 0.27067580296807503, 0.4400653617123648, -0.8561992099438968, 2.3850895974447924e-05, 0.0, 0.0, 0.0, 2.0]}
#5
data modify storage ps:ani_data data[-1].frames append value {}
data modify storage ps:ani_data data[-1].frames[-1].part_1 set value {interpolation_duration:1,start_interpolation:0,transformation:[0.9461888950033127, 0.14493330891445153, 0.28934565996316325, 9.34447870213156e-10, 0.08494515424271376, -0.973984823866095, 0.2100901798019441, 1.2225709617906597, 0.3122673465847685, -0.17420648336281805, -0.9338850065245015, 5.822164735789271e-06, 0.0, 0.0, 0.0, 2.0]}
#6
data modify storage ps:ani_data data[-1].frames append value {}
data modify storage ps:ani_data data[-1].frames[-1].part_1 set value {interpolation_duration:1,start_interpolation:0,transformation:[0.943223506221572, 0.27587838448040913, 0.1849879301131912, -2.1749475485106322e-09, 0.04254322593426789, -0.6526786701922721, 0.7564394406713283, 1.4019565027529581, 0.32942296707756924, -0.7056214781683773, -0.627358620176119, 1.4095725487898872e-06, 0.0, 0.0, 0.0, 2.0]}
#7
data modify storage ps:ani_data data[-1].frames append value {}
data modify storage ps:ani_data data[-1].frames[-1].part_1 set value {interpolation_duration:1,start_interpolation:0,transformation:[0.9410853782977227, 0.3377762313311837, 0.016295039181747545, -1.335982398587341e-09, 0.00687551641400935, -0.06728765440859959, 0.9977099272024056, 1.5559099069487468, 0.33809915413717423, -0.9388181874633081, -0.06564581372666316, 3.374594426182175e-07, 0.0, 0.0, 0.0, 2.0]}
#8
data modify storage ps:ani_data data[-1].frames append value {}
data modify storage ps:ani_data data[-1].frames[-1].part_1 set value {interpolation_duration:1,start_interpolation:0,transformation:[0.9381210436383055, 0.3060574547724457, -0.16204240760118466, -5.93505725089443e-10, -0.032502253866675754, 0.5436622580194032, 0.8386745213125472, 1.6845037759568713, 0.344778930586778, -0.7815114737375621, 0.519968561972723, 7.950604009922009e-08, 0.0, 0.0, 0.0, 2.0]}
#9
data modify storage ps:ani_data data[-1].frames append value {}
data modify storage ps:ani_data data[-1].frames[-1].part_1 set value {interpolation_duration:1,start_interpolation:0,transformation:[0.936491174796125, 0.19411857448477748, -0.2920655039010451, -2.333708462841815e-10, -0.08550771709414232, 0.9340866376794539, 0.3466562903309858, 1.7878055097251306, 0.3401069094363148, -0.2996667021020028, 0.8913625288315565, 1.8293077295830292e-08, 0.0, 0.0, 0.0, 2.0]}
#10
data modify storage ps:ani_data data[-1].frames append value {}
data modify storage ps:ani_data data[-1].frames[-1].part_1 set value {interpolation_duration:1,start_interpolation:0,transformation:[0.9406835353537305, 0.04734280799057887, -0.3359659876326385, -8.618280473579603e-11, -0.1472434141267786, 0.9490724976485615, -0.27853324972687094, 1.8658806920294857, 0.3056695328466627, 0.3114804211161412, 0.8997477890779251, 4.056585203555347e-09, 0.0, 0.0, 0.0, 2.0]}
#11
data modify storage ps:ani_data data[-1].frames append value {}
data modify storage ps:ani_data data[-1].frames[-1].part_1 set value {interpolation_duration:1,start_interpolation:0,transformation:[0.9537927123986011, -0.07551494957385357, -0.29082117214222536, -3.0665611561068656e-11, -0.19375638432621753, 0.5851929287089781, -0.7874056767142589, 1.9187942001074447, 0.22964739342773005, 0.807370254951139, 0.5435212471578109, 8.45382471622407e-10, 0.0, 0.0, 0.0, 2.0]}
#12
data modify storage ps:ani_data data[-1].frames append value {}
data modify storage ps:ani_data data[-1].frames[-1].part_1 set value {interpolation_duration:1,start_interpolation:0,transformation:[0.9738867113714912, -0.1258660894711098, -0.18895078971857185, -1.0654131423563552e-11, -0.1917716512955299, -0.01057348228023627, -0.9813826140868073, 1.9466105685481045, 0.12152492408311574, 0.991990891588083, -0.034434921705629694, 1.5618079220965502e-10, 0.0, 0.0, 0.0, 2.0]}
#13
data modify storage ps:ani_data data[-1].frames append value {}
data modify storage ps:ani_data data[-1].frames[-1].part_1 set value {interpolation_duration:1,start_interpolation:0,transformation:[0.9928742286042822, -0.08432060287611434, -0.08420690057269209, -3.642382347655317e-12, -0.11808857597234276, -0.60133510845802, -0.790222231755476, 1.9493941088162872, 0.01599544929893678, 0.7945351617558467, -0.607007431861699, 2.1002742904894106e-11, 0.0, 0.0, 0.0, 2.0]}
#14
data modify storage ps:ani_data data[-1].frames append value {}
data modify storage ps:ani_data data[-1].frames[-1].part_1 set value {interpolation_duration:1,start_interpolation:0,transformation:[0.9990280250165492, 0.03215943555404423, -0.030145910773739848, -1.2313035416188568e-12, 0.02180153636038654, -0.9548868013264434, -0.2961686844770728, 1.927208948702124, -0.038310550033375294, 0.29522358875502885, -0.954659800347088, -6.529193592689124e-13, 0.0, 0.0, 0.0, 2.0]}
#15
data modify storage ps:ani_data data[-1].frames append value {}
data modify storage ps:ani_data data[-1].frames[-1].part_1 set value {interpolation_duration:1,start_interpolation:0,transformation:[0.9823509747747319, 0.17748479763288766, -0.059039893024514324, -4.1290219843869846e-13, 0.1870415186619564, -0.9345103559481539, 0.3028297622795402, 1.8801190455310857, -0.0014257123700801423, -0.3085280234190514, -0.9512141851914163, -2.095534139490615e-12, 0.0, 0.0, 0.0, 2.0]}
#16
data modify storage ps:ani_data data[-1].frames append value {}
data modify storage ps:ani_data data[-1].frames[-1].part_1 set value {interpolation_duration:1,start_interpolation:0,transformation:[0.9402998281602067, 0.2948618548326992, -0.16997858608220434, -1.376449086747635e-13, 0.31259667451466744, -0.5506867002326207, 0.773968653931978, 1.8081881907751096, 0.1346088862009351, -0.7808973330416279, -0.6099834448607729, -1.1564803365180792e-12, 0.0, 0.0, 0.0, 2.0]}
#17
data modify storage ps:ani_data data[-1].frames append value {}
data modify storage ps:ani_data data[-1].frames[-1].part_1 set value {interpolation_duration:1,start_interpolation:0,transformation:[0.8808815370918829, 0.33898313864521784, -0.33036063525317017, -4.567213889370969e-14, 0.33544518652521294, 0.04534514286972744, 0.9409677703594256, 1.7114800118453144, 0.33395245836451964, -0.9396990208212206, -0.07376656302101069, -4.962508751651912e-13, 0.0, 0.0, 0.0, 2.0]}
#18
data modify storage ps:ani_data data[-1].frames append value {}
data modify storage ps:ani_data data[-1].frames[-1].part_1 set value {interpolation_duration:1,start_interpolation:0,transformation:[0.8211210366510232, 0.2933235173654599, -0.4896136817221344, -1.5084950180430083e-14, 0.2248503821648711, 0.6222182857766999, 0.7498577935084868, 1.5900579729604536, 0.524597511249777, -0.7258138321949092, 0.4449626188626186, -1.9189471775822011e-13, 0.0, 0.0, 0.0, 2.0]}
#19
data modify storage ps:ani_data data[-1].frames append value {}
data modify storage ps:ani_data data[-1].frames[-1].part_1 set value {interpolation_duration:1,start_interpolation:0,transformation:[0.7809638704271085, 0.1760208819882141, -0.5992596116806154, -4.947307135358039e-15, 0.002479494148381674, 0.9585846581505534, 0.2847969544555466, 1.4439853757117924, 0.6245712811171185, -0.2239019925379801, 0.7481835420144203, -7.018982083749377e-14, 0.0, 0.0, 0.0, 2.0]}
#20
data modify storage ps:ani_data data[-1].frames append value {}
data modify storage ps:ani_data data[-1].frames[-1].part_1 set value {interpolation_duration:1,start_interpolation:0,transformation:[0.7748848599073193, 0.03238284582955761, -0.6312723700451282, -1.5979060208058201e-15, -0.2585569764531275, 0.9275549517559628, -0.2697964073156098, 1.2733253595277867, 0.5768030372786109, 0.3722810266035225, 0.7271210995543977, -2.481187492147671e-14, 0.0, 0.0, 0.0, 2.0]}
#21
data modify storage ps:ani_data data[-1].frames append value {}
data modify storage ps:ani_data data[-1].frames[-1].part_1 set value {interpolation_duration:1,start_interpolation:0,transformation:[0.8047864751021102, -0.0827883267898498, -0.5877625561738833, -4.974074900377873e-16, -0.4579219211860032, 0.5434392601882629, -0.7035490633803395, 1.0781409021052133, 0.3776588984653219, 0.8353561297035954, 0.3994419769836279, -8.548327082935767e-15, 0.0, 0.0, 0.0, 2.0]}
#22
data modify storage ps:ani_data data[-1].frames append value {}
data modify storage ps:ani_data data[-1].frames[-1].part_1 set value {interpolation_duration:1,start_interpolation:0,transformation:[0.8575267241554551, -0.12609805943918206, -0.49874562330399114, -1.4071280987755965e-16, -0.507268729392596, -0.045957362514678586, -0.860561652068645, 0.8584948198285942, 0.08559412094084191, 0.9909526730557655, -0.10337526891862295, -2.8473279035055985e-15, 0.0, 0.0, 0.0, 2.0]}
#23
data modify storage ps:ani_data data[-1].frames append value {}
data modify storage ps:ani_data data[-1].frames[-1].part_1 set value {interpolation_duration:1,start_interpolation:0,transformation:[0.9086421689930891, -0.08172648582811341, -0.409499927035062, -2.811664394278763e-17, -0.3687522875282342, -0.6171932668896352, -0.6950497980352155, 0.6144497681850726, -0.19593662028887898, 0.7825555908817509, -0.5909446573152896, -8.690584737276905e-16, 0.0, 0.0, 0.0, 2.0]}
#24
data modify storage ps:ani_data data[-1].frames append value {}
data modify storage ps:ani_data data[-1].frames[-1].part_1 set value {interpolation_duration:1,start_interpolation:0,transformation:[0.9312419082056278, 0.03308551378661287, -0.3628964827316691, 7.209660660057215e-18, -0.0761485214869967, -0.9562146351018742, -0.2825862245268404, 0.34606824217708576, -0.35635643824250623, 0.29079016557384696, -0.8879477284889292, -1.8807513184143203e-16, 0.0, 0.0, 0.0, 2.0]}
#25
data modify storage ps:ani_data data[-1].frames append value {}
data modify storage ps:ani_data data[-1].frames[-1].part_1 set value {interpolation_duration:1,start_interpolation:0,transformation:[0.9278358886832819, 0.07586812914144633, -0.3651911700080949, 0.0005110698696700654, 0.09474415027990465, -0.9949201447522, 0.03402133968555684, 0.06988314269012197, -0.3607549163338503, -0.06616594703348559, -0.9303106781038893, -0.0013662913033457267, 0.0, 0.0, 0.0, 2.0]}
#26
data modify storage ps:ani_data data[-1].frames append value {}
data modify storage ps:ani_data data[-1].frames[-1].part_1 set value {interpolation_duration:1,start_interpolation:0,transformation:[0.9181517829831705, 0.08590428832091661, -0.38680454580175433, 0.0010478756819907258, 0.11559104432827493, -0.9918222019332702, 0.054105731889863895, 0.014333507117661813, -0.37899342194281355, -0.09438841560443678, -0.9205730895066182, -0.003292918225582433, 0.0, 0.0, 0.0, 2.0]}
#27
data modify storage ps:ani_data data[-1].frames append value {}
data modify storage ps:ani_data data[-1].frames[-1].part_1 set value {interpolation_duration:1,start_interpolation:0,transformation:[0.9000949663329048, 0.10405657906560334, -0.4230854286492628, 0.0004907635764169317, 0.048894914547467944, -0.9890518537017451, -0.13923260401406498, 0.06098297175892668, -0.43294149594785025, 0.10463584014239796, -0.8953284325006838, -0.0012140533793543874, 0.0, 0.0, 0.0, 2.0]}
#28
data modify storage ps:ani_data data[-1].frames append value {}
data modify storage ps:ani_data data[-1].frames[-1].part_1 set value {interpolation_duration:1,start_interpolation:0,transformation:[0.8834522192050382, 0.11385130034500608, -0.4544777858063522, 0.00023142418869660645, -0.006769957827592825, -0.966822630722907, -0.2553589011431764, 0.0882045144128582, -0.46847235142824156, 0.22867418335218592, -0.853370830187853, -0.0004504088524926145, 0.0, 0.0, 0.0, 2.0]}
#29
data modify storage ps:ani_data data[-1].frames append value {}
data modify storage ps:ani_data data[-1].frames[-1].part_1 set value {interpolation_duration:1,start_interpolation:0,transformation:[0.8657222153743074, 0.14303053743696162, -0.47965332394125576, 0.00010605015161126415, 0.0002302157982847298, -0.9584145572566166, -0.2853795427834473, 0.09714747120766071, -0.5005247174796542, 0.24694898622812186, -0.8297537016445392, -0.0001767707386739569, 0.0, 0.0, 0.0, 2.0]}
#30
data modify storage ps:ani_data data[-1].frames append value {}
data modify storage ps:ani_data data[-1].frames[-1].part_1 set value {interpolation_duration:1,start_interpolation:0,transformation:[0.8535550005218855, 0.12349399775292681, -0.5061552070295074, 9.694003389651797e-05, -0.0008386735025062215, -0.971175057176146, -0.23836590558564658, 0.08727177357531822, -0.521002070735654, 0.20388290962684752, -0.828847755291194, -7.300781567774465e-05, 0.0, 0.0, 0.0, 2.0]}
#31
data modify storage ps:ani_data data[-1].frames append value {}
data modify storage ps:ani_data data[-1].frames[-1].part_1 set value {interpolation_duration:1,start_interpolation:0,transformation:[0.8451196041954963, 0.061308219287158225, -0.5310500511743547, 0.0001145355177499738, 0.00023212218274924932, -0.9934438511573015, -0.11432086737355081, 0.05858008872071551, -0.534577216801969, 0.09649153768899343, -0.8395931052781898, 5.105417164816142e-05, 0.0, 0.0, 0.0, 2.0]}
#32
data modify storage ps:ani_data data[-1].frames append value {}
data modify storage ps:ani_data data[-1].frames[-1].part_1 set value {interpolation_duration:1,start_interpolation:0,transformation:[0.8406488480576886, -0.057623692538739134, -0.538506289951642, -0.0006407623740822721, -0.02915278369405562, -0.9976966010193198, 0.06125036748774374, 0.023405806132198195, -0.540795367456276, -0.03579109348283326, -0.8403923894021973, 0.0007778761789260458, 0.0, 0.0, 0.0, 2.0]}
#33
data modify storage ps:ani_data data[-1].frames append value {}
data modify storage ps:ani_data data[-1].frames[-1].part_1 set value {interpolation_duration:1,start_interpolation:0,transformation:[0.8424277915462423, -0.0059283488343332665, -0.5387766426921449, -0.000551284386718353, -0.0008799793180921148, -0.9999532730545478, 0.009626907286175069, 0.029643864856229316, -0.5388085389699392, -0.007635861941872704, -0.8423936442931438, 0.00043393827542037756, 0.0, 0.0, 0.0, 2.0]}
#34
data modify storage ps:ani_data data[-1].frames append value {}
data modify storage ps:ani_data data[-1].frames[-1].part_1 set value {interpolation_duration:1,start_interpolation:0,transformation:[0.8423199498528309, -0.0010567031008351913, -0.5389767949165167, -0.0003839136394329193, 0.0003827595610219037, -0.9999966531473278, 0.0025587475962946956, 0.030854094373620324, -0.5389776948771094, -0.0023615826684202385, -0.842316726268841, 0.0001627245183785322, 0.0, 0.0, 0.0, 2.0]}
#35
data modify storage ps:ani_data data[-1].frames append value {}
data modify storage ps:ani_data data[-1].frames[-1].part_1 set value {interpolation_duration:1,start_interpolation:0,transformation:[0.842201061604775, -8.051179909875918e-05, -0.5391635793983486, -0.00019201903081587923, 0.00021310740269992953, -0.9999998610284723, 0.00048221185301453755, 0.031259200956287536, -0.5391635432937061, -0.0005210190845632289, -0.8422009274051465, 4.751156190309214e-05, 0.0, 0.0, 0.0, 2.0]}
#36
data modify storage ps:ani_data data[-1].frames append value {}
data modify storage ps:ani_data data[-1].frames[-1].part_1 set value {interpolation_duration:1,start_interpolation:0,transformation:[0.8422043995855676, -4.297511351112389e-05, -0.5391583695648735, -0.0001562481335642386, -1.2094162822240728e-05, -0.9999999980775834, 6.0815816170627284e-05, 0.03137009822937553, -0.5391583711419535, -4.469867883479799e-05, -0.8422043984862481, 6.314051176884213e-05, 0.0, 0.0, 0.0, 2.0]}
#37
data modify storage ps:ani_data data[-1].frames append value {}
data modify storage ps:ani_data data[-1].frames[-1].part_1 set value {interpolation_duration:1,start_interpolation:0,transformation:[0.8422028013645239, -5.8696371911170834e-05, -0.5391608646113735, -0.00012373984233413115, -4.625794708429629e-05, -0.9999999982600147, 3.660836771508024e-05, 0.03135883535655367, -0.5391608658220199, -5.891195097906818e-06, -0.8422028026142773, 5.216315757262432e-05, 0.0, 0.0, 0.0, 2.0]}
#38
data modify storage ps:ani_data data[-1].frames append value {}
data modify storage ps:ani_data data[-1].frames[-1].part_1 set value {interpolation_duration:1,start_interpolation:0,transformation:[0.84220468029707, -5.865061183067424e-05, -0.5391579295956009, -6.490983438206469e-05, -4.601424526460528e-05, -0.999999998260384, 3.6904212873917743e-05, 0.03136052175337048, -0.5391579308221279, -6.271955596324134e-06, -0.8422046815307211, 5.9754578569844395e-05, 0.0, 0.0, 0.0, 2.0]}
#39
data modify storage ps:ani_data data[-1].frames append value {}
data modify storage ps:ani_data data[-1].frames[-1].part_1 set value {interpolation_duration:1,start_interpolation:0,transformation:[0.8422085417146916, -4.951225695892759e-05, -0.5391518986439243, -7.515869573366995e-05, -3.4654091234710525e-05, -0.9999999986888839, 3.770047977555588e-05, 0.03136005655898958, -0.5391518998036695, -1.3067847008741193e-05, -0.8422085423262606, 3.4602420494405685e-05, 0.0, 0.0, 0.0, 2.0]}
#40
data modify storage ps:ani_data data[-1].frames append value {}
data modify storage ps:ani_data data[-1].frames[-1].part_1 set value {interpolation_duration:1,start_interpolation:0,transformation:[0.8422070034971303, -6.338810925070433e-05, -0.5391543000313844, -8.089512801277557e-05, -4.750728558101844e-05, -0.9999999979315315, 4.335890576177409e-05, 0.03135763547940822, -0.5391543016645999, -1.0903416792713138e-05, -0.8422070047664487, -2.981372254128258e-05, 0.0, 0.0, 0.0, 2.0]}
#41
data modify storage ps:ani_data data[-1].frames append value {}
data modify storage ps:ani_data data[-1].frames[-1].part_1 set value {interpolation_duration:1,start_interpolation:0,transformation:[0.8422062492346374, -6.0076226875006336e-05, -0.539155478633919, -4.1889461520808324e-05, -4.4593795625028633e-05, -0.9999999981334444, 4.176727178482318e-05, 0.031357812073913464, -0.5391554801367753, -1.1133668086344166e-05, -0.8422062503416395, -1.61036805690266e-05, 0.0, 0.0, 0.0, 2.0]}
#42
data modify storage ps:ani_data data[-1].frames append value {}
data modify storage ps:ani_data data[-1].frames[-1].part_1 set value {interpolation_duration:1,start_interpolation:0,transformation:[0.8422065933455455, -5.588337690081411e-05, -0.5391549415542243, -6.717655316930115e-05, -4.7047183021206086e-05, -0.9999999984385234, 3.015817499119381e-05, 0.031360701434985094, -0.5391549423976869, -3.3692608762905274e-08, -0.8422065946596156, 1.2726512519132365e-05, 0.0, 0.0, 0.0, 2.0]}
#43
data modify storage ps:ani_data data[-1].frames append value {}
data modify storage ps:ani_data data[-1].frames[-1].part_1 set value {interpolation_duration:1,start_interpolation:0,transformation:[0.8422096964338233, -5.837195545054262e-05, -0.5391500939678692, -7.343238993289456e-05, -4.037411255598102e-05, -0.999999998163538, 4.519796349184935e-05, 0.03135960662401193, -0.5391500956160334, -1.6298456533470982e-05, -0.842209697243853, 1.2686659964879497e-05, 0.0, 0.0, 0.0, 2.0]}
#44
data modify storage ps:ani_data data[-1].frames append value {}
data modify storage ps:ani_data data[-1].frames[-1].part_1 set value {interpolation_duration:1,start_interpolation:0,transformation:[0.8422089803204263, -5.051166924333452e-05, -0.5391512134051066, -2.780001711858399e-05, -2.7649621533461416e-05, -0.9999999983428328, 5.049587003568474e-05, 0.03136042088370986, -0.5391512150622735, -2.7620748213189136e-05, -0.8422089803213738, 1.5330685049284122e-05, 0.0, 0.0, 0.0, 2.0]}
#45
data modify storage ps:ani_data data[-1].frames append value {}
data modify storage ps:ani_data data[-1].frames[-1].part_1 set value {interpolation_duration:1,start_interpolation:0,transformation:[0.842207795500424, -3.8411695723639115e-05, -0.5391530652076991, -2.460293835294343e-05, -1.2231121443087175e-05, -0.999999998565996, 5.213834744804259e-05, 0.03136111304582412, -0.5391530664372739, -3.731687604828304e-05, -0.842207794762513, 5.857780540122516e-05, 0.0, 0.0, 0.0, 2.0]}
#46
data modify storage ps:ani_data data[-1].frames append value {}
data modify storage ps:ani_data data[-1].frames[-1].part_1 set value {interpolation_duration:1,start_interpolation:0,transformation:[0.8422073270385888, 4.926061438197141e-06, -0.5391537983342499, -4.329784000243823e-05, 3.053599526541645e-05, -0.9999999987902106, 3.856335165021308e-05, 0.03135372212168421, -0.539153797492022, -4.8941935148241095e-05, -0.8422073261701173, 3.023782156023092e-05, 0.0, 0.0, 0.0, 2.0]}
#47
data modify storage ps:ani_data data[-1].frames append value {}
data modify storage ps:ani_data data[-1].frames[-1].part_1 set value {interpolation_duration:1,start_interpolation:0,transformation:[0.8422067606604491, -6.087656391004108e-05, -0.5391546796531372, -8.635818189402683e-05, -3.868129052225772e-05, -0.9999999978744065, 5.248757074673228e-05, 0.031371707527784704, -0.5391546817023765, -2.3350188133443755e-05, -0.8422067612250438, 3.650393862643529e-05, 0.0, 0.0, 0.0, 2.0]}
#48
data modify storage ps:ani_data data[-1].frames append value {}
data modify storage ps:ani_data data[-1].frames[-1].part_1 set value {interpolation_duration:1,start_interpolation:0,transformation:[0.8422023443520867, -5.8483978897208846e-05, -0.5391615785156368, -8.108841034275578e-05, -4.6083854428068925e-05, -0.9999999982725121, 3.648636947431881e-05, 0.03136018512202988, -0.5391615797181093, -5.882262210645257e-06, -0.8422023455923594, 2.4875182401186276e-05, 0.0, 0.0, 0.0, 2.0]}
#49
data modify storage ps:ani_data data[-1].frames append value {}
data modify storage ps:ani_data data[-1].frames[-1].part_1 set value {interpolation_duration:1,start_interpolation:0,transformation:[0.8422033819826689, -5.539113933818056e-05, -0.5391599579983444, -8.020117203389187e-06, -2.1677179625191165e-05, -0.9999999973931792, 6.887482026571053e-05, 0.031363808371246284, -0.5391599604079059, -4.631913930498922e-05, -0.8422033809879195, 8.891274459252736e-06, 0.0, 0.0, 0.0, 2.0]}
#50
data modify storage ps:ani_data data[-1].frames append value {}
data modify storage ps:ani_data data[-1].frames[-1].part_1 set value {interpolation_duration:1,start_interpolation:0,transformation:[0.8422018804462401, -5.1515572884577597e-05, -0.5391623038742255, -2.1134367882293796e-05, -2.7753835714817275e-05, -0.9999999982527361, 5.219437628287134e-05, 0.03136290543995172, -0.5391623056209894, -2.899437984880524e-05, -0.8422018804044461, -4.1192883011764925e-05, 0.0, 0.0, 0.0, 2.0]}
#51
data modify storage ps:ani_data data[-1].frames append value {}
data modify storage ps:ani_data data[-1].frames[-1].part_1 set value {interpolation_duration:1,start_interpolation:0,transformation:[0.8422017478584289, 1.961202641574592e-05, -0.5391625130881925, -3.26253489390248e-05, 4.644255210502635e-05, -0.999999998267379, 3.6170860738056656e-05, 0.031350010601579055, -0.5391625114446443, -5.5503245242310475e-05, -0.8422017473100454, -5.7899553735854705e-05, 0.0, 0.0, 0.0, 2.0]}
#52
data modify storage ps:ani_data data[-1].frames append value {}
data modify storage ps:ani_data data[-1].frames[-1].part_1 set value {interpolation_duration:1,start_interpolation:0,transformation:[0.8422043350618238, -1.9826746582675517e-06, -0.5391584720646987, -1.3890387573285966e-05, 2.5689498150651986e-05, -0.9999999987105337, 4.380619537203259e-05, 0.031363069267125676, -0.5391584714563252, -5.074447821590549e-05, -0.8422043339248955, -2.4232795020402675e-05, 0.0, 0.0, 0.0, 2.0]}
#53
data modify storage ps:ani_data data[-1].frames append value {}
data modify storage ps:ani_data data[-1].frames[-1].part_1 set value {interpolation_duration:1,start_interpolation:0,transformation:[0.8422027059822241, 9.953160532701545e-06, -0.5391610167075821, -5.4300331105773755e-06, 1.870934992987911e-05, -0.9999999997670405, 1.0764696311264365e-05, 0.03135236528054456, -0.5391610164748369, -1.9153408492555267e-05, -0.8422027059722422, -2.4025317857555375e-05, 0.0, 0.0, 0.0, 2.0]}
#54
data modify storage ps:ani_data data[-1].frames append value {}
data modify storage ps:ani_data data[-1].frames[-1].part_1 set value {interpolation_duration:1,start_interpolation:0,transformation:[0.8421711976253449, 3.8866913702648925e-05, -0.5392102302253315, 2.761531798283663e-05, 6.023531167024567e-05, -0.9999999979438985, 2.199797088600361e-05, 0.03134941554497197, -0.5392102282616671, -5.100555375980092e-05, -0.8421711982349162, -2.7035694387005494e-05, 0.0, 0.0, 0.0, 2.0]}
#55
data modify storage ps:ani_data data[-1].frames append value {}
data modify storage ps:ani_data data[-1].frames[-1].part_1 set value {interpolation_duration:1,start_interpolation:0,transformation:[0.842171619518662, -2.2126066882371824e-05, -0.5392095722330518, 4.245332356413821e-05, 1.2063978608008594e-05, -0.9999999981346295, 5.987654690464075e-05, 0.031359226962264244, -0.5392095725520588, -5.693134122251944e-05, -0.8421716176807716, -6.818326511103985e-06, 0.0, 0.0, 0.0, 2.0]}
#56
data modify storage ps:ani_data data[-1].frames append value {}
data modify storage ps:ani_data data[-1].frames[-1].part_1 set value {interpolation_duration:1,start_interpolation:0,transformation:[0.8421743971549285, 6.667185878408254e-06, -0.5392052343331627, 6.331437774206252e-05, 3.113802918873748e-05, -0.9999999988574891, 3.626905646420918e-05, 0.03135941261301834, -0.5392052334753026, -4.7334659088509495e-05, -0.8421743964003381, 2.1414231018291247e-05, 0.0, 0.0, 0.0, 2.0]}
#57
data modify storage ps:ani_data data[-1].frames append value {}
data modify storage ps:ani_data data[-1].frames[-1].part_1 set value {interpolation_duration:1,start_interpolation:0,transformation:[0.8421741399077621, -5.580290431603779e-05, -0.5392056332760782, 4.2306086501710754e-05, -5.040155155009822e-05, -0.9999999984230701, 2.476980965531082e-05, 0.03135000255503991, -0.5392056338080158, 6.316307379527239e-06, -0.8421741413922658, 3.657199580214809e-05, 0.0, 0.0, 0.0, 2.0]}
#58
data modify storage ps:ani_data data[-1].frames append value {}
data modify storage ps:ani_data data[-1].frames[-1].part_1 set value {interpolation_duration:1,start_interpolation:0,transformation:[0.8421695082544802, -9.185663951101174e-05, -0.5392128623547148, 4.6254550614292755e-05, -6.295897001051183e-05, -0.9999999954245896, 7.202074911043539e-05, 0.03135332671592599, -0.5392128665031789, -2.670539243218192e-05, -0.8421695101844084, 5.5136884944722396e-05, 0.0, 0.0, 0.0, 2.0]}
#59
data modify storage ps:ani_data data[-1].frames append value {}
data modify storage ps:ani_data data[-1].frames[-1].part_1 set value {interpolation_duration:1,start_interpolation:0,transformation:[0.8421647505648405, -5.707479252195349e-05, -0.5392202978825332, 4.156509510427661e-06, -3.6652585782833767e-05, -0.9999999981472085, 4.860217012557326e-05, 0.031358057447658905, -0.5392202996574291, -2.1167216256728625e-05, -0.8421647510964236, 5.2676965752150805e-05, 0.0, 0.0, 0.0, 2.0]}
data modify storage ps:ani_data data[-1].frames[-1].is_last set value 1
data modify storage ps:ani_data data[-1].frames[-1].keep_alive set value 1
