data modify storage ps:ani_data data append value {ani_tag:'coin',height:0.1,width:0.3}
data modify storage ps:ani_data data[-1].parts.part_1 set value {name:'coin',init_pos:[1.0, 0.0, 0.0, 0.0, 0.0, 1.0, 0.0, 0.03125, 0.0, 0.0, 1.0, 0.0, 0.0, 0.0, 0.0, 2.0],item_model:'cointosser:test_coin'}
data modify storage ps:ani_data data[-1].frames append value {}
data modify storage ps:ani_data data[-1].frames[-1].part_1 set value {interpolation_duration:1,start_interpolation:0,transformation:[0.7107121296356694, 0.7027520443091846, 0.0320598348091972, -0.0020294978131024477, -0.7027394381890318, 0.707128606377138, 0.07827142554528196, 0.24768292921154833, 0.03233497800363216, -0.07815816184115548, 0.9964164545686285, 0.00024653009627983465, 0.0, 0.0, 0.0, 2.0]}
data modify storage ps:ani_data data[-1].frames append value {}
data modify storage ps:ani_data data[-1].frames[-1].part_1 set value {interpolation_duration:1,start_interpolation:0,transformation:[0.10498938533431634, 0.9824562229330612, 0.15413305611459735, -0.00065879283340499, -0.982591669672544, 0.07859463583914764, 0.16833447034827434, 0.5307117302696952, 0.15326721651170128, -0.16912318953181715, 0.9736049029793039, 3.462125947336698e-06, 0.0, 0.0, 0.0, 2.0]}
data modify storage ps:ani_data data[-1].frames append value {}
data modify storage ps:ani_data data[-1].frames[-1].part_1 set value {interpolation_duration:1,start_interpolation:0,transformation:[-0.5330577745274712, 0.7923362313193008, 0.2967367613804312, -0.00016722235555384615, -0.7974617857302906, -0.5876882167845974, 0.13666477290215026, 0.7870933936453353, 0.28267314926549997, -0.16378600792273934, 0.9451296388819136, -3.174588241997396e-07, 0.0, 0.0, 0.0, 2.0]}
data modify storage ps:ani_data data[-1].frames append value {}
data modify storage ps:ani_data data[-1].frames[-1].part_1 set value {interpolation_duration:1,start_interpolation:0,transformation:[-0.8991798388746961, 0.22161316301000278, 0.3773105131612128, -4.160564117269125e-05, -0.23956703178111988, -0.9708795927291616, -0.0006735767522998704, 1.0175420218578204, 0.366173803875782, -0.09099682633344562, 0.9260865634228699, -7.200185949192053e-08, 0.0, 0.0, 0.0, 2.0]}
data modify storage ps:ani_data data[-1].frames append value {}
data modify storage ps:ani_data data[-1].frames[-1].part_1 set value {interpolation_duration:1,start_interpolation:0,transformation:[-0.8204927081747051, -0.4571461449540726, 0.3432333287805372, -1.031659142364505e-05, 0.4214088059954192, -0.8893912790062708, -0.17719416202884516, 1.2223356710682256, 0.38627235736155574, -0.0007449706165553137, 0.9223844702493245, -6.87689576537972e-09, 0.0, 0.0, 0.0, 2.0]}
data modify storage ps:ani_data data[-1].frames append value {}
data modify storage ps:ani_data data[-1].frames[-1].part_1 set value {interpolation_duration:1,start_interpolation:0,transformation:[-0.3377783290872743, -0.9203883370697438, 0.19695458711337602, -2.551775995351683e-06, 0.8697393255237641, -0.3852057497980457, -0.3084964115836559, 1.401609400915037, 0.35980453865463696, 0.0670957473206518, 0.9306120860245728, 2.1137543956073142e-09, 0.0, 0.0, 0.0, 2.0]}
data modify storage ps:ani_data data[-1].frames append value {}
data modify storage ps:ani_data data[-1].frames[-1].part_1 set value {interpolation_duration:1,start_interpolation:0,transformation:[0.31585067896982016, -0.9487921793066934, -0.005634632264747252, -6.29195886366041e-07, 0.8941963804464522, 0.2996510857268209, -0.3325989477121068, 1.555451301373365, 0.3172557041106857, 0.10001313568323289, 0.943051531412807, 1.7874628535778318e-09, 0.0, 0.0, 0.0, 2.0]}
data modify storage ps:ani_data data[-1].frames append value {}
data modify storage ps:ani_data data[-1].frames[-1].part_1 set value {interpolation_duration:1,start_interpolation:0,transformation:[0.8278350808251339, -0.5305140218505654, -0.18232923949597804, -1.5449016223865395e-07, 0.48610622088972194, 0.8406268465829225, -0.2388456547990032, 1.6839339591244888, 0.27998182256631743, 0.1090934343761779, 0.9537865597755367, 8.592099672308889e-10, 0.0, 0.0, 0.0, 2.0]}
data modify storage ps:ani_data data[-1].frames append value {}
data modify storage ps:ani_data data[-1].frames[-1].part_1 set value {interpolation_duration:1,start_interpolation:0,transformation:[0.9549787938187377, 0.13573728847473499, -0.2638008564694879, -3.771663331571475e-08, -0.15984667566189562, 0.9845064061261809, -0.0720845099612383, 1.787124768743407, 0.24992907721261565, 0.11100686831920666, 0.9618798945552467, 3.498448704166591e-10, 0.0, 0.0, 0.0, 2.0]}
data modify storage ps:ani_data data[-1].frames append value {}
data modify storage ps:ani_data data[-1].frames[-1].part_1 set value {interpolation_duration:1,start_interpolation:0,transformation:[0.6368673148314772, 0.737101017365094, -0.2260135250348682, -9.13592868525742e-09, -0.7399694692734499, 0.6666988004278234, 0.08920702915841268, 1.8650893117556118, 0.21643753796999407, 0.11043006704446148, 0.9700309234504035, 1.3169280585092558e-10, 0.0, 0.0, 0.0, 2.0]}
data modify storage ps:ani_data data[-1].frames append value {}
data modify storage ps:ani_data data[-1].frames[-1].part_1 set value {interpolation_duration:1,start_interpolation:0,transformation:[0.021251457932818445, 0.9946856927935016, -0.10074099506973992, -2.1888002007530998e-09, -0.984701345473718, 0.03825554302267265, 0.1699993342642543, 1.9178924641725235, 0.1729498070481111, 0.09558705968881015, 0.9802813260804618, 4.741222840642024e-11, 0.0, 0.0, 0.0, 2.0]}
data modify storage ps:ani_data data[-1].frames append value {}
data modify storage ps:ani_data data[-1].frames[-1].part_1 set value {interpolation_duration:1,start_interpolation:0,transformation:[-0.608305196784312, 0.7926846227637122, 0.04019796511206353, -5.162364406453362e-10, -0.7829542175719165, -0.6076038567585769, 0.13341756420520728, 1.9455987596940723, 0.1301824901879946, 0.04968543132603329, 0.9902443522496852, 1.6599626497396527e-11, 0.0, 0.0, 0.0, 2.0]}
data modify storage ps:ani_data data[-1].frames append value {}
data modify storage ps:ani_data data[-1].frames[-1].part_1 set value {interpolation_duration:1,start_interpolation:0,transformation:[-0.9661797871572548, 0.2288029586741838, 0.11893622236602344, -1.1896928846677092e-10, -0.23077246273907845, -0.9730035050966649, -0.002872196188297207, 1.9482725090075637, 0.11506819425932213, -0.03022226284617279, 0.9928977417127884, 5.7049633034089465e-12, 0.0, 0.0, 0.0, 2.0]}
data modify storage ps:ani_data data[-1].frames append value {}
data modify storage ps:ani_data data[-1].frames[-1].part_1 set value {interpolation_duration:1,start_interpolation:0,transformation:[-0.8960955827332192, -0.43514924816927536, 0.08750907623627543, -2.645015571043209e-11, 0.41609998287710714, -0.8921919725833258, -0.17565388782359623, 1.9259778391634437, 0.1545105525706354, -0.12099014784513532, 0.9805548802941776, 1.9357280820914375e-12, 0.0, 0.0, 0.0, 2.0]}
data modify storage ps:ani_data data[-1].frames append value {}
data modify storage ps:ani_data data[-1].frames[-1].part_1 set value {interpolation_duration:1,start_interpolation:0,transformation:[-0.4396662739149065, -0.8967192212640305, -0.05087441201049181, -5.5372824439118305e-12, 0.8616199355918768, -0.4051091487380766, -0.3057738775620984, 1.8787787067611368, 0.25358362362824727, -0.17827286900799513, 0.9507439876240213, 6.50866126248624e-13, 0.0, 0.0, 0.0, 2.0]}
data modify storage ps:ani_data data[-1].frames append value {}
data modify storage ps:ani_data data[-1].frames[-1].part_1 set value {interpolation_duration:1,start_interpolation:0,transformation:[0.18735537831597743, -0.9513697684833684, -0.24452714743352816, -1.0328758804601443e-12, 0.9046754926700113, 0.26410464435436454, -0.33438150336513395, 1.8067389025522413, 0.3827012087495274, -0.15856954451077962, 0.9101623395720647, 2.174202111715238e-13, 0.0, 0.0, 0.0, 2.0]}
data modify storage ps:ani_data data[-1].frames append value {}
data modify storage ps:ani_data data[-1].frames[-1].part_1 set value {interpolation_duration:1,start_interpolation:0,transformation:[0.69721127915735, -0.5824446069067345, -0.41791711151977384, -1.4330018151317075e-13, 0.5285345978425015, 0.8115034804312755, -0.24922536012892374, 1.7099220532306425, 0.48430115744156216, -0.04712092033466529, 0.8736315057091157, 7.228880414191617e-14, 0.0, 0.0, 0.0, 2.0]}
data modify storage ps:ani_data data[-1].frames append value {}
data modify storage ps:ani_data data[-1].frames[-1].part_1 set value {interpolation_duration:1,start_interpolation:0,transformation:[0.8615841487934985, 0.036558382091923025, -0.5062965921736027, 1.7565051173015525e-15, -0.09461303772563798, 0.9914905853792955, -0.08941360185424241, 1.5883916223001115, 0.4987194879289453, 0.12493960061983125, 0.8577114716248393, 2.3958064099617628e-14, 0.0, 0.0, 0.0, 2.0]}
data modify storage ps:ani_data data[-1].frames append value {}
data modify storage ps:ani_data data[-1].frames[-1].part_1 set value {interpolation_duration:1,start_interpolation:0,transformation:[0.6119860159183617, 0.6252105416087606, -0.4843396483684262, 1.2731531712697417e-14, -0.6838875618271955, 0.7259316297781118, 0.07294567612784143, 1.4422109106388974, 0.39720387598615425, 0.2865921275069754, 0.8718337188665055, 7.925432559722076e-15, 0.0, 0.0, 0.0, 2.0]}
data modify storage ps:ani_data data[-1].frames append value {}
data modify storage ps:ani_data data[-1].frames[-1].part_1 set value {interpolation_duration:1,start_interpolation:0,transformation:[0.06524197814038288, 0.9242510066223633, -0.37616959080430434, 7.214480782330602e-15, -0.9767580501030477, 0.1362827749278798, 0.16544097683720513, 1.2714430569643107, 0.20417442505666958, 0.3566329794277372, 0.9116609688569942, 2.6194211617817024e-15, 0.0, 0.0, 0.0, 2.0]}
data modify storage ps:ani_data data[-1].frames append value {}
data modify storage ps:ani_data data[-1].frames[-1].part_1 set value {interpolation_duration:1,start_interpolation:0,transformation:[-0.534300970862992, 0.8095988835086769, -0.2430475680939175, 3.1437248486377296e-15, -0.8452770543944015, -0.5135651145718406, 0.14750448945417008, 1.0761510382638195, -0.005401282179946497, 0.2842543243581625, 0.9587336988103091, 8.645667703760811e-16, 0.0, 0.0, 0.0, 2.0]}
data modify storage ps:ani_data data[-1].frames append value {}
data modify storage ps:ani_data data[-1].frames[-1].part_1 set value {interpolation_duration:1,start_interpolation:0,transformation:[-0.9267116348723561, 0.34226226071727, -0.15511960121437982, 1.2485435179826872e-15, -0.35041566581671085, -0.9361811436827908, 0.027815955187860206, 0.8563976702144587, -0.13569969396588924, 0.0801337076484377, 0.9875040161721262, 2.8464719925043178e-16, 0.0, 0.0, 0.0, 2.0]}
data modify storage ps:ani_data data[-1].frames append value {}
data modify storage ps:ani_data data[-1].frames[-1].part_1 set value {interpolation_duration:1,start_interpolation:0,transformation:[-0.9507865725567123, -0.26510473328267553, -0.16038819731196108, 4.796304517848894e-16, 0.2878164171975984, -0.9473507918870141, -0.14031460046119404, 0.6122456075976965, -0.11474582100188706, -0.17957159436327338, 0.9770299069426867, 9.564323579180781e-17, 0.0, 0.0, 0.0, 2.0]}
data modify storage ps:ani_data data[-1].frames append value {}
data modify storage ps:ani_data data[-1].frames[-1].part_1 set value {interpolation_duration:1,start_interpolation:0,transformation:[-0.6104295341927798, -0.7465460065030248, -0.2646598646556957, 1.7405972514009325e-16, 0.7892290383425881, -0.5450031693680166, -0.28300012440924965, 0.34375734471210523, 0.06703214767572002, -0.3816288845897312, 0.921881817601789, 3.8810234186732974e-17, 0.0, 0.0, 0.0, 2.0]}
data modify storage ps:ani_data data[-1].frames append value {}
data modify storage ps:ani_data data[-1].frames[-1].part_1 set value {interpolation_duration:1,start_interpolation:0,transformation:[-0.4366482858112524, -0.8850964976232442, 0.16106664581210187, 0.005718634568924174, 0.8832855509803296, -0.45576203069211607, -0.1099436528808022, 0.25692603441566547, 0.1707188036727951, 0.0942611334244663, 0.9808006570134751, -0.0027752868151834104, 0.0, 0.0, 0.0, 2.0]}
data modify storage ps:ani_data data[-1].frames append value {}
data modify storage ps:ani_data data[-1].frames[-1].part_1 set value {interpolation_duration:1,start_interpolation:0,transformation:[-0.5929997293989986, -0.7276296580099479, 0.34482807559281037, 0.0016213189525226244, 0.7012815452564951, -0.6771488607295496, -0.22287578310649986, 0.25735219902617135, 0.3956709683757163, 0.1096562866278052, 0.9118223421191343, -0.0009757256036749697, 0.0, 0.0, 0.0, 2.0]}
data modify storage ps:ani_data data[-1].frames append value {}
data modify storage ps:ani_data data[-1].frames[-1].part_1 set value {interpolation_duration:1,start_interpolation:0,transformation:[-0.679223785121773, -0.5012745084898571, 0.536077342240001, 0.0004091459953942013, 0.4542487382549962, -0.8608327477404986, -0.22940153489305085, 0.23281847800463118, 0.5764660731722167, 0.08769747747680982, 0.8124013902779889, -0.00024990462162698894, 0.0, 0.0, 0.0, 2.0]}
data modify storage ps:ani_data data[-1].frames append value {}
data modify storage ps:ani_data data[-1].frames[-1].part_1 set value {interpolation_duration:1,start_interpolation:0,transformation:[-0.677063275418134, -0.22222269041910153, 0.7015713769410524, 0.00010226617820590866, 0.1863610813991051, -0.9740193350453445, -0.1286696634703812, 0.18338693932257166, 0.711937404846679, 0.04362809668918839, 0.700886382204316, -6.254414076544242e-05, 0.0, 0.0, 0.0, 2.0]}
data modify storage ps:ani_data data[-1].frames append value {}
data modify storage ps:ani_data data[-1].frames[-1].part_1 set value {interpolation_duration:1,start_interpolation:0,transformation:[-0.583879946580825, 0.08155617308984589, 0.8077331233840243, 2.5539961621266476e-05, -0.0547208445448476, -0.9966321562962365, 0.06107351478842997, 0.10912074500819705, 0.8099937266134047, -0.00854023812624969, 0.5863763528483013, -1.5621552541365745e-05, 0.0, 0.0, 0.0, 2.0]}
data modify storage ps:ani_data data[-1].frames append value {}
data modify storage ps:ani_data data[-1].frames[-1].part_1 set value {interpolation_duration:1,start_interpolation:0,transformation:[-0.4768697064707354, 0.03486484641935579, 0.8782822584651637, 2.486922062700049e-05, 0.026196019658917366, -0.9982054322154272, 0.05384871075188976, 0.03826023193755213, 0.878583548448606, 0.048686318198913, 0.4751006112558582, 0.0006599526323532558, 0.0, 0.0, 0.0, 2.0]}
data modify storage ps:ani_data data[-1].frames append value {}
data modify storage ps:ani_data data[-1].frames[-1].part_1 set value {interpolation_duration:1,start_interpolation:0,transformation:[-0.43885744437780694, -0.03954746622864968, 0.8976859926661847, -0.00039988737627955897, 0.01447042087279642, -0.9992124914130053, -0.036945959508167515, 0.03026388448470987, 0.8984401763244696, -0.0032241152443466003, 0.4390841088526741, 0.0012046374768187524, 0.0, 0.0, 0.0, 2.0]}
data modify storage ps:ani_data data[-1].frames append value {}
data modify storage ps:ani_data data[-1].frames[-1].part_1 set value {interpolation_duration:1,start_interpolation:0,transformation:[-0.43534694456939865, -0.0004585084434142427, 0.9002626436902158, -0.0003182323798696532, 0.0067624206678094795, -0.9999733232917826, 0.0027608642668070084, 0.029953932422652232, 0.9002373617667736, 0.00728988853107278, 0.4353384315729591, 0.00042239767136133943, 0.0, 0.0, 0.0, 2.0]}
data modify storage ps:ani_data data[-1].frames append value {}
data modify storage ps:ani_data data[-1].frames[-1].part_1 set value {interpolation_duration:1,start_interpolation:0,transformation:[-0.43541311109880876, -0.00032649499370936955, 0.9002307015894733, -0.000134935464342421, 0.0021391641104879762, -0.9999974862150195, 0.000671967670575168, 0.030925215399822747, 0.9002282192089763, 0.0022183247420025655, 0.4354127149902426, 0.00035312600766947594, 0.0, 0.0, 0.0, 2.0]}
data modify storage ps:ani_data data[-1].frames append value {}
data modify storage ps:ani_data data[-1].frames[-1].part_1 set value {interpolation_duration:1,start_interpolation:0,transformation:[-0.4353446148736515, -0.0001492717052355179, 0.9002638746603517, -7.92908901231345e-05, 0.00039473875950598756, -0.9999999217762311, 2.5076758392012423e-05, 0.031290223700524575, 0.9002638004950676, 0.00036628607683593134, 0.4353446397426826, 0.00027509337508864863, 0.0, 0.0, 0.0, 2.0]}
data modify storage ps:ani_data data[-1].frames append value {}
data modify storage ps:ani_data data[-1].frames[-1].part_1 set value {interpolation_duration:1,start_interpolation:0,transformation:[-0.4353621639214034, -4.0492843782588625e-05, 0.9002553996427914, -4.3460622695164435e-05, 4.013145617558022e-05, -0.999999998867775, -2.5571772348111986e-05, 0.031355813214458766, 0.9002553996589737, 2.4995577972814615e-05, 0.43536216505351244, 0.00022486617817437106, 0.0, 0.0, 0.0, 2.0]}
data modify storage ps:ani_data data[-1].frames append value {}
data modify storage ps:ani_data data[-1].frames[-1].part_1 set value {interpolation_duration:1,start_interpolation:0,transformation:[-0.4353670457007187, 3.658497575444128e-05, 0.900253038972581, -5.194640058652784e-05, 2.260695588031372e-05, -0.9999999984146589, 5.157138857684471e-05, 0.03135262361702225, 0.9002530394321109, 4.280446382055616e-05, 0.43536704418343847, 0.0001653659197322105, 0.0, 0.0, 0.0, 2.0]}
data modify storage ps:ani_data data[-1].frames append value {}
data modify storage ps:ani_data data[-1].frames[-1].part_1 set value {interpolation_duration:1,start_interpolation:0,transformation:[-0.43536370905109767, -4.345155349556868e-05, 0.9002546522808053, -7.150560867224672e-05, 4.887549262349589e-05, -0.9999999985022836, -2.462962854349096e-05, 0.03135416046373478, 0.9002546520026746, 3.327754318157334e-05, 0.4353637105227624, 9.816533410824807e-05, 0.0, 0.0, 0.0, 2.0]}
data modify storage ps:ani_data data[-1].frames append value {}
data modify storage ps:ani_data data[-1].frames[-1].part_1 set value {interpolation_duration:1,start_interpolation:0,transformation:[-0.4353630220043698, -6.48767774888312e-05, 0.9002549832476494, -4.5084789423255956e-05, 3.8930058861391464e-05, -0.9999999978250653, -5.323832710386743e-05, 0.03135706726088043, 0.9002549847435851, 1.186898051369511e-05, 0.43536302358314055, 0.00011329569301499795, 0.0, 0.0, 0.0, 2.0]}
data modify storage ps:ani_data data[-1].frames append value {}
data modify storage ps:ani_data data[-1].frames[-1].part_1 set value {interpolation_duration:1,start_interpolation:0,transformation:[-0.435369606246859, -2.0360216167134863e-05, 0.9002518011878211, -7.667518082523985e-05, 5.632333959809072e-05, -0.9999999984031578, 4.622322380489078e-06, 0.03136060425201796, 0.9002517996561497, 5.271760659683408e-05, 0.4353696066983977, 9.74953499681556e-05, 0.0, 0.0, 0.0, 2.0]}
data modify storage ps:ani_data data[-1].frames append value {}
data modify storage ps:ani_data data[-1].frames[-1].part_1 set value {interpolation_duration:1,start_interpolation:0,transformation:[-0.43536379939109565, -3.619881276600409e-05, 0.9002546089131649, -4.421152251483351e-05, 4.4900617356530196e-05, -0.9999999988209244, -1.8495555802907596e-05, 0.03135435187235459, 0.9002546085212136, 3.2369692272058866e-05, 0.43536380050311785, 5.2614288152558687e-05, 0.0, 0.0, 0.0, 2.0]}
data modify storage ps:ani_data data[-1].frames append value {}
data modify storage ps:ani_data data[-1].frames[-1].part_1 set value {interpolation_duration:1,start_interpolation:0,transformation:[-0.4353603066867284, -4.9036821298935066e-05, 0.9002562973714916, -6.545688251716265e-05, 2.6357537403967984e-05, -0.9999999987822172, -4.1723446735325124e-05, 0.031359365599526415, 0.9002562983211603, 5.563806464408288e-06, 0.435360307449044, 2.021689354290764e-05, 0.0, 0.0, 0.0, 2.0]}
data modify storage ps:ani_data data[-1].frames append value {}
data modify storage ps:ani_data data[-1].frames[-1].part_1 set value {interpolation_duration:1,start_interpolation:0,transformation:[-0.435361709629176, -2.4674901141924872e-05, 0.9002556199102065, -4.888520188173528e-05, 4.77295424022499e-05, -0.9999999988515844, -4.326866555872863e-06, 0.0313589075945217, 0.9002556189831038, 4.108503676226586e-05, 0.4353617103069216, 4.134779606553889e-05, 0.0, 0.0, 0.0, 2.0]}
data modify storage ps:ani_data data[-1].frames append value {}
data modify storage ps:ani_data data[-1].frames[-1].part_1 set value {interpolation_duration:1,start_interpolation:0,transformation:[-0.435362258769567, -4.771906500219507e-05, 0.9002553534203231, -4.579205895900755e-05, 4.673155308164733e-05, -0.9999999984457936, -3.0406828816504912e-05, 0.031353225257098064, 0.900255353472126, 2.8832345159825862e-05, 0.43536226032291026, 3.059103434981475e-05, 0.0, 0.0, 0.0, 2.0]}
data modify storage ps:ani_data data[-1].frames append value {}
data modify storage ps:ani_data data[-1].frames[-1].part_1 set value {interpolation_duration:1,start_interpolation:0,transformation:[-0.4353631738982822, -6.228240106920081e-05, 0.9002549099750115, -4.4456603773883316e-05, 4.0905008697262185e-05, -0.9999999979431403, -4.940141512535844e-05, 0.03135724438841802, 0.9002549112001523, 1.5317378038238177e-05, 0.4353631755504634, 1.3748753515741476e-05, 0.0, 0.0, 0.0, 2.0]}
data modify storage ps:ani_data data[-1].frames append value {}
data modify storage ps:ani_data data[-1].frames[-1].part_1 set value {interpolation_duration:1,start_interpolation:0,transformation:[-0.43536196021569157, -3.2635570544702075e-05, 0.9002554984736664, -4.749355895624929e-05, 6.152470494080318e-05, -0.999999998086242, -6.498215614838033e-06, 0.031361225985511915, 0.9002554969628684, 5.2558878026947915e-05, 0.43536196139040806, 2.3188670190015635e-06, 0.0, 0.0, 0.0, 2.0]}
data modify storage ps:ani_data data[-1].frames append value {}
data modify storage ps:ani_data data[-1].frames[-1].part_1 set value {interpolation_duration:1,start_interpolation:0,transformation:[-0.4353615833788354, -4.09149418383992e-05, 0.9002556803729929, -4.0975279704596114e-05, 4.695310423214255e-05, -0.9999999986391098, -2.274172151980077e-05, 0.03135538474823868, 0.9002556800783202, 3.236892690651056e-05, 0.43536158470743985, 4.037542094684696e-05, 0.0, 0.0, 0.0, 2.0]}
data modify storage ps:ani_data data[-1].frames append value {}
data modify storage ps:ani_data data[-1].frames[-1].part_1 set value {interpolation_duration:1,start_interpolation:0,transformation:[-0.4353484533950052, -4.372451919946442e-05, 0.9002620297528617, -3.005315198262793e-05, 2.165644832243495e-05, -0.9999999990398448, -3.809603953161965e-05, 0.031360905981521095, 0.9002620305542018, 2.9114262334276546e-06, 0.4353484539239211, 1.820585986098878e-05, 0.0, 0.0, 0.0, 2.0]}
data modify storage ps:ani_data data[-1].frames append value {}
data modify storage ps:ani_data data[-1].frames[-1].part_1 set value {interpolation_duration:1,start_interpolation:0,transformation:[-0.43534872036441036, -2.341084817486603e-05, 0.900261901409252, -2.359878299173597e-06, 4.838029560930697e-05, -0.9999999988262709, -2.608739033994408e-06, 0.03135496901612756, 0.9002619004136615, 4.2419225715762245e-05, 0.4353487209860528, -2.598683600296868e-05, 0.0, 0.0, 0.0, 2.0]}
data modify storage ps:ani_data data[-1].frames append value {}
data modify storage ps:ani_data data[-1].frames[-1].part_1 set value {interpolation_duration:1,start_interpolation:0,transformation:[-0.43534882131222263, 3.16450111984073e-05, 0.9002618523411128, -1.606800789550795e-05, 2.0894400044808613e-05, -0.9999999987577038, 4.5255014954461544e-05, 0.03136531543682868, 0.900261852654816, 3.8512148706787464e-05, 0.4353488201101869, -2.046776050432335e-05, 0.0, 0.0, 0.0, 2.0]}
data modify storage ps:ani_data data[-1].frames append value {}
data modify storage ps:ani_data data[-1].frames[-1].part_1 set value {interpolation_duration:1,start_interpolation:0,transformation:[-0.43534835473413364, -3.863540932793092e-05, 0.9002620776960383, 4.829085604196659e-06, 4.87408894424262e-05, -0.9999999986250359, -1.934563687536597e-05, 0.031363102748649695, 0.900262077205637, 3.5457483213216954e-05, 0.43534835601866956, -1.3572505730384648e-05, 0.0, 0.0, 0.0, 2.0]}
data modify storage ps:ani_data data[-1].frames append value {}
data modify storage ps:ani_data data[-1].frames[-1].part_1 set value {interpolation_duration:1,start_interpolation:0,transformation:[-0.43534785700164186, -2.8716072520810623e-05, 0.900262318760185, 2.657453192531504e-05, 4.7762987112711016e-05, -0.9999999988206263, -8.800277694992922e-06, 0.031360263508096765, 0.9002623179511486, 3.916803549346753e-05, 0.4353478578597694, -1.5016659153895497e-06, 0.0, 0.0, 0.0, 2.0]}
data modify storage ps:ani_data data[-1].frames append value {}
data modify storage ps:ani_data data[-1].frames[-1].part_1 set value {interpolation_duration:1,start_interpolation:0,transformation:[-0.43534652066156865, -5.36671665686909e-05, 0.9002629638431769, 4.631962459167735e-06, 5.697366031677044e-05, -0.9999999978630272, -3.2061611801208704e-05, 0.031358716498657804, 0.9002629636399954, 3.733336515331206e-05, 0.43534652278885994, 2.908894509281649e-05, 0.0, 0.0, 0.0, 2.0]}
data modify storage ps:ani_data data[-1].frames append value {}
data modify storage ps:ani_data data[-1].frames[-1].part_1 set value {interpolation_duration:1,start_interpolation:0,transformation:[-0.4353470403396156, -3.374796218096137e-05, 0.9002627135056812, -1.5442692893896534e-05, 5.822574462627129e-05, -0.9999999982613555, -9.330117088777075e-06, 0.03135886394806523, 0.9002627122553172, 4.8356627992514675e-05, 0.43534704154770215, 3.53141465996753e-05, 0.0, 0.0, 0.0, 2.0]}
data modify storage ps:ani_data data[-1].frames append value {}
data modify storage ps:ani_data data[-1].frames[-1].part_1 set value {interpolation_duration:1,start_interpolation:0,transformation:[-0.4353460838476235, -3.729017892328766e-05, 0.9002631759035687, 4.275245893183945e-06, 5.2307743257429384e-05, -0.9999999985019157, -1.6126626162203618e-05, 0.03136211993937847, 0.9002631751562641, 4.0070071523891906e-05, 0.4353460851460038, 8.706676969325426e-06, 0.0, 0.0, 0.0, 2.0]}
data modify storage ps:ani_data data[-1].frames append value {}
data modify storage ps:ani_data data[-1].frames[-1].part_1 set value {interpolation_duration:1,start_interpolation:0,transformation:[-0.4353446768606149, -5.134102479541973e-05, 0.9002638555963612, 1.946635615498741e-05, 4.804788586174187e-05, -0.9999999982746788, -3.379412954702123e-05, 0.03135875368204344, 0.900263855778142, 2.854368057171191e-05, 0.43534467857633313, -1.8267832565130376e-05, 0.0, 0.0, 0.0, 2.0]}
data modify storage ps:ani_data data[-1].frames append value {}
data modify storage ps:ani_data data[-1].frames[-1].part_1 set value {interpolation_duration:1,start_interpolation:0,transformation:[-0.43534409292091114, -4.750091465503362e-05, 0.9002641381853062, 7.313878845921695e-06, 3.43396173676619e-05, -0.9999999987567102, -3.615757158495195e-05, 0.031357792501609846, 0.9002641387835347, 1.5173740831237498e-05, 0.43534409401081553, -6.9253787661862e-05, 0.0, 0.0, 0.0, 2.0]}
data modify storage ps:ani_data data[-1].frames append value {}
data modify storage ps:ani_data data[-1].frames[-1].part_1 set value {interpolation_duration:1,start_interpolation:0,transformation:[-0.4353470750130374, -4.249210795766807e-05, 0.9002626963681285, -1.9848295932945582e-05, 5.0289118674439225e-05, -0.9999999984737327, -2.2880973804661563e-05, 0.03136273162762421, 0.9002626959663479, 3.5312252556518115e-05, 0.43534707648547194, -5.5674682253544285e-05, 0.0, 0.0, 0.0, 2.0]}
data modify storage ps:ani_data data[-1].frames append value {}
data modify storage ps:ani_data data[-1].frames[-1].part_1 set value {interpolation_duration:1,start_interpolation:0,transformation:[-0.4353461795888593, -3.541338000154764e-05, 0.9002631296811376, 1.2109363081476755e-05, 4.1121056822223164e-05, -0.9999999989653485, -1.9451518560910335e-05, 0.031365499782311394, 0.9002631294385227, 2.8551627017876414e-05, 0.4353461805946633, -6.557944508226621e-05, 0.0, 0.0, 0.0, 2.0]}
data modify storage ps:ani_data data[-1].frames append value {}
data modify storage ps:ani_data data[-1].frames[-1].part_1 set value {interpolation_duration:1,start_interpolation:0,transformation:[-0.43534817535251363, -3.460939600958983e-05, 0.9002621646050815, 5.2176727332618493e-05, 5.902659706575121e-05, -0.9999999982089289, -9.899643646213508e-06, 0.03136394371690989, 0.9002621633352683, 4.882962024566596e-05, 0.4353481766156489, -6.643850490747442e-05, 0.0, 0.0, 0.0, 2.0]}
data modify storage ps:ani_data data[-1].frames append value {}
data modify storage ps:ani_data data[-1].frames[-1].part_1 set value {interpolation_duration:1,start_interpolation:0,transformation:[-0.43535081371745443, -2.58376380845723e-05, 0.9002608890360428, 6.668781162417869e-05, 6.16665866245031e-05, -0.999999998097988, 1.1207424903317427e-06, 0.03136487146647727, 0.9002608872947786, 5.6003932253526985e-05, 0.435350814482731, -4.24915777465304e-05, 0.0, 0.0, 0.0, 2.0]}
data modify storage ps:ani_data data[-1].frames[-1].is_last set value 1
data modify storage ps:ani_data data[-1].frames[-1].keep_alive set value 1
