#0
data modify storage ps:ani_data data append value {ani_tag:'coin',height:0.1,width:0.3}
data modify storage ps:ani_data data[-1].parts.part_1 set value {name:'coin',init_pos:[1.0, 0.0, 0.0, 0.0, 0.0, 1.0, 0.0, 0.03125, 0.0, 0.0, 1.0, 0.0, 0.0, 0.0, 0.0, 2.0],item_model:'coin_test'}
#1
data modify storage ps:ani_data data[-1].frames append value {}
data modify storage ps:ani_data data[-1].frames[-1].part_1 set value {interpolation_duration:1,start_interpolation:0,transformation:[0.8400293913168039, 0.5422219267081522, 0.018601180629701113, 0.0017154161922192871, -0.5399578277871403, 0.8321968330057612, 0.12607131056102136, 0.2506863963259912, 0.052878785304813464, -0.11594745936017616, 0.9918467728094937, -0.0006760569344674886, 0.0, 0.0, 0.0, 2.0]}
#2
data modify storage ps:ani_data data[-1].frames append value {}
data modify storage ps:ani_data data[-1].frames[-1].part_1 set value {interpolation_duration:1,start_interpolation:0,transformation:[0.5103002289075007, 0.8594005777391842, 0.03200505207788145, 0.0005092466710672873, -0.8543194844768455, 0.5023115887293945, 0.13349639048067002, 0.5341103037131674, 0.09865036654857592, -0.09546577821244132, 0.9905323772447441, -0.0002660968893969827, 0.0, 0.0, 0.0, 2.0]}
#3
data modify storage ps:ani_data data[-1].frames append value {}
data modify storage ps:ani_data data[-1].frames[-1].part_1 set value {interpolation_duration:1,start_interpolation:0,transformation:[0.07501217635939712, 0.9959799858768277, 0.048959586708019545, 0.00012893488057580754, -0.988563372200858, 0.06783264878512592, 0.13468923825481155, 0.7909301026839084, 0.1308267271649579, -0.058502987031322895, 0.9896776080965548, -6.833026672149288e-05, 0.0, 0.0, 0.0, 2.0]}
#4
data modify storage ps:ani_data data[-1].frames append value {}
data modify storage ps:ani_data data[-1].frames[-1].part_1 set value {interpolation_duration:1,start_interpolation:0,transformation:[-0.37443866465062525, 0.9248735084773204, 0.06636776123621933, 3.222965863388345e-05, -0.9160649552661222, -0.3800569626548736, 0.12799102652463082, 1.0218301757079058, 0.14359903950909048, -0.012872391168824434, 0.9895522307577621, -1.701685850393076e-05, 0.0, 0.0, 0.0, 2.0]}
#5
data modify storage ps:ani_data data[-1].frames append value {}
data modify storage ps:ani_data data[-1].frames[-1].part_1 set value {interpolation_duration:1,start_interpolation:0,transformation:[-0.744880461509497, 0.6623377621340899, 0.08038524063908908, 8.046813994787817e-06, -0.6533461019562826, -0.7485253223041228, 0.11335216331433529, 1.2270788423054224, 0.13524780634054331, 0.03191442809631534, 0.9902976825981952, -4.219543083752488e-06, 0.0, 0.0, 0.0, 2.0]}
#6
data modify storage ps:ani_data data[-1].frames append value {}
data modify storage ps:ani_data data[-1].frames[-1].part_1 set value {interpolation_duration:1,start_interpolation:0,transformation:[-0.960601139769926, 0.2638707269340027, 0.08727937751863146, 2.0086677681376e-06, -0.255909028229566, -0.9622534436741503, 0.09262224035207528, 1.4068079736323567, 0.10842517947099736, 0.06663744896497313, 0.9918686560488353, -1.043581217097668e-06, 0.0, 0.0, 0.0, 2.0]}
#7
data modify storage ps:ani_data data[-1].frames append value {}
data modify storage ps:ani_data data[-1].frames[-1].part_1 set value {interpolation_duration:1,start_interpolation:0,transformation:[-0.9785669588731576, -0.18784959557319447, 0.08437556781869451, 5.013423753479436e-07, 0.19383433507377795, -0.9785774403948624, 0.06938619240703675, 1.561104616876544, 0.06953385900585546, 0.08425391737615086, 0.9940152513208872, -2.572789302268216e-07, 0.0, 0.0, 0.0, 2.0]}
#8
data modify storage ps:ani_data data[-1].frames append value {}
data modify storage ps:ani_data data[-1].frames[-1].part_1 set value {interpolation_duration:1,start_interpolation:0,transformation:[-0.7966253500985574, -0.6003061854129557, 0.0708557360789962, 1.251092417280976e-07, 0.6038541160876678, -0.7956275399130716, 0.04834277832163514, 1.6900410190282702, 0.0273543061387367, 0.08129761058493289, 0.9963144285058048, -6.315830004832829e-08, 0.0, 0.0, 0.0, 2.0]}
#9
data modify storage ps:ani_data data[-1].frames append value {}
data modify storage ps:ani_data data[-1].frames[-1].part_1 set value {interpolation_duration:1,start_interpolation:0,transformation:[-0.4532176404631263, -0.8900961179637411, 0.048194098797610024, 3.1214117258901495e-08, 0.8913566526825087, -0.4520002762457377, 0.034337559499909055, 1.79368446535698, -0.008779982441283923, 0.0585205182790988, 0.9982475949626306, -1.5414921453304578e-08, 0.0, 0.0, 0.0, 2.0]}
#10
data modify storage ps:ani_data data[-1].frames append value {}
data modify storage ps:ani_data data[-1].frames[-1].part_1 set value {interpolation_duration:1,start_interpolation:0,transformation:[-0.018893688999790336, -0.9996196297199252, 0.020090405535436992, 7.785564224701755e-09, 0.999344585681788, -0.018260298361426806, 0.03125636850702545, 1.8721005035701819, -0.03087762271410318, 0.020667786101824962, 0.9993094691001254, -3.732444181954695e-09, 0.0, 0.0, 0.0, 2.0]}
#11
data modify storage ps:ani_data data[-1].frames append value {}
data modify storage ps:ani_data data[-1].frames[-1].part_1 set value {interpolation_duration:1,start_interpolation:0,transformation:[0.41843785348381723, -0.9082090773854382, -0.008126163088847014, 1.9411890146192275e-09, 0.907613617135092, 0.41779636559070105, 0.04103314380053791, 1.9253540005919556, -0.03387159226859295, -0.024545236888088, 0.9991247402518353, -8.937376664803096e-10, 0.0, 0.0, 0.0, 2.0]}
#12
data modify storage ps:ani_data data[-1].frames append value {}
data modify storage ps:ani_data data[-1].frames[-1].part_1 set value {interpolation_duration:1,start_interpolation:0,transformation:[0.7713973901312091, -0.6356212100550156, -0.03052447914308631, 4.837636492698102e-10, 0.6361376867648938, 0.76899801865125, 0.06301500446609108, 1.953509489133522, -0.016580409408964263, -0.06802738153603534, 0.9975456708267452, -2.1062486357808671e-10, 0.0, 0.0, 0.0, 2.0]}
#13
data modify storage ps:ani_data data[-1].frames append value {}
data modify storage ps:ani_data data[-1].frames[-1].part_1 set value {interpolation_duration:1,start_interpolation:0,transformation:[0.9705099673621886, -0.23740485278904558, -0.041825101588098816, 1.2048108531845816e-10, 0.2403785526010585, 0.9661308144734723, 0.09385840811693517, 1.9566312815421416, 0.01812607790073047, -0.10114437798037318, 0.9947066201161525, -4.848183406918755e-11, 0.0, 0.0, 0.0, 2.0]}
#14
data modify storage ps:ani_data data[-1].frames append value {}
data modify storage ps:ani_data data[-1].frames[-1].part_1 set value {interpolation_duration:1,start_interpolation:0,transformation:[0.9776386213409588, 0.20671705031438664, -0.038610713174820496, 2.9980259919477474e-11, -0.20032705755443717, 0.9713292692664867, 0.12801765767976722, 1.9347835073910467, 0.06396714839767469, -0.11742023580095633, 0.9910200261096228, -1.0758352797190831e-11, 0.0, 0.0, 0.0, 2.0]}
#15
data modify storage ps:ani_data data[-1].frames append value {}
data modify storage ps:ani_data data[-1].frames[-1].part_1 set value {interpolation_duration:1,start_interpolation:0,transformation:[0.7929353305556682, 0.6089702378482904, -0.020219074448877015, 7.451846828545254e-12, -0.5988206943945728, 0.784990707864888, 0.1587556755854206, 1.8880301260801147, 0.1125492670850165, -0.11377538389642186, 0.9871108471179147, -2.244689428495198e-12, 0.0, 0.0, 0.0, 2.0]}
#16
data modify storage ps:ani_data data[-1].frames append value {}
data modify storage ps:ani_data data[-1].frames[-1].part_1 set value {interpolation_duration:1,start_interpolation:0,transformation:[0.4541253234715018, 0.8908711501614572, 0.010898825253479127, 1.8494584122188252e-12, -0.8773426129595288, 0.4450332782157118, 0.1794862690177803, 1.8164349312473256, 0.15504879898680268, -0.09107126380246917, 0.9837001041182067, -4.15745032252941e-13, 0.0, 0.0, 0.0, 2.0]}
#17
data modify storage ps:ani_data data[-1].frames append value {}
data modify storage ps:ani_data data[-1].frames[-1].part_1 set value {interpolation_duration:1,start_interpolation:0,transformation:[0.02847724981075653, 0.9983697968441911, 0.04946508862322922, 4.580946430432807e-13, -0.9825248401876752, 0.018850663283494273, 0.18517448773509665, 1.72006155249606, 0.18394016597089094, -0.05387393844021872, 0.9814599401399631, -5.637024726270264e-14, 0.0, 0.0, 0.0, 2.0]}
#18
data modify storage ps:ani_data data[-1].frames append value {}
data modify storage ps:ani_data data[-1].frames[-1].part_1 set value {interpolation_duration:1,start_interpolation:0,transformation:[-0.4007777203544217, 0.9119122281758933, 0.08827970871491506, 1.1315064091214294e-13, -0.8953062224559635, -0.41027523007573463, 0.17349640808367073, 1.5989734562421298, 0.19443247388012486, -0.00950387760760936, 0.9808698636471986, 1.4734434583314459e-15, 0.0, 0.0, 0.0, 2.0]}
#19
data modify storage ps:ani_data data[-1].frames append value {}
data modify storage ps:ani_data data[-1].frames[-1].part_1 set value {interpolation_duration:1,start_interpolation:0,transformation:[-0.7507985608509306, 0.6496163129770018, 0.11958330543323048, 2.7830214729060013e-14, -0.6339942711777923, -0.7595270984449471, 0.1454986283149756, 1.4532339462716422, 0.18534504346734307, 0.03342503017149586, 0.9821048733308084, 5.465131637196805e-15, 0.0, 0.0, 0.0, 2.0]}
#20
data modify storage ps:ani_data data[-1].frames append value {}
data modify storage ps:ani_data data[-1].frames[-1].part_1 set value {interpolation_duration:1,start_interpolation:0,transformation:[-0.9550368961640568, 0.26313761013718356, 0.1366130487787115, 6.791769074541581e-15, -0.25007575535939897, -0.9624510648312925, 0.10559386528835939, 1.2829061642033903, 0.1592690916240468, 0.06668242599367363, 0.9849806142847932, 3.036277280421364e-15, 0.0, 0.0, 0.0, 2.0]}
#21
data modify storage ps:ani_data data[-1].frames append value {}
data modify storage ps:ani_data data[-1].frames[-1].part_1 set value {interpolation_duration:1,start_interpolation:0,transformation:[-0.9756590891587225, -0.17278481076818275, 0.13503610965136165, 1.627353241539713e-15, 0.18222030490912558, -0.98137224156521, 0.06086282908393263, 1.0880530899192449, 0.12200451721471875, 0.08398769346206597, 0.9889696482330107, 1.3067534853585554e-15, 0.0, 0.0, 0.0, 2.0]}
#22
data modify storage ps:ani_data data[-1].frames append value {}
data modify storage ps:ani_data data[-1].frames[-1].part_1 set value {interpolation_duration:1,start_interpolation:0,transformation:[-0.8102200871887588, -0.5749406196410579, 0.11395917779010326, 3.7041326184095157e-16, 0.5804460139787897, -0.814058549503211, 0.01977632010417428, 0.8687375419833447, 0.08139923323947612, 0.08217032230364255, 0.9932885799003937, 5.0644055780216745e-16, 0.0, 0.0, 0.0, 2.0]}
#23
data modify storage ps:ani_data data[-1].frames append value {}
data modify storage ps:ani_data data[-1].frames[-1].part_1 set value {interpolation_duration:1,start_interpolation:0,transformation:[-0.4914853452747052, -0.8675378878427186, 0.07629002908373853, 7.197357880360015e-17, 0.8696792445571976, -0.4935272888203347, -0.009424795810580675, 0.625022178056906, 0.045827578668582024, 0.06171570583768551, 0.9970411248721546, 1.8555585845142604e-16, 0.0, 0.0, 0.0, 2.0]}
#24
data modify storage ps:ani_data data[-1].frames append value {}
data modify storage ps:ani_data data[-1].frames[-1].part_1 set value {interpolation_duration:1,start_interpolation:0,transformation:[-0.080625862113037, -0.9963411037074206, 0.028352696901849217, 7.624516223646721e-18, 0.9964880829760168, -0.08121760577618278, -0.02037648151099053, 0.35696949531088373, 0.02260466423800015, 0.026610253194269812, 0.9993902759080776, 6.565199056493994e-17, 0.0, 0.0, 0.0, 2.0]}
#25
data modify storage ps:ani_data data[-1].frames append value {}
data modify storage ps:ani_data data[-1].frames[-1].part_1 set value {interpolation_duration:1,start_interpolation:0,transformation:[0.2852919130499917, -0.936227745333051, 0.2051490512209787, -0.00030480219728147844, 0.9541996445401941, 0.2975604870694257, 0.030996691668192227, 0.22656345059122707, -0.0900642143564404, 0.18691004628857674, 0.9782397824095883, 0.0039429788632346485, 0.0, 0.0, 0.0, 2.0]}
#26
data modify storage ps:ani_data data[-1].frames append value {}
data modify storage ps:ani_data data[-1].frames[-1].part_1 set value {interpolation_duration:1,start_interpolation:0,transformation:[0.6389525980710355, -0.5824865210812279, 0.5024430616268492, -0.00019808984400487156, 0.7560784301001144, 0.595879057518855, -0.27069088707931643, 0.26461347446480843, -0.14172150491587227, 0.552845006823006, 0.8211439663513643, 0.0018324431463887085, 0.0, 0.0, 0.0, 2.0]}
#27
data modify storage ps:ani_data data[-1].frames append value {}
data modify storage ps:ani_data data[-1].frames[-1].part_1 set value {interpolation_duration:1,start_interpolation:0,transformation:[0.8102662320595116, -0.042598692483658225, 0.5845117488834284, -1.810679385593781e-05, 0.47135969369843495, 0.64004302915506, -0.6067659845331912, 0.2821839846804459, -0.3482652327473976, 0.7671572669464186, 0.5386845602304773, 0.0005037905492089997, 0.0, 0.0, 0.0, 2.0]}
#28
data modify storage ps:ani_data data[-1].frames append value {}
data modify storage ps:ani_data data[-1].frames[-1].part_1 set value {interpolation_duration:1,start_interpolation:0,transformation:[0.761193679123626, 0.4966059214135595, 0.4170932050264394, 6.986280064696293e-05, 0.19884149052771224, 0.43345068574420453, -0.8789667597085776, 0.2783234788496186, -0.6172894333349271, 0.7519993762263826, 0.2311940605815296, 0.0001431986070120005, 0.0, 0.0, 0.0, 2.0]}
#29
data modify storage ps:ani_data data[-1].frames append value {}
data modify storage ps:ani_data data[-1].frames[-1].part_1 set value {interpolation_duration:1,start_interpolation:0,transformation:[0.5200758135339777, 0.8528222274973201, 0.04706799829481862, 0.0001227336009120344, 0.013312497347940482, 0.04700661352812745, -0.998805864870135, 0.2542823382746773, -0.8540163497213225, 0.5200813653373164, 0.013093809130295392, 4.157699380352754e-05, 0.0, 0.0, 0.0, 2.0]}
#30
data modify storage ps:ani_data data[-1].frames append value {}
data modify storage ps:ani_data data[-1].frames[-1].part_1 set value {interpolation_duration:1,start_interpolation:0,transformation:[0.24380153382162775, 0.9203494039765561, -0.3058067800200309, 0.0005822289763481742, 0.015566309509781343, -0.3189944814301534, -0.9476287304769483, 0.24458959763292254, -0.9697002124958348, 0.22627305499574052, -0.09209778753274803, 0.0004532024330562939, 0.0, 0.0, 0.0, 2.0]}
#31
data modify storage ps:ani_data data[-1].frames append value {}
data modify storage ps:ani_data data[-1].frames[-1].part_1 set value {interpolation_duration:1,start_interpolation:0,transformation:[-0.010758072314386176, 0.7753109562590753, -0.63148807192592, 0.00022552080553755788, 0.07216822401745064, -0.6292756963476215, -0.7738241695814253, 0.22577881634922722, -0.9973344530909605, -0.0538982290140746, -0.049183021327495406, 0.00011128259632919483, 0.0, 0.0, 0.0, 2.0]}
#32
data modify storage ps:ani_data data[-1].frames append value {}
data modify storage ps:ani_data data[-1].frames[-1].part_1 set value {interpolation_duration:1,start_interpolation:0,transformation:[-0.20671236131544737, 0.4471096538952928, -0.8702660266108421, 0.00010151618380937314, 0.17002943281624297, -0.8595267787132687, -0.48197895042312544, 0.18488540577872606, -0.9635143961849135, -0.24760184585019213, 0.10165300918319647, -8.237820186579292e-06, 0.0, 0.0, 0.0, 2.0]}
#33
data modify storage ps:ani_data data[-1].frames append value {}
data modify storage ps:ani_data data[-1].frames[-1].part_1 set value {interpolation_duration:1,start_interpolation:0,transformation:[-0.3266746442359427, 0.004871063853184657, -0.9451243037559971, 3.197790195886002e-05, 0.2779011263151871, -0.9552876318166211, -0.10097774255221853, 0.1212210430299661, -0.9033574269391215, -0.2956379766456433, 0.31071457313553774, -4.235172540099939e-05, 0.0, 0.0, 0.0, 2.0]}
#34
data modify storage ps:ani_data data[-1].frames append value {}
data modify storage ps:ani_data data[-1].frames[-1].part_1 set value {interpolation_duration:1,start_interpolation:0,transformation:[-0.4821922088224051, -0.07052156862266343, -0.873222412739142, 0.00015614822801162775, 0.09529237944248763, -0.9950627087941036, 0.02774108843447352, 0.05713759939170004, -0.8708674044716326, -0.06983490478506642, 0.48653165354630495, -0.0005875034778362418, 0.0, 0.0, 0.0, 2.0]}
#35
data modify storage ps:ani_data data[-1].frames append value {}
data modify storage ps:ani_data data[-1].frames[-1].part_1 set value {interpolation_duration:1,start_interpolation:0,transformation:[-0.5743561080444651, -0.003460512284798291, -0.8185982445661248, -0.0007173004401166083, -0.0013572792836546342, -0.9999856645842943, 0.005179615705201877, 0.032039707166668714, -0.8186044337437716, 0.004086010356591389, 0.574343177529258, -0.0011202893775111398, 0.0, 0.0, 0.0, 2.0]}
#36
data modify storage ps:ani_data data[-1].frames append value {}
data modify storage ps:ani_data data[-1].frames[-1].part_1 set value {interpolation_duration:1,start_interpolation:0,transformation:[-0.5975935634451751, -0.004854708529434605, -0.8017844877110004, -0.0004191025321519658, 0.005096913157184746, -0.9999844660610243, 0.0022559062294653523, 0.03082403290551389, -0.8017829846069104, -0.0027385108621764613, 0.5976090244910063, -0.00036834879167238136, 0.0, 0.0, 0.0, 2.0]}
#37
data modify storage ps:ani_data data[-1].frames append value {}
data modify storage ps:ani_data data[-1].frames[-1].part_1 set value {interpolation_duration:1,start_interpolation:0,transformation:[-0.5992125661307409, -0.0008805641712070423, -0.8005894860649572, -0.00025792290314363117, -0.0024825827493170772, -0.9999925434495559, 0.0029580108486385137, 0.030835306623638443, -0.8005861211474409, 0.0037600069186447434, 0.5992059119985936, -0.0002267108209778507, 0.0, 0.0, 0.0, 2.0]}
#38
data modify storage ps:ani_data data[-1].frames append value {}
data modify storage ps:ani_data data[-1].frames[-1].part_1 set value {interpolation_duration:1,start_interpolation:0,transformation:[-0.5992274085893913, 4.2629463955556226e-05, -0.8005788599369651, -0.0002626360022212216, -0.0009222827702984417, -0.9999993717656456, 0.000637073626074108, 0.03126424795208167, -0.8005783298277149, 0.001120112066818067, 0.5992270714505676, -9.81903965426522e-05, 0.0, 0.0, 0.0, 2.0]}
#39
data modify storage ps:ani_data data[-1].frames append value {}
data modify storage ps:ani_data data[-1].frames[-1].part_1 set value {interpolation_duration:1,start_interpolation:0,transformation:[-0.5992304321848245, -2.278454704472663e-05, -0.8005765975997876, -0.00021272955680734447, -3.6704563661007544e-05, -0.9999999977621103, 5.593348428336591e-05, 0.0313554181804829, -0.8005765970826044, 6.290186065283871e-05, 0.599230430007516, -3.989263201780053e-05, 0.0, 0.0, 0.0, 2.0]}
#40
data modify storage ps:ani_data data[-1].frames append value {}
data modify storage ps:ani_data data[-1].frames[-1].part_1 set value {interpolation_duration:1,start_interpolation:0,transformation:[-0.5992328411274651, -5.7351252647175655e-05, -0.800574792774004, -0.00017016194163399235, 3.286472295181024e-05, -0.9999999983536567, 4.703824250447763e-05, 0.03136550175977971, -0.8005747941536855, 1.8761909308802778e-06, 0.5992328420257552, -8.986184047229869e-05, 0.0, 0.0, 0.0, 2.0]}
#41
data modify storage ps:ani_data data[-1].frames append value {}
data modify storage ps:ani_data data[-1].frames[-1].part_1 set value {interpolation_duration:1,start_interpolation:0,transformation:[-0.599238607896584, -5.350994774623315e-05, -0.8005704765620884, -8.28879753049928e-05, 4.991765782031373e-05, -0.9999999983197059, 2.947568086191818e-05, 0.03135681036765187, -0.8005704767941367, -2.2299637143571983e-05, 0.599238609560778, -9.258142057660769e-05, 0.0, 0.0, 0.0, 2.0]}
#42
data modify storage ps:ani_data data[-1].frames append value {}
data modify storage ps:ani_data data[-1].frames[-1].part_1 set value {interpolation_duration:1,start_interpolation:0,transformation:[-0.5992373391996538, -5.583308241303269e-05, -0.8005714260399165, -2.7766230787588613e-05, 4.6622444868807884e-05, -0.9999999983061189, 3.4844077119110455e-05, 0.03135839428022784, -0.8005714266292959, -1.6444725114365637e-05, 0.5992373407876919, -9.444021326598497e-05, 0.0, 0.0, 0.0, 2.0]}
#43
data modify storage ps:ani_data data[-1].frames append value {}
data modify storage ps:ani_data data[-1].frames[-1].part_1 set value {interpolation_duration:1,start_interpolation:0,transformation:[-0.5992424353750776, -5.44507495652568e-05, -0.8005676115612357, 3.772531345011773e-05, 5.2341806547707086e-05, -0.9999999982144047, 2.8836187608727425e-05, 0.03135670759222503, -0.800567611701898, -2.4623287763111657e-05, 0.5992424371551238, -9.581955321379677e-05, 0.0, 0.0, 0.0, 2.0]}
#44
data modify storage ps:ani_data data[-1].frames append value {}
data modify storage ps:ani_data data[-1].frames[-1].part_1 set value {interpolation_duration:1,start_interpolation:0,transformation:[-0.5992411806606898, -5.254311403460298e-05, -0.8005685508684457, 4.253041521200757e-05, 4.3019368447475874e-05, -0.9999999985158371, 3.343141169840409e-05, 0.031358680685284836, -0.8005685514368622, -1.4406474839966237e-05, 0.5992411820316901, -3.3366102789407295e-05, 0.0, 0.0, 0.0, 2.0]}
#45
data modify storage ps:ani_data data[-1].frames append value {}
data modify storage ps:ani_data data[-1].frames[-1].part_1 set value {interpolation_duration:1,start_interpolation:0,transformation:[-0.5992420430572973, 6.325644315085606e-06, -0.8005679070463055, -8.804812062625422e-06, -5.389531029575553e-05, -0.99999999802146, 3.244033556888923e-05, 0.03135599983536239, -0.8005679052571438, 6.258646872684972e-05, 0.5992420422125956, -3.5109945515445804e-05, 0.0, 0.0, 0.0, 2.0]}
#46
data modify storage ps:ani_data data[-1].frames append value {}
data modify storage ps:ani_data data[-1].frames[-1].part_1 set value {interpolation_duration:1,start_interpolation:0,transformation:[-0.5992420987546702, -1.362722656776666e-05, -0.8005678652646487, -5.059680575237624e-05, -3.5638294459293035e-05, -0.9999999984101996, 4.3697972941196154e-05, 0.03136275138939419, -0.8005678645873875, 5.4716538333556365e-05, 0.5992420973163438, 5.2093844927776186e-05, 0.0, 0.0, 0.0, 2.0]}
#47
data modify storage ps:ani_data data[-1].frames append value {}
data modify storage ps:ani_data data[-1].frames[-1].part_1 set value {interpolation_duration:1,start_interpolation:0,transformation:[-0.5992449914740083, -1.6947700661428757e-05, -0.8005656999310491, -3.212638893387759e-05, -3.383611429095369e-05, -0.9999999983465777, 4.649689920066418e-05, 0.031364305924329275, -0.8005656993953917, 5.4951066485354165e-05, 0.599244989909759, 3.7088899176094356e-05, 0.0, 0.0, 0.0, 2.0]}
#48
data modify storage ps:ani_data data[-1].frames append value {}
data modify storage ps:ani_data data[-1].frames[-1].part_1 set value {interpolation_duration:1,start_interpolation:0,transformation:[-0.5992435630146392, -8.090784231750298e-06, -0.8005667693078815, -1.704132227235162e-05, -3.9347344945334674e-05, -0.9999999984434456, 3.955875838656693e-05, 0.03136134283374567, -0.8005667683818172, 5.5205508147731e-05, 0.5992435617635331, 7.225456503818734e-05, 0.0, 0.0, 0.0, 2.0]}
#49
data modify storage ps:ani_data data[-1].frames append value {}
data modify storage ps:ani_data data[-1].frames[-1].part_1 set value {interpolation_duration:1,start_interpolation:0,transformation:[-0.5992426326043158, -3.983063044415755e-06, -0.800567465772613, -3.714573208853423e-05, -4.85258412905752e-05, -0.9999999979698598, 4.1297975916028173e-05, 0.03135949676783406, -0.8005674643118413, 6.359571759563018e-05, 0.5992426311944878, 7.734203346635037e-05, 0.0, 0.0, 0.0, 2.0]}
#50
data modify storage ps:ani_data data[-1].frames append value {}
data modify storage ps:ani_data data[-1].frames[-1].part_1 set value {interpolation_duration:1,start_interpolation:0,transformation:[-0.5992424144441479, -5.3750300840556946e-05, -0.8005676272758302, -2.917001942354196e-05, 4.077904161543028e-05, -0.9999999984981606, 3.661623128983196e-05, 0.03136137978755819, -0.8005676280416397, -1.0704381742683101e-05, 0.599242415736068, 1.953223419153064e-05, 0.0, 0.0, 0.0, 2.0]}
#51
data modify storage ps:ani_data data[-1].frames append value {}
data modify storage ps:ani_data data[-1].frames[-1].part_1 set value {interpolation_duration:1,start_interpolation:0,transformation:[-0.5992405966125545, -2.5030486646338616e-05, -0.8005689893724989, -3.380381094684059e-05, -2.460781383778035e-05, -0.9999999984629147, 4.968527157731197e-05, 0.03136997818464244, -0.8005689893856024, 4.947368443762365e-05, 0.599240595075525, 4.730757046328498e-05, 0.0, 0.0, 0.0, 2.0]}
#52
data modify storage ps:ani_data data[-1].frames append value {}
data modify storage ps:ani_data data[-1].frames[-1].part_1 set value {interpolation_duration:1,start_interpolation:0,transformation:[-0.5992390438371011, -5.4801180828930815e-06, -0.8005701520236468, -4.6227468800682535e-05, -4.303134662699839e-05, -0.9999999983115093, 3.9054892319420125e-05, 0.03136252291651968, -0.8005701508859171, 5.78528280416086e-05, 0.5992390425894747, -3.2536332852224537e-06, 0.0, 0.0, 0.0, 2.0]}
#53
data modify storage ps:ani_data data[-1].frames append value {}
data modify storage ps:ani_data data[-1].frames[-1].part_1 set value {interpolation_duration:1,start_interpolation:0,transformation:[-0.5992389684510097, -1.5234365099562718e-05, -0.8005702083250936, -7.085940839561344e-05, -3.2299730295090545e-05, -0.9999999985449745, 4.320623198437351e-05, 0.03136666425363418, -0.8005702078184628, 5.1749059696155986e-05, 0.599238967087036, 6.223284836852062e-06, 0.0, 0.0, 0.0, 2.0]}
#54
data modify storage ps:ani_data data[-1].frames append value {}
data modify storage ps:ani_data data[-1].frames[-1].part_1 set value {interpolation_duration:1,start_interpolation:0,transformation:[-0.5992372711099022, 1.0443955087926655e-05, -0.8005714788847285, -2.2697789410672955e-05, -5.876597064684302e-05, -0.9999999977945951, 3.094140307640411e-05, 0.03135697973739601, -0.8005714767959935, 6.558760197265561e-05, 0.5992372704020906, -5.765885166441262e-06, 0.0, 0.0, 0.0, 2.0]}
#55
data modify storage ps:ani_data data[-1].frames append value {}
data modify storage ps:ani_data data[-1].frames[-1].part_1 set value {interpolation_duration:1,start_interpolation:0,transformation:[-0.5992364747929692, 6.316180599050617e-06, -0.8005720749800113, 3.7398979547601184e-05, -5.652535663976813e-05, -0.9999999978100655, 3.4420229889606665e-05, 0.031358578223373276, -0.8005720730094068, 6.587847927469583e-05, 0.5992364738377051, 2.021036301067864e-05, 0.0, 0.0, 0.0, 2.0]}
#56
data modify storage ps:ani_data data[-1].frames append value {}
data modify storage ps:ani_data data[-1].frames[-1].part_1 set value {interpolation_duration:1,start_interpolation:0,transformation:[-0.5992384794769926, 6.504792541282284e-06, -0.8005705744478677, 1.4776495546327038e-05, -5.470213427531072e-05, -0.9999999979652577, 3.282013113879163e-05, 0.03135901855422481, -0.8005705726054249, 6.346000454015493e-05, 0.5992384786135228, 7.418379623751459e-05, 0.0, 0.0, 0.0, 2.0]}
#57
data modify storage ps:ani_data data[-1].frames append value {}
data modify storage ps:ani_data data[-1].frames[-1].part_1 set value {interpolation_duration:1,start_interpolation:0,transformation:[-0.5992360793903017, 1.1966811233743933e-05, -0.8005723708783203, 2.1105011872287616e-05, -6.133208064632775e-05, -0.9999999976399323, 3.095982979610093e-05, 0.0313565800444377, -0.800572368618425, 6.765301623953754e-05, 0.5992360787100135, 6.341378525752263e-05, 0.0, 0.0, 0.0, 2.0]}
#58
data modify storage ps:ani_data data[-1].frames append value {}
data modify storage ps:ani_data data[-1].frames[-1].part_1 set value {interpolation_duration:1,start_interpolation:0,transformation:[-0.5992291216598084, 7.242016677847856e-07, -0.8005775788481025, 3.51116467870098e-05, -4.877148233005386e-05, -0.9999999981769679, 3.560066082943369e-05, 0.03136138401094941, -0.8005775773628416, 6.037830795995785e-05, 0.5992291206027149, 3.817881384641205e-05, 0.0, 0.0, 0.0, 2.0]}
#59
data modify storage ps:ani_data data[-1].frames append value {}
data modify storage ps:ani_data data[-1].frames[-1].part_1 set value {interpolation_duration:1,start_interpolation:0,transformation:[-0.5992295214766333, -1.1827642247598857e-05, -0.8005772794996068, 1.1208815469680358e-05, -3.5802532218116394e-05, -0.9999999984949747, 4.1571972288938704e-05, 0.03136526391975254, -0.8005772787864163, 5.357384690391725e-05, 0.5992295201513183, 1.7810911334839584e-05, 0.0, 0.0, 0.0, 2.0]}
data modify storage ps:ani_data data[-1].frames[-1].is_last set value 1
data modify storage ps:ani_data data[-1].frames[-1].keep_alive set value 1
