#0
data modify storage ps:ani_data data append value {ani_tag:'coin',height:0.1,width:0.3}
data modify storage ps:ani_data data[-1].parts.part_1 set value {name:'coin',init_pos:[1.0, 0.0, 0.0, 0.0, 0.0, 1.0, 0.0, 0.03125, 0.0, 0.0, 1.0, 0.0, 0.0, 0.0, 0.0, 2.0],item_model:'coin_test'}
#1
data modify storage ps:ani_data data[-1].frames append value {}
data modify storage ps:ani_data data[-1].frames[-1].part_1 set value {interpolation_duration:1,start_interpolation:0,transformation:[0.7562167155138955, -0.6533695436646835, -0.03527773502903912, -0.0013426993779321885, 0.654177644755168, 0.756080563225327, 0.019844168298346183, 0.24780898251173225, 0.01370723458457412, -0.03808439738627403, 0.9991805094154749, 0.0007695863287693174, 0.0, 0.0, 0.0, 2.0]}
#2
data modify storage ps:ani_data data[-1].frames append value {}
data modify storage ps:ani_data data[-1].frames[-1].part_1 set value {interpolation_duration:1,start_interpolation:0,transformation:[0.24663261988249022, -0.9590667142044648, -0.13915239313411204, -0.0004417368209225185, 0.9676876111020624, 0.23594477989452683, 0.08894238674617831, 0.5308463806210777, -0.052469401840335245, -0.15659214075289554, 0.9862686567690077, 0.00028183755430959156, 0.0, 0.0, 0.0, 2.0]}
#3
data modify storage ps:ani_data data[-1].frames append value {}
data modify storage ps:ani_data data[-1].frames[-1].part_1 set value {interpolation_duration:1,start_interpolation:0,transformation:[-0.3405467381847619, -0.9037902584398252, -0.2592124377050471, -0.00011216731452836403, 0.9241840394107325, -0.3724755931215901, 0.0845327973462447, 0.787239278432526, -0.17295022523888456, -0.21077262933785615, 0.9621138801159796, 7.201549257041162e-05, 0.0, 0.0, 0.0, 2.0]}
#4
data modify storage ps:ani_data data[-1].frames append value {}
data modify storage ps:ani_data data[-1].frames[-1].part_1 set value {interpolation_duration:1,start_interpolation:0,transformation:[-0.784901744044398, -0.5108461351464111, -0.3506643386517031, -2.7889169039565775e-05, 0.5417614185941114, -0.8404505324029307, 0.01172467084934786, 1.0176999837389762, -0.30070553290379864, -0.18077369496031293, 0.9364278155263425, 1.790639614096974e-05, 0.0, 0.0, 0.0, 2.0]}
#5
data modify storage ps:ani_data data[-1].frames append value {}
data modify storage ps:ani_data data[-1].frames[-1].part_1 set value {interpolation_duration:1,start_interpolation:0,transformation:[-0.9216292690932488, 0.07076196942762392, -0.381565504249752, -6.908629150301768e-06, -0.0351169867165482, -0.9944083312929086, -0.09959351333898359, 1.2225059646607628, -0.3864793495060159, -0.07838886616080462, 0.9189607706901476, 4.432705333937561e-06, 0.0, 0.0, 0.0, 2.0]}
#6
data modify storage ps:ani_data data[-1].frames append value {}
data modify storage ps:ani_data data[-1].frames[-1].part_1 set value {interpolation_duration:1,start_interpolation:0,transformation:[-0.7019421113137843, 0.6237894226216268, -0.3437499506759593, -1.7065649937300605e-06, -0.5912405405902557, -0.7794480017305555, -0.2071121333017128, 1.4017920882022636, -0.39712957019956224, 0.0578581785370217, 0.9159369714393503, 1.0938960976525914e-06, 0.0, 0.0, 0.0, 2.0]}
#7
data modify storage ps:ani_data data[-1].frames append value {}
data modify storage ps:ani_data data[-1].frames[-1].part_1 set value {interpolation_duration:1,start_interpolation:0,transformation:[-0.2093323814916182, 0.9441724077695209, -0.25439814949356987, -4.2004190750327593e-07, -0.9213218079142715, -0.27761062645504453, -0.27221033474285256, 1.5556463812711858, -0.32763711682382046, 0.17740012538310904, 0.9279995232722004, 2.6888859145223755e-07, 0.0, 0.0, 0.0, 2.0]}
#8
data modify storage ps:ani_data data[-1].frames append value {}
data modify storage ps:ani_data data[-1].frames[-1].part_1 set value {interpolation_duration:1,start_interpolation:0,transformation:[0.37318459861141356, 0.9158257189225897, -0.14831219747262836, -1.0288684329843863e-07, -0.905383189295579, 0.324605115168864, -0.27370202729825405, 1.6841414099376821, -0.20252045797944399, 0.2364207515556331, 0.950310839848555, 6.57445533105031e-08, 0.0, 0.0, 0.0, 2.0]}
#9
data modify storage ps:ani_data data[-1].frames append value {}
data modify storage ps:ani_data data[-1].frames[-1].part_1 set value {interpolation_duration:1,start_interpolation:0,transformation:[0.8316139305450955, 0.5516158414736614, -0.0643291066208835, -2.5035576956802958e-08, -0.5513700290974175, 0.8062398759005698, -0.21440231696729992, 1.7873445620775557, -0.0664030235490042, 0.21376909492051918, 0.9746247547237923, 1.59582264967193e-08, 0.0, 0.0, 0.0, 2.0]}
#10
data modify storage ps:ani_data data[-1].frames append value {}
data modify storage ps:ani_data data[-1].frames[-1].part_1 set value {interpolation_duration:1,start_interpolation:0,transformation:[0.9994226643279518, -0.013511217730362804, -0.031173466651309354, -6.036494634646585e-09, 0.00972216494517544, 0.9928890907251756, -0.11864540879323048, 1.8653214170756278, 0.03255483890908336, 0.11827383698171251, 0.9924472187220974, 3.834520043352972e-09, 0.0, 0.0, 0.0, 2.0]}
#11
data modify storage ps:ani_data data[-1].frames append value {}
data modify storage ps:ani_data data[-1].frames[-1].part_1 set value {interpolation_duration:1,start_interpolation:0,transformation:[0.8171733367490415, -0.5734804395052882, -0.057861241010357736, -1.436855277852156e-09, 0.5732428840047212, 0.8190825847989824, -0.022278133157134554, 1.9181368502962435, 0.06016920844075155, -0.014963448260314628, 0.9980760299555209, 9.082185937211175e-10, 0.0, 0.0, 0.0, 2.0]}
#12
data modify storage ps:ani_data data[-1].frames append value {}
data modify storage ps:ani_data data[-1].frames[-1].part_1 set value {interpolation_duration:1,start_interpolation:0,transformation:[0.3522979299671034, -0.9265671411717634, -0.13175546076606873, -3.3568462565442596e-10, 0.9358506933710367, 0.35003081372564454, 0.04076652008097582, 1.9458553952815394, 0.008345553177793221, -0.13766539994983598, 0.9904436326206596, 2.1063346881129997e-10, 0.0, 0.0, 0.0, 2.0]}
#13
data modify storage ps:ani_data data[-1].frames append value {}
data modify storage ps:ani_data data[-1].frames[-1].part_1 set value {interpolation_duration:1,start_interpolation:0,transformation:[-0.22708279425919262, -0.9476665382167714, -0.22441376271449517, -7.62489935903084e-11, 0.9684745472539317, -0.24398090601214786, 0.050302771521887335, 1.9485413627212176, -0.10242292649953384, -0.20591612332630008, 0.9731947874303166, 4.730185647575593e-11, 0.0, 0.0, 0.0, 2.0]}
#14
data modify storage ps:ani_data data[-1].frames append value {}
data modify storage ps:ani_data data[-1].frames[-1].part_1 set value {interpolation_duration:1,start_interpolation:0,transformation:[-0.7137743644317925, -0.6316353881521845, -0.3025936104973613, -1.655769297241026e-11, 0.6612471531335269, -0.7501435788059535, 0.006067425236553943, 1.9262588797204732, -0.2308210543966805, -0.19575839090581687, 0.9531003584288326, 1.0076331584809365e-11, 0.0, 0.0, 0.0, 2.0]}
#15
data modify storage ps:ani_data data[-1].frames append value {}
data modify storage ps:ani_data data[-1].frames[-1].part_1 set value {interpolation_duration:1,start_interpolation:0,transformation:[-0.935748061800955, -0.09307963505023904, -0.34016429320942854, -3.3210912821459486e-12, 0.1251421398518475, -0.9894113732120022, -0.07351584449654454, 1.8790719029504954, -0.3297195924858825, -0.11136119655272114, 0.9374879595137685, 1.947448033008541e-12, 0.0, 0.0, 0.0, 2.0]}
#16
data modify storage ps:ani_data data[-1].frames append value {}
data modify storage ps:ani_data data[-1].frames[-1].part_1 set value {interpolation_duration:1,start_interpolation:0,transformation:[-0.8164144973078983, 0.4761736934295506, -0.3266894278533531, -5.627099300238166e-13, -0.44916434547552425, -0.8791882300752469, -0.15899511580768003, 1.8070442232400854, -0.3629307913900868, 0.01693132548898667, 0.9316622622378511, 2.999288608535798e-13, 0.0, 0.0, 0.0, 2.0]}
#17
data modify storage ps:ani_data data[-1].frames append value {}
data modify storage ps:ani_data data[-1].frames[-1].part_1 set value {interpolation_duration:1,start_interpolation:0,transformation:[-0.4000650123366099, 0.8758298488480373, -0.269944553141811, -5.3147678630251226e-14, -0.8596346364112284, -0.4607262222694467, -0.22081585087003927, 1.7102394673619765, -0.3177676474819978, 0.14371299168881096, 0.9372141154686097, 1.3823309285415029e-14, 0.0, 0.0, 0.0, 2.0]}
#18
data modify storage ps:ani_data data[-1].frames append value {}
data modify storage ps:ani_data data[-1].frames[-1].part_1 set value {interpolation_duration:1,start_interpolation:0,transformation:[0.16554427843227218, 0.9673387106003495, -0.1919659106518432, 1.5360605657051713e-14, -0.9637772009298712, 0.11741169193878874, -0.23947442778687877, 1.5887210988991896, -0.20911384183291257, 0.22465598939294742, 0.9517358286750346, -1.6560413745035e-14, 0.0, 0.0, 0.0, 2.0]}
#19
data modify storage ps:ani_data data[-1].frames append value {}
data modify storage ps:ani_data data[-1].frames[-1].part_1 set value {interpolation_duration:1,start_interpolation:0,transformation:[0.682300322401129, 0.7210726363756955, -0.1205011332789827, 1.3221126683062122e-14, -0.7273372539814414, 0.6528905919886677, -0.21145778269768867, 1.442552418809218, -0.07380236461016094, 0.23192267668964786, 0.969930452669189, -1.069235536761686e-14, 0.0, 0.0, 0.0, 2.0]}
#20
data modify storage ps:ani_data data[-1].frames append value {}
data modify storage ps:ani_data data[-1].frames[-1].part_1 set value {interpolation_duration:1,start_interpolation:0,transformation:[0.9711988323075545, 0.22473521070251187, -0.07916383767188094, 6.380010661337047e-15, -0.23444962008334586, 0.9606003337619174, -0.14926611946207774, 1.271796565888478, 0.04249945608142674, 0.163527012591162, 0.985623007232376, -4.817796479462728e-15, 0.0, 0.0, 0.0, 2.0]}
#21
data modify storage ps:ani_data data[-1].frames append value {}
data modify storage ps:ani_data data[-1].frames[-1].part_1 set value {interpolation_duration:1,start_interpolation:0,transformation:[0.9337735896230104, -0.3488623780117542, -0.07976167331833912, 2.6047080019434413e-15, 0.3432629824030063, 0.9361601915252225, -0.07599092521645011, 1.0765165172033622, 0.10118007824839274, 0.04357908915343098, 0.9939132028271918, -1.9059814411968594e-15, 0.0, 0.0, 0.0, 2.0]}
#22
data modify storage ps:ani_data data[-1].frames append value {}
data modify storage ps:ani_data data[-1].frames[-1].part_1 set value {interpolation_duration:1,start_interpolation:0,transformation:[0.5845995143510528, -0.8025136030732485, -0.11922803656399585, 9.838876577732333e-16, 0.8069804690947893, 0.5903407738294993, -0.016741960875041824, 0.8567750885096348, 0.08382082271170234, -0.08642735467883031, 0.9927257335453497, -7.055010150779702e-16, 0.0, 0.0, 0.0, 2.0]}
#23
data modify storage ps:ani_data data[-1].frames append value {}
data modify storage ps:ani_data data[-1].frames[-1].part_1 set value {interpolation_duration:1,start_interpolation:0,transformation:[0.0445063076279619, -0.9823260561927444, -0.18180953744546555, 3.559486989567232e-16, 0.999007411771016, 0.043428089569308236, 0.009909200923144231, 0.6126349346672948, -0.0018384253861175987, -0.18207009738331295, 0.9832838348264097, -2.5081374030994675e-16, 0.0, 0.0, 0.0, 2.0]}
#24
data modify storage ps:ani_data data[-1].frames append value {}
data modify storage ps:ani_data data[-1].frames[-1].part_1 set value {interpolation_duration:1,start_interpolation:0,transformation:[-0.5021784488793442, -0.8292369475236875, -0.24532201357141423, 1.2510631716448713e-16, 0.8556895661319681, -0.517483855409922, -0.002413670020303413, 0.3441585500532437, -0.1249486770398948, -0.2111315804224468, 0.9694386436769993, -8.675782446892696e-17, 0.0, 0.0, 0.0, 2.0]}
#25
data modify storage ps:ani_data data[-1].frames append value {}
data modify storage ps:ani_data data[-1].frames[-1].part_1 set value {interpolation_duration:1,start_interpolation:0,transformation:[-0.9304398678003586, -0.22071975657384957, -0.2925140021702065, -0.0008763397508348339, 0.20883444787699282, -0.9753212012223266, 0.07167096920057037, 0.0786747450108794, -0.3011143068463578, 0.0055985269685977146, 0.9535716180278329, -0.0008149582639971183, 0.0, 0.0, 0.0, 2.0]}
#26
data modify storage ps:ani_data data[-1].frames append value {}
data modify storage ps:ani_data data[-1].frames[-1].part_1 set value {interpolation_duration:1,start_interpolation:0,transformation:[-0.9453608292744115, -0.042632164233727995, -0.323226547558125, -0.00043803981167678447, 0.07609965848849894, -0.9928822899342934, -0.09161659409062897, 0.03747721285059972, -0.31702010102126066, -0.11120816924840406, 0.9418763181229727, -0.0008358331010869607, 0.0, 0.0, 0.0, 2.0]}
#27
data modify storage ps:ani_data data[-1].frames append value {}
data modify storage ps:ani_data data[-1].frames[-1].part_1 set value {interpolation_duration:1,start_interpolation:0,transformation:[-0.9259588460199503, -0.18169275418561381, -0.33104072038625126, 5.2407277878934355e-05, 0.16671264099539615, -0.983272845943758, 0.07335806541889532, 0.08144361215049539, -0.3388319802051487, 0.012737876828925902, 0.9407606686528452, -0.00026820532337942554, 0.0, 0.0, 0.0, 2.0]}
#28
data modify storage ps:ani_data data[-1].frames append value {}
data modify storage ps:ani_data data[-1].frames[-1].part_1 set value {interpolation_duration:1,start_interpolation:0,transformation:[-0.9177217000193802, -0.21541484464958782, -0.3337414059090249, 3.639424878708857e-05, 0.17405931343136727, -0.9733058448405546, 0.14959641642437627, 0.10612280982868612, -0.35705774984074995, 0.07919707762164162, 0.9307188545285046, -0.00011203223377460239, 0.0, 0.0, 0.0, 2.0]}
#29
data modify storage ps:ani_data data[-1].frames append value {}
data modify storage ps:ani_data data[-1].frames[-1].part_1 set value {interpolation_duration:1,start_interpolation:0,transformation:[-0.9193115299852481, -0.19971415770755815, -0.3390878441456473, -1.0523726882029903e-06, 0.14338427874878362, -0.9724132064853989, 0.18399321851762876, 0.10870608954874224, -0.3664795484660411, 0.1205272212570478, 0.922586543090772, -7.665205084401023e-05, 0.0, 0.0, 0.0, 2.0]}
#30
data modify storage ps:ani_data data[-1].frames append value {}
data modify storage ps:ani_data data[-1].frames[-1].part_1 set value {interpolation_duration:1,start_interpolation:0,transformation:[-0.9282101890944313, -0.12900172892170417, -0.3489762152303375, -5.574087352080361e-05, 0.07105073143543769, -0.982164365529282, 0.17408317738067836, 0.08980183256152016, -0.3652090338748057, 0.13679076364899276, 0.92082063864607, -2.5458271766218934e-05, 0.0, 0.0, 0.0, 2.0]}
#31
data modify storage ps:ani_data data[-1].frames append value {}
data modify storage ps:ani_data data[-1].frames[-1].part_1 set value {interpolation_duration:1,start_interpolation:0,transformation:[-0.9333382833489882, -0.021123314614536468, -0.3583761353869127, -0.00014359116454335934, -0.01369276914186025, -0.995446419130773, 0.09433416514152601, 0.051234044654554806, -0.3587368909220115, 0.0929528494421569, 0.9287990153268857, 7.859112629136115e-05, 0.0, 0.0, 0.0, 2.0]}
#32
data modify storage ps:ani_data data[-1].frames append value {}
data modify storage ps:ani_data data[-1].frames[-1].part_1 set value {interpolation_duration:1,start_interpolation:0,transformation:[-0.9341302173806668, 0.0036537851839914433, -0.3569136966133092, -0.00012426324449498526, 0.011226663643946852, -0.999152089847732, -0.03961140462462216, 0.028801960230207306, -0.3567557974298018, -0.041009160034547174, 0.9332971390685213, 8.627997497335615e-05, 0.0, 0.0, 0.0, 2.0]}
#33
data modify storage ps:ani_data data[-1].frames append value {}
data modify storage ps:ani_data data[-1].frames[-1].part_1 set value {interpolation_duration:1,start_interpolation:0,transformation:[-0.9347723603493571, -0.0050947138634656304, -0.35521075183268375, -1.085611503601714e-06, 0.008566663759674988, -0.9999296652657467, -0.00820224320293973, 0.03167883495840135, -0.3551439800966922, -0.010710201313743407, 0.9347502580844247, -7.968788134998751e-05, 0.0, 0.0, 0.0, 2.0]}
#34
data modify storage ps:ani_data data[-1].frames append value {}
data modify storage ps:ani_data data[-1].frames[-1].part_1 set value {interpolation_duration:1,start_interpolation:0,transformation:[-0.9346958328309865, 6.984678872538068e-05, -0.35544858307470417, -6.329130601733077e-05, -7.108919690622303e-05, -0.9999999974274145, -9.565412833369341e-06, 0.03135100687682645, -0.35544858282839575, 1.6327802797577257e-05, 0.9346958353917535, -0.00017428926851919185, 0.0, 0.0, 0.0, 2.0]}
#35
data modify storage ps:ani_data data[-1].frames append value {}
data modify storage ps:ani_data data[-1].frames[-1].part_1 set value {interpolation_duration:1,start_interpolation:0,transformation:[-0.9346962403945389, 5.546987185303022e-05, -0.3554475138686549, -4.257564136370171e-05, -4.322709999054939e-05, -0.9999999981674623, -4.2385059169724115e-05, 0.031352727063987104, -0.3554475155683777, -2.4252190231448674e-05, 0.9346962410794744, -0.0001632841929151462, 0.0, 0.0, 0.0, 2.0]}
#36
data modify storage ps:ani_data data[-1].frames append value {}
data modify storage ps:ani_data data[-1].frames[-1].part_1 set value {interpolation_duration:1,start_interpolation:0,transformation:[-0.9346962442027735, 4.056243195947198e-05, -0.35544750586819185, -8.52086798147532e-05, -3.2983662221624405e-05, -0.9999999990811624, -2.7381614902104777e-05, 0.031350192883732655, -0.3554475066522584, -1.3869532138128731e-05, 0.9346962446818371, -7.863718259426703e-05, 0.0, 0.0, 0.0, 2.0]}
#37
data modify storage ps:ani_data data[-1].frames append value {}
data modify storage ps:ani_data data[-1].frames[-1].part_1 set value {interpolation_duration:1,start_interpolation:0,transformation:[-0.9346978227431242, 4.594121111991973e-05, -0.35544335420523476, -8.054796510050033e-05, -4.3045573180664436e-05, -0.9999999989446593, -1.605490009371286e-05, 0.03136012037466727, -0.35544335456770254, 2.937827530704723e-07, 0.9346978237342654, -2.2631023146249383e-05, 0.0, 0.0, 0.0, 2.0]}
#38
data modify storage ps:ani_data data[-1].frames append value {}
data modify storage ps:ani_data data[-1].frames[-1].part_1 set value {interpolation_duration:1,start_interpolation:0,transformation:[-0.9346982316373431, 3.374226450879985e-05, -0.35544228031493735, -6.838060789858955e-05, -2.0842964245848404e-05, -0.9999999989779735, -4.0120107937086646e-05, 0.03135299778872432, -0.3554422813054094, -3.009172320182717e-05, 0.9346982313853459, -1.4383983783848562e-05, 0.0, 0.0, 0.0, 2.0]}
#39
data modify storage ps:ani_data data[-1].frames append value {}
data modify storage ps:ani_data data[-1].frames[-1].part_1 set value {interpolation_duration:1,start_interpolation:0,transformation:[-0.934695408100029, 2.620329269878362e-05, -0.3554497058517664, -2.7195805372715556e-05, -1.0443556176757962e-05, -0.9999999988756486, -4.62561886984041e-05, 0.031354318348848456, -0.35544970666418046, -3.952328820153177e-05, 0.9346954073227586, -6.409940544096526e-05, 0.0, 0.0, 0.0, 2.0]}
#40
data modify storage ps:ani_data data[-1].frames append value {}
data modify storage ps:ani_data data[-1].frames[-1].part_1 set value {interpolation_duration:1,start_interpolation:0,transformation:[-0.9346953566554123, 3.370993791869054e-05, -0.35544984049856027, -3.148210459341704e-05, -1.9937057590301145e-05, -0.9999999989019248, -4.2410661109044816e-05, 0.03136261528975634, -0.35544984153791037, -3.255442407082731e-05, 0.9346953563011234, -8.58100887892809e-05, 0.0, 0.0, 0.0, 2.0]}
#41
data modify storage ps:ani_data data[-1].frames append value {}
data modify storage ps:ani_data data[-1].frames[-1].part_1 set value {interpolation_duration:1,start_interpolation:0,transformation:[-0.9346953330029597, 4.523437330292243e-05, -0.35544990141556765, -1.8697087915063556e-05, -3.5361720774346115e-05, -0.9999999987874929, -3.42718842369238e-05, 0.03135748583548726, -0.35544990253484937, -1.946445008634422e-05, 0.934695333469201, -4.6464312937960045e-05, 0.0, 0.0, 0.0, 2.0]}
#42
data modify storage ps:ani_data data[-1].frames append value {}
data modify storage ps:ani_data data[-1].frames[-1].part_1 set value {interpolation_duration:1,start_interpolation:0,transformation:[-0.9346955251029844, 3.775858340364348e-05, -0.35544939713937546, -2.5042213195531428e-05, -2.5603230471160245e-05, -0.9999999989155911, -3.890106024768984e-05, 0.03136296359286561, -0.35544939822277183, -2.7259994099482895e-05, 0.9346955250561341, -1.7628848659266357e-05, 0.0, 0.0, 0.0, 2.0]}
#43
data modify storage ps:ani_data data[-1].frames append value {}
data modify storage ps:ani_data data[-1].frames[-1].part_1 set value {interpolation_duration:1,start_interpolation:0,transformation:[-0.9346952693916738, 3.869835325338609e-05, -0.3554500694602029, -5.628767733665489e-06, -2.729691002332483e-05, -0.9999999989395616, -3.709117447791946e-05, 0.03135439027780328, -0.35545007051863736, -2.4966256756852793e-05, 0.9346952694568327, -6.3787360027627095e-06, 0.0, 0.0, 0.0, 2.0]}
#44
data modify storage ps:ani_data data[-1].frames append value {}
data modify storage ps:ani_data data[-1].frames[-1].part_1 set value {interpolation_duration:1,start_interpolation:0,transformation:[-0.9346952365616346, 4.582354972307446e-05, -0.3554501549432662, -4.662770026749568e-05, -4.327050901811603e-05, -0.9999999989493371, -1.5132391805983393e-05, 0.03136292650410134, -0.35545015526322776, 1.2363345961263539e-06, 0.9346952375623931, -1.798207720500607e-05, 0.0, 0.0, 0.0, 2.0]}
#45
data modify storage ps:ani_data data[-1].frames append value {}
data modify storage ps:ani_data data[-1].frames[-1].part_1 set value {interpolation_duration:1,start_interpolation:0,transformation:[-0.9346952166897916, 5.333232074162154e-05, -0.35545020615113854, -4.99543884134585e-05, -4.682467446222514e-05, -0.9999999985416236, -2.6911002597301064e-05, 0.03136147370505286, -0.3554502070679847, -8.509745213465985e-06, 0.934695217823923, 2.0632051470740235e-05, 0.0, 0.0, 0.0, 2.0]}
#46
data modify storage ps:ani_data data[-1].frames append value {}
data modify storage ps:ani_data data[-1].frames[-1].part_1 set value {interpolation_duration:1,start_interpolation:0,transformation:[-0.9346957340354796, 4.487196230872838e-05, -0.3554488468997801, -6.176840034234799e-05, -3.655220516616391e-05, -0.9999999988783058, -3.012183641437313e-05, 0.0313601550003013, -0.3554488478527012, -1.5162312819871985e-05, 0.9346957346272055, 1.1753464325614566e-05, 0.0, 0.0, 0.0, 2.0]}
#47
data modify storage ps:ani_data data[-1].frames append value {}
data modify storage ps:ani_data data[-1].frames[-1].part_1 set value {interpolation_duration:1,start_interpolation:0,transformation:[-0.934695455776617, 4.759329778764468e-05, -0.355449578260293, -5.729590424471431e-05, -4.0376832080017404e-05, -0.9999999988006413, -2.7720545667661418e-05, 0.03136007561685956, -0.3554495791532936, -1.155834013288246e-05, 0.9346954565772486, -7.5159724022923206e-06, 0.0, 0.0, 0.0, 2.0]}
#48
data modify storage ps:ani_data data[-1].frames append value {}
data modify storage ps:ani_data data[-1].frames[-1].part_1 set value {interpolation_duration:1,start_interpolation:0,transformation:[-0.9346955614970018, 4.610917914602832e-05, -0.3554493004519037, -3.818386557367666e-05, -3.808018490597372e-05, -0.9999999988373274, -2.958452658775905e-05, 0.03135676849862335, -0.35544930140275083, -1.4116950604660923e-05, 0.9346955621661034, -2.236133815487553e-06, 0.0, 0.0, 0.0, 2.0]}
#49
data modify storage ps:ani_data data[-1].frames append value {}
data modify storage ps:ani_data data[-1].frames[-1].part_1 set value {interpolation_duration:1,start_interpolation:0,transformation:[-0.9346951882601401, 5.725947079533726e-05, -0.3554502802990788, 1.2646261857215899e-05, -5.1422117433849696e-05, -0.9999999983432568, -2.5869904947518104e-05, 0.03135354547771093, -0.35545028119148603, -5.902469619758342e-06, 0.9346951896559939, -1.7764469941236327e-05, 0.0, 0.0, 0.0, 2.0]}
#50
data modify storage ps:ani_data data[-1].frames append value {}
data modify storage ps:ani_data data[-1].frames[-1].part_1 set value {interpolation_duration:1,start_interpolation:0,transformation:[-0.9346955619975051, 4.163591636386266e-05, -0.35544929968789996, 1.0214765649280026e-05, -3.578189869203791e-05, -0.9999999990943302, -2.30433269275082e-05, 0.031354482765933576, -0.3554493003254104, -8.819844581211259e-06, 0.9346955626407917, -4.941378536446973e-05, 0.0, 0.0, 0.0, 2.0]}
#51
data modify storage ps:ani_data data[-1].frames append value {}
data modify storage ps:ani_data data[-1].frames[-1].part_1 set value {interpolation_duration:1,start_interpolation:0,transformation:[-0.9346954757454459, 4.937088266452688e-05, -0.35544952550750525, 8.066868645338481e-06, -4.3206314501835523e-05, -0.9999999987470415, -2.5281046307028955e-05, 0.03135651078096886, -0.3554495263102893, -8.272415616685598e-06, 0.934695476707445, -7.30168432728381e-05, 0.0, 0.0, 0.0, 2.0]}
#52
data modify storage ps:ani_data data[-1].frames append value {}
data modify storage ps:ani_data data[-1].frames[-1].part_1 set value {interpolation_duration:1,start_interpolation:0,transformation:[-0.9346955386961407, 4.2577303887815196e-05, -0.3554493608500427, 1.2417097993518878e-05, -3.355855306834932e-05, -0.9999999989395791, -3.1538315268798374e-05, 0.03135648010032708, -0.3554493618159332, -1.755035634054123e-05, 0.934695539133803, -4.2347696386658455e-05, 0.0, 0.0, 0.0, 2.0]}
#53
data modify storage ps:ani_data data[-1].frames append value {}
data modify storage ps:ani_data data[-1].frames[-1].part_1 set value {interpolation_duration:1,start_interpolation:0,transformation:[-0.9346945823937313, 5.107464416164624e-05, -0.35545187442913884, 4.793282103169317e-06, -3.9026229315825106e-05, -0.9999999983952623, -4.106614711308179e-05, 0.03135964463253286, -0.35545187595617067, -2.4512358864170075e-05, 0.9346945828870431, -3.4917002536151205e-05, 0.0, 0.0, 0.0, 2.0]}
#54
data modify storage ps:ani_data data[-1].frames append value {}
data modify storage ps:ani_data data[-1].frames[-1].part_1 set value {interpolation_duration:1,start_interpolation:0,transformation:[-0.9346942420240925, 4.767517858380974e-05, -0.3554527699344661, -3.646665512977896e-05, -4.144965236748617e-05, -0.9999999988252118, -2.512971590475643e-05, 0.031359423780240876, -0.3554527707149482, -8.75520701303343e-06, 0.934694242902144, -4.0556405832129474e-05, 0.0, 0.0, 0.0, 2.0]}
#55
data modify storage ps:ani_data data[-1].frames append value {}
data modify storage ps:ani_data data[-1].frames[-1].part_1 set value {interpolation_duration:1,start_interpolation:0,transformation:[-0.9346938408067118, 5.191352165542698e-05, -0.3554538243752385, -4.101765367782634e-05, -4.6487455639289974e-05, -0.9999999986360921, -2.3806138923038077e-05, 0.03135489359598712, -0.3554538251262927, -5.7273075322927575e-06, 0.9346938419452031, 1.6119649579243208e-05, 0.0, 0.0, 0.0, 2.0]}
#56
data modify storage ps:ani_data data[-1].frames append value {}
data modify storage ps:ani_data data[-1].frames[-1].part_1 set value {interpolation_duration:1,start_interpolation:0,transformation:[-0.9346939639483256, 4.13185624590909e-05, -0.3554535019539716, 2.5572792765898956e-05, -3.763327126103418e-05, -0.9999999991425335, -1.7282066145288487e-05, 0.03135330679180024, -0.35545350236325224, -2.7765648508385046e-06, 0.9346939647018095, 1.9828939128345098e-05, 0.0, 0.0, 0.0, 2.0]}
#57
data modify storage ps:ani_data data[-1].frames append value {}
data modify storage ps:ani_data data[-1].frames[-1].part_1 set value {interpolation_duration:1,start_interpolation:0,transformation:[-0.9346939145728697, 5.269855754400108e-05, -0.3554536302857334, -1.3993414675473074e-06, -4.694564183760663e-05, -0.9999999985902889, -2.480985134768187e-05, 0.03136003948842279, -0.3554536310920898, -6.502618258864666e-06, 0.9346939157291891, 7.536233299584614e-05, 0.0, 0.0, 0.0, 2.0]}
#58
data modify storage ps:ani_data data[-1].frames append value {}
data modify storage ps:ani_data data[-1].frames[-1].part_1 set value {interpolation_duration:1,start_interpolation:0,transformation:[-0.9346917905331625, 4.561252351469491e-05, -0.35545921654868906, 7.379729451789003e-05, -4.0818637991815825e-05, -0.9999999989467127, -2.098602958557611e-05, 0.03135470487008952, -0.3554592171315141, -5.106108488368652e-06, 0.9346917914105045, 8.008458705950195e-05, 0.0, 0.0, 0.0, 2.0]}
#59
data modify storage ps:ani_data data[-1].frames append value {}
data modify storage ps:ani_data data[-1].frames[-1].part_1 set value {interpolation_duration:1,start_interpolation:0,transformation:[-0.9346914864994863, 5.517971861530983e-05, -0.35546001465787863, 9.76242288171124e-05, -4.9028328057052496e-05, -0.9999999984519143, -2.631338916321826e-05, 0.03135525450439678, -0.35546001555956147, -7.167290621996792e-06, 0.9346914877578729, 2.5706140786000914e-05, 0.0, 0.0, 0.0, 2.0]}
data modify storage ps:ani_data data[-1].frames[-1].is_last set value 1
data modify storage ps:ani_data data[-1].frames[-1].keep_alive set value 1
