data modify storage ps:ani_data data append value {ani_tag:'coin',height:0.1,width:0.3}
data modify storage ps:ani_data data[-1].parts.part_1 set value {name:'coin',init_pos:[1.0, 0.0, 0.0, 0.0, 0.0, 1.0, 0.0, 0.03125, 0.0, 0.0, 1.0, 0.0, 0.0, 0.0, 0.0, 2.0],item_model:'cointosser:test_coin'}
data modify storage ps:ani_data data[-1].frames append value {}
data modify storage ps:ani_data data[-1].frames[-1].part_1 set value {interpolation_duration:1,start_interpolation:0,transformation:[0.910372739568628, 0.41364249339793857, 0.011016474292951354, -0.0023481326550037216, -0.39741876850640895, 0.8666320158916494, 0.3016741146840831, 0.2534640376137494, 0.11523800366702083, -0.2790140438886764, 0.9533474528332925, 0.0003655105663642095, 0.0, 0.0, 0.0, 2.0]}
data modify storage ps:ani_data data[-1].frames append value {}
data modify storage ps:ani_data data[-1].frames[-1].part_1 set value {interpolation_duration:1,start_interpolation:0,transformation:[0.7506211315565318, 0.6563699829804754, 0.07580476438194218, -0.0006742608470061669, -0.6051821779241037, 0.636927459771309, 0.47757506479328043, 0.5370419300787082, 0.2651838011339119, -0.4043536279440035, 0.8753146263970983, 0.00018454668844850448, 0.0, 0.0, 0.0, 2.0]}
data modify storage ps:ani_data data[-1].frames append value {}
data modify storage ps:ani_data data[-1].frames[-1].part_1 set value {interpolation_duration:1,start_interpolation:0,transformation:[0.5430743837629638, 0.8186081450443213, 0.1869516476727937, -0.0001701739839723079, -0.7107464751516727, 0.32959079693211846, 0.6214574439469881, 0.7940691372018818, 0.4471125828691805, -0.4703728430136526, 0.7608151725585548, 4.7679033063526244e-05, 0.0, 0.0, 0.0, 2.0]}
data modify storage ps:ani_data data[-1].frames append value {}
data modify storage ps:ani_data data[-1].frames[-1].part_1 set value {interpolation_duration:1,start_interpolation:0,transformation:[0.32078823121385486, 0.8876427527456521, 0.33043192069291255, -4.248822526875959e-05, -0.7002879343760117, -0.01261916359075891, 0.7137489514371621, 1.0251937220421887, 0.6377238584858379, -0.46035975085620884, 0.6175574306164119, 1.1788581573555957e-05, 0.0, 0.0, 0.0, 2.0]}
data modify storage ps:ani_data data[-1].frames append value {}
data modify storage ps:ani_data data[-1].frames[-1].part_1 set value {interpolation_duration:1,start_interpolation:0,transformation:[0.11558515871929942, 0.8646429340406528, 0.4889096723295681, -1.059448124440868e-05, -0.576016465383369, -0.3426486694519422, 0.7421569382078587, 1.2306721040050683, 0.8092250012765818, -0.36740234884440365, 0.4584434658412428, 2.891090016180852e-06, 0.0, 0.0, 0.0, 2.0]}
data modify storage ps:ani_data data[-1].frames append value {}
data modify storage ps:ani_data data[-1].frames[-1].part_1 set value {interpolation_duration:1,start_interpolation:0,transformation:[-0.04646086874818894, 0.7631298825202397, 0.6445728586279508, -2.640226104131309e-06, -0.3556232019332713, -0.6156297089068536, 0.703229834234861, 1.4106322558438529, 0.933473902110761, -0.1965523948363571, 0.29998938341581594, 7.043640922593306e-07, 0.0, 0.0, 0.0, 2.0]}
data modify storage ps:ani_data data[-1].frames append value {}
data modify storage ps:ani_data data[-1].frames[-1].part_1 set value {interpolation_duration:1,start_interpolation:0,transformation:[-0.1482238838055559, 0.605692463831815, 0.781771270594502, -6.575325340838429e-07, -0.06963745342966284, -0.7949334474254468, 0.6026868500673676, 1.5651599483422565, 0.9864990143681989, 0.034892025186849, 0.16000700368712514, 1.7012016396759655e-07, 0.0, 0.0, 0.0, 2.0]}
data modify storage ps:ani_data data[-1].frames append value {}
data modify storage ps:ani_data data[-1].frames[-1].part_1 set value {interpolation_duration:1,start_interpolation:0,transformation:[-0.1830134715716027, 0.41963452909569615, 0.8890517033412305, -1.636141311709076e-07, 0.2428981032321464, -0.8569881943667917, 0.45450164594000264, 1.6943270112602664, 0.9526313981123736, 0.2991288964753811, 0.054911953378886436, 4.0590369439778074e-08, 0.0, 0.0, 0.0, 2.0]}
data modify storage ps:ani_data data[-1].frames append value {}
data modify storage ps:ani_data data[-1].frames[-1].part_1 set value {interpolation_duration:1,start_interpolation:0,transformation:[-0.15427062074157144, 0.23235932462855619, 0.9603175099070987, -4.066607710082272e-08, 0.5398103391177889, -0.7942436253244947, 0.2788939967316275, 1.7982005941684929, 0.8275296812547257, 0.5614144706805879, -0.00290150872607544, 9.516245765530844e-09, 0.0, 0.0, 0.0, 2.0]}
data modify storage ps:ani_data data[-1].frames append value {}
data modify storage ps:ani_data data[-1].frames[-1].part_1 set value {interpolation_duration:1,start_interpolation:0,transformation:[-0.07369795898888082, 0.06727168463508745, 0.995009111157898, -1.0092339192937518e-08, 0.7814892042428029, -0.6159296208600139, 0.09952550326016879, 1.8768462013252278, 0.61955083285621, 0.7849237049507398, -0.007179339355369055, 2.1732426375577716e-09, 0.0, 0.0, 0.0, 2.0]}
data modify storage ps:ani_data data[-1].frames append value {}
data modify storage ps:ani_data data[-1].frames[-1].part_1 set value {interpolation_duration:1,start_interpolation:0,transformation:[0.04170571759558126, -0.059176813247631105, 0.9973759260648375, -2.4996838140640674e-09, 0.9361246192674328, -0.34656281168411296, -0.05970690712979175, 1.9303286864310867, 0.34918666973588947, 0.9361582784612101, 0.04094322101767043, 4.761329068762696e-10, 0.0, 0.0, 0.0, 2.0]}
data modify storage ps:ani_data data[-1].frames append value {}
data modify storage ps:ani_data data[-1].frames[-1].part_1 set value {interpolation_duration:1,start_interpolation:0,transformation:[0.17309236872900524, -0.13892485598355547, 0.9750584168539492, -6.17479239606087e-10, 0.9838024824780492, -0.02245469484445181, -0.17784392637779328, 1.9587125788756012, 0.0466015810655547, 0.9900483175428312, 0.13278788187481422, 9.708660274261383e-11, 0.0, 0.0, 0.0, 2.0]}
data modify storage ps:ani_data data[-1].frames append value {}
data modify storage ps:ani_data data[-1].frames[-1].part_1 set value {interpolation_duration:1,start_interpolation:0,transformation:[0.3030517393496202, -0.1721408809279157, 0.9372977970690697, -1.519878060028565e-10, 0.9189464265429643, 0.3132677443441992, -0.23958461031003972, 1.9620621909263682, -0.25238286079107275, 0.9339329940990727, 0.25312458219630773, 1.709672133657236e-11, 0.0, 0.0, 0.0, 2.0]}
data modify storage ps:ani_data data[-1].frames append value {}
data modify storage ps:ani_data data[-1].frames[-1].part_1 set value {interpolation_duration:1,start_interpolation:0,transformation:[0.4181836203719679, -0.16567110873243637, 0.8931268349926333, -3.723049952751087e-11, 0.7508248164030256, 0.6164368954874982, -0.23720802885884396, 1.9404416531367192, -0.5112578162981535, 0.7697783041974489, 0.3821737924831356, 1.9272396827746645e-12, 0.0, 0.0, 0.0, 2.0]}
data modify storage ps:ani_data data[-1].frames append value {}
data modify storage ps:ani_data data[-1].frames[-1].part_1 set value {interpolation_duration:1,start_interpolation:0,transformation:[0.5105774232411892, -0.130529462372067, 0.8498663155633632, -9.059962873606311e-12, 0.5021043546630486, 0.8476387062010984, -0.1714638176937972, 1.8939149262313146, -0.6979985042281903, 0.5142671321430013, 0.4983245979204935, -2.861946044887844e-13, 0.0, 0.0, 0.0, 2.0]}
data modify storage ps:ani_data data[-1].frames append value {}
data modify storage ps:ani_data data[-1].frames[-1].part_1 set value {interpolation_duration:1,start_interpolation:0,transformation:[0.5780513252844895, -0.0789958312852047, 0.8121676698665148, -2.184681105433232e-12, 0.20568718548154546, 0.9772701189649936, -0.051340980773916696, 1.8225458052832935, -0.7896514718947376, 0.19673020413171652, 0.5811607176304743, -3.22942352002607e-13, 0.0, 0.0, 0.0, 2.0]}
data modify storage ps:ani_data data[-1].frames append value {}
data modify storage ps:ani_data data[-1].frames[-1].part_1 set value {interpolation_duration:1,start_interpolation:0,transformation:[0.623242538473034, -0.021911139121923714, 0.7817215874082459, -5.20042388025615e-13, -0.09971548188192235, 0.9892214755251297, 0.10722730544474753, 1.726397921364801, -0.7756452545531005, -0.14477836282492237, 0.6143400237221978, -1.6303887698098315e-13, 0.0, 0.0, 0.0, 2.0]}
data modify storage ps:ani_data data[-1].frames append value {}
data modify storage ps:ani_data data[-1].frames[-1].part_1 set value {interpolation_duration:1,start_interpolation:0,transformation:[0.651845788547597, 0.033327968466098486, 0.7576188451132163, -1.2147994323964385e-13, -0.3746700026669329, 0.8827420820065263, 0.2835291973613003, 1.605534742368868, -0.659332584553745, -0.4686743679493314, 0.5878986985637683, -6.770065287960047e-14, 0.0, 0.0, 0.0, 2.0]}
data modify storage ps:ani_data data[-1].frames append value {}
data modify storage ps:ani_data data[-1].frames[-1].part_1 set value {interpolation_duration:1,start_interpolation:0,transformation:[0.6704345325838539, 0.08374321769811634, 0.7372276520916965, -2.7575063657873483e-14, -0.5840965541264163, 0.6722939553043316, 0.45480990877387867, 1.460019573559037, -0.4575464489827409, -0.7355323997967887, 0.4996432085723379, -2.573151238446582e-14, 0.0, 0.0, 0.0, 2.0]}
data modify storage ps:ani_data data[-1].frames append value {}
data modify storage ps:ani_data data[-1].frames[-1].part_1 set value {interpolation_duration:1,start_interpolation:0,transformation:[0.6843484265537815, 0.13060706019246848, 0.7173625491348461, -5.980052766555086e-15, -0.7016853178017615, 0.3854623174545016, 0.5992132480211417, 1.289915558029066, -0.19825474989216474, -0.9134334117222153, 0.35543558698406835, -9.292396491277199e-15, 0.0, 0.0, 0.0, 2.0]}
data modify storage ps:ani_data data[-1].frames append value {}
data modify storage ps:ani_data data[-1].frames[-1].part_1 set value {interpolation_duration:1,start_interpolation:0,transformation:[0.6960873811502707, 0.1782513000464736, 0.6954774128863564, -1.2069283742375533e-15, -0.7131060900276688, 0.059237324341657314, 0.6985489558866231, 1.0952856771324408, 0.08331903845345152, -0.982200291914324, 0.16834644158582304, -3.2259302930507656e-15, 0.0, 0.0, 0.0, 2.0]}
data modify storage ps:ani_data data[-1].frames append value {}
data modify storage ps:ani_data data[-1].frames[-1].part_1 set value {interpolation_duration:1,start_interpolation:0,transformation:[0.7045298698878129, 0.23216462390209075, 0.6706245222509105, -2.279564071500678e-16, -0.6176340428885769, -0.26482083222883646, 0.7405390711385443, 0.8761927509012888, 0.3495223190312358, -0.9359324303741309, -0.043181411197410195, -1.0591615901029327e-15, 0.0, 0.0, 0.0, 2.0]}
data modify storage ps:ani_data data[-1].frames append value {}
data modify storage ps:ani_data data[-1].frames[-1].part_1 set value {interpolation_duration:1,start_interpolation:0,transformation:[0.7051169074384992, 0.2968190754026401, 0.6439787134071195, -6.007843786585064e-17, -0.4280256275247927, -0.5458951373497658, 0.7202725603546811, 0.6326994384610996, 0.5653354836080737, -0.7835157531887934, -0.25787372002323783, -2.9584733476694155e-16, 0.0, 0.0, 0.0, 2.0]}
data modify storage ps:ani_data data[-1].frames append value {}
data modify storage ps:ani_data data[-1].frames[-1].part_1 set value {interpolation_duration:1,start_interpolation:0,transformation:[0.6909473355187754, 0.3737058369420758, 0.6188180079594706, -4.6003196970143656e-17, -0.16870367515271079, -0.7490234710362959, 0.640705009990329, 0.3648682384433663, 0.702944414252986, -0.5470902916997904, -0.45449022343540546, -2.5184904420791534e-17, 0.0, 0.0, 0.0, 2.0]}
data modify storage ps:ani_data data[-1].frames append value {}
data modify storage ps:ani_data data[-1].frames[-1].part_1 set value {interpolation_duration:1,start_interpolation:0,transformation:[0.6879930815790795, 0.22421259461126297, 0.6902131787477019, -0.0007963616755013704, 0.13535253195302813, -0.9740328537606855, 0.18149295272467103, 0.09785552250308584, 0.7129833180329161, -0.03144379449908318, -0.7004756069944713, 0.0012843737988924226, 0.0, 0.0, 0.0, 2.0]}
data modify storage ps:ani_data data[-1].frames append value {}
data modify storage ps:ani_data data[-1].frames[-1].part_1 set value {interpolation_duration:1,start_interpolation:0,transformation:[0.7002067225915878, -0.06114003932882707, 0.7113173983731993, 0.00326326461752754, -0.015002606411653518, -0.9973664305838805, -0.0709586143130344, -0.0005927727569251143, 0.713782507097508, 0.039014083806215884, -0.6992799395280528, -0.002048045495400371, 0.0, 0.0, 0.0, 2.0]}
data modify storage ps:ani_data data[-1].frames append value {}
data modify storage ps:ani_data data[-1].frames[-1].part_1 set value {interpolation_duration:1,start_interpolation:0,transformation:[0.6575170572915086, 0.06436571719049612, 0.7506852694846675, 0.0010852537054958802, 0.04903980486923598, -0.9978875942806812, 0.042608059321001916, 0.025257727827595527, 0.751842015924291, 0.008797933352090706, -0.6592845967104266, -0.0011078176698071332, 0.0, 0.0, 0.0, 2.0]}
data modify storage ps:ani_data data[-1].frames append value {}
data modify storage ps:ani_data data[-1].frames[-1].part_1 set value {interpolation_duration:1,start_interpolation:0,transformation:[0.6215785044646753, 0.02968198533697297, 0.7827893347088428, 0.0001926906039071662, -0.020282462478129308, -0.9983370559294642, 0.05396058259427185, 0.04223517648789641, 0.7830892570475482, -0.049417633538502016, -0.6199428304224299, -0.00033700209255926747, 0.0, 0.0, 0.0, 2.0]}
data modify storage ps:ani_data data[-1].frames append value {}
data modify storage ps:ani_data data[-1].frames[-1].part_1 set value {interpolation_duration:1,start_interpolation:0,transformation:[0.5898477230837873, -0.010666543665131934, 0.8074440466181612, 1.2551212377948805e-05, -0.0335392352914132, -0.9993735317372042, 0.011298838841861957, 0.03988611009454647, 0.8068176889910995, -0.03374565022854026, -0.5898359499231239, -0.00021037942771969358, 0.0, 0.0, 0.0, 2.0]}
data modify storage ps:ani_data data[-1].frames append value {}
data modify storage ps:ani_data data[-1].frames[-1].part_1 set value {interpolation_duration:1,start_interpolation:0,transformation:[0.5715088948659637, 0.012841743968648754, 0.8204953824982368, -8.531064522764033e-05, 0.020990603649952682, -0.9997791455985159, 0.0010269297504772196, 0.028360622794821183, 0.8203273600505443, 0.016635793883836597, -0.5716522305688653, -0.00033927463300894824, 0.0, 0.0, 0.0, 2.0]}
data modify storage ps:ani_data data[-1].frames append value {}
data modify storage ps:ani_data data[-1].frames[-1].part_1 set value {interpolation_duration:1,start_interpolation:0,transformation:[0.5706743635731775, 0.004259665035170202, 0.8211654072196034, 0.00016587313741061438, 0.0068521494592903515, -0.999976433318082, 0.0004252719539085949, 0.030392578482575792, 0.8211478665917217, 0.0053840562994254375, -0.5706901025334398, -0.0002873287934572551, 0.0, 0.0, 0.0, 2.0]}
data modify storage ps:ani_data data[-1].frames append value {}
data modify storage ps:ani_data data[-1].frames[-1].part_1 set value {interpolation_duration:1,start_interpolation:0,transformation:[0.5706432348197217, 0.0015435353230433874, 0.8211966366548209, 0.00021386631576446777, 0.002139589073899981, -0.9999976339192883, 0.00039282874064498893, 0.031099324011786382, 0.8211952999823355, 0.0015328582880182538, -0.570645187163083, -0.00020870446627342207, 0.0, 0.0, 0.0, 2.0]}
data modify storage ps:ani_data data[-1].frames append value {}
data modify storage ps:ani_data data[-1].frames[-1].part_1 set value {interpolation_duration:1,start_interpolation:0,transformation:[0.5706628559759266, 0.0003153455073291386, 0.8211843918186763, 0.000213765190478114, 0.0003755839400812208, -0.9999999219026507, 0.00012300974032438032, 0.031327594822561027, 0.8211843664769214, 0.00023822657968609157, -0.5706629298473785, -0.00012514451992006533, 0.0, 0.0, 0.0, 2.0]}
data modify storage ps:ani_data data[-1].frames append value {}
data modify storage ps:ani_data data[-1].frames[-1].part_1 set value {interpolation_duration:1,start_interpolation:0,transformation:[0.5706593443147172, -2.254298467815627e-05, 0.8211868923930231, 0.00012337967511730582, 3.2275492285996925e-05, -0.9999999982351093, -4.988060121657161e-05, 0.03135426570862506, 0.8211868920681757, 5.4969042395065426e-05, -0.5706593425799799, -8.019505256284066e-05, 0.0, 0.0, 0.0, 2.0]}
data modify storage ps:ani_data data[-1].frames append value {}
data modify storage ps:ani_data data[-1].frames[-1].part_1 set value {interpolation_duration:1,start_interpolation:0,transformation:[0.5706830382335191, -3.303457708622129e-05, 0.8211704261487233, 9.882601839929265e-05, 1.9638858456086887e-05, -0.9999999983557961, -5.387692863046513e-05, 0.031349513369599465, 0.8211704265783535, 4.687349908898366e-05, -0.5706830366464386, -6.872010940344158e-05, 0.0, 0.0, 0.0, 2.0]}
data modify storage ps:ani_data data[-1].frames append value {}
data modify storage ps:ani_data data[-1].frames[-1].part_1 set value {interpolation_duration:1,start_interpolation:0,transformation:[0.5707101903958737, -4.7114603956734664e-05, 0.8211515550484694, 9.433582442833468e-05, 5.058502825919705e-06, -0.9999999981332889, -6.0891978675888435e-05, 0.031358011237201895, 0.8211515563845185, 3.890547020541882e-05, -0.5707101890921935, -6.096151777255232e-05, 0.0, 0.0, 0.0, 2.0]}
data modify storage ps:ani_data data[-1].frames append value {}
data modify storage ps:ani_data data[-1].frames[-1].part_1 set value {interpolation_duration:1,start_interpolation:0,transformation:[0.5706923898093192, -3.249426693248111e-05, 0.8211639270924229, 8.5677786424182e-05, 1.41222769007865e-05, -0.9999999986808077, -4.938568476487562e-05, 0.03136109194802706, 0.8211639276139016, 3.9780738820173005e-05, -0.5706923885975731, -3.8045712794321186e-05, 0.0, 0.0, 0.0, 2.0]}
data modify storage ps:ani_data data[-1].frames append value {}
data modify storage ps:ani_data data[-1].frames[-1].part_1 set value {interpolation_duration:1,start_interpolation:0,transformation:[0.5706906025597464, -4.2363629105554706e-05, 0.8211651687421455, 5.1701534866423706e-05, 1.7971884264436446e-06, -0.9999999986024234, -5.283866053258464e-05, 0.03135546572945978, 0.8211651698329415, 3.163031555525264e-05, -0.570690601686027, -7.888829284647913e-05, 0.0, 0.0, 0.0, 2.0]}
data modify storage ps:ani_data data[-1].frames append value {}
data modify storage ps:ani_data data[-1].frames[-1].part_1 set value {interpolation_duration:1,start_interpolation:0,transformation:[0.5706880109530662, -2.6424893407757716e-05, 0.8211669705097482, 4.473052319255213e-05, 2.4179577492222743e-05, -0.9999999985079668, -4.898381181610802e-05, 0.031364623832978666, 0.8211669705789318, 4.780994453172824e-05, -0.5706880094626382, -9.986625815006417e-05, 0.0, 0.0, 0.0, 2.0]}
data modify storage ps:ani_data data[-1].frames append value {}
data modify storage ps:ani_data data[-1].frames[-1].part_1 set value {interpolation_duration:1,start_interpolation:0,transformation:[0.5706908540558312, -3.9396066326824946e-05, 0.8211649941059199, 5.713136675720378e-05, 2.649453205817728e-06, -0.9999999987556172, -4.981713210406728e-05, 0.03135856530121297, 0.8211649950466751, 3.060581989322154e-05, -0.5706908532412951, -6.404827110489883e-05, 0.0, 0.0, 0.0, 2.0]}
data modify storage ps:ani_data data[-1].frames append value {}
data modify storage ps:ani_data data[-1].frames[-1].part_1 set value {interpolation_duration:1,start_interpolation:0,transformation:[0.5706895473024342, -5.0126186153532124e-05, 0.8211659016831546, 1.1498283270806347e-05, 7.750011325886879e-06, -0.9999999977635784, -6.642876474142201e-05, 0.03136087535868147, 0.821165903176502, 4.427424671661858e-05, -0.5706895456376532, -3.384332573315739e-05, 0.0, 0.0, 0.0, 2.0]}
data modify storage ps:ani_data data[-1].frames append value {}
data modify storage ps:ani_data data[-1].frames[-1].part_1 set value {interpolation_duration:1,start_interpolation:0,transformation:[0.5706889031212338, -3.125134460203888e-05, 0.8211663503076804, 4.2060961492379544e-08, 1.5914280875216173e-05, -0.9999999986671145, -4.911726843399311e-05, 0.03136286403809028, 0.8211663507481404, 4.109895199097931e-05, -0.5706889018632282, -3.3897116278701204e-07, 0.0, 0.0, 0.0, 2.0]}
data modify storage ps:ani_data data[-1].frames append value {}
data modify storage ps:ani_data data[-1].frames[-1].part_1 set value {interpolation_duration:1,start_interpolation:0,transformation:[0.570687534947147, -4.6492582857057365e-05, 0.8211673004293268, -1.2790291342496641e-05, -1.1206497213059276e-07, -0.9999999984016199, -5.65397924098675e-05, 0.03135859362563097, 0.8211673017454704, 3.217453066617353e-05, -0.5706875340401817, -3.6509353940591014e-05, 0.0, 0.0, 0.0, 2.0]}
data modify storage ps:ani_data data[-1].frames append value {}
data modify storage ps:ani_data data[-1].frames[-1].part_1 set value {interpolation_duration:1,start_interpolation:0,transformation:[0.5706875929649161, -3.219260600725003e-05, 0.8211672607937713, 3.6707992074873e-05, 1.653156299322378e-05, -0.9999999985784929, -5.069242996098087e-05, 0.03136176658194562, 0.8211672612583977, 4.250471913576002e-05, -0.5706875916214855, -7.146750392237917e-05, 0.0, 0.0, 0.0, 2.0]}
data modify storage ps:ani_data data[-1].frames append value {}
data modify storage ps:ani_data data[-1].frames[-1].part_1 set value {interpolation_duration:1,start_interpolation:0,transformation:[0.5706818690430367, -5.4089355468797914e-05, 0.8211712375746533, 5.990762265951154e-05, 3.195301994705697e-06, -0.9999999976768285, -6.808915570737045e-05, 0.03136442092777527, 0.8211712393498299, 4.148113673406177e-05, -0.5706818675444131, 1.834576156753263e-06, 0.0, 0.0, 0.0, 2.0]}
data modify storage ps:ani_data data[-1].frames append value {}
data modify storage ps:ani_data data[-1].frames[-1].part_1 set value {interpolation_duration:1,start_interpolation:0,transformation:[0.5706819795814232, -4.3935426216135456e-05, 0.8211711613608371, 6.056679044134825e-05, 4.3871118258912675e-06, -0.9999999983912986, -5.655224390727845e-05, 0.031358268030416754, 0.8211711625244646, 3.587591621586413e-05, -0.5706819784706164, 6.206344537760097e-06, 0.0, 0.0, 0.0, 2.0]}
data modify storage ps:ani_data data[-1].frames append value {}
data modify storage ps:ani_data data[-1].frames[-1].part_1 set value {interpolation_duration:1,start_interpolation:0,transformation:[0.570676388428497, -6.458332755846617e-05, 0.8211750456018505, 4.720122445743651e-05, -1.1241888077304886e-05, -0.9999999974280187, -7.083489399346436e-05, 0.031362599617165664, 0.8211750480645565, 3.119224352437394e-05, -0.5706763876867665, 4.294482585559862e-06, 0.0, 0.0, 0.0, 2.0]}
data modify storage ps:ani_data data[-1].frames append value {}
data modify storage ps:ani_data data[-1].frames[-1].part_1 set value {interpolation_duration:1,start_interpolation:0,transformation:[0.5706736504356058, -3.2530296267750387e-06, 0.8211769508990847, -7.866534853943592e-06, 3.5734812388277316e-05, -0.9999999989469304, -2.8795188942784847e-05, 0.031352286748882664, 0.8211769501279995, 4.5777259866918415e-05, -0.5706736497184002, 7.112608445474323e-05, 0.0, 0.0, 0.0, 2.0]}
data modify storage ps:ani_data data[-1].frames append value {}
data modify storage ps:ani_data data[-1].frames[-1].part_1 set value {interpolation_duration:1,start_interpolation:0,transformation:[0.5706665252185326, -3.437971416834077e-05, 0.821181901781232, 5.918197881624149e-06, 1.0795585134301219e-05, -0.9999999987231105, -4.9368347126011575e-05, 0.03136092827742946, 0.8211819024299433, 3.7038002241610035e-05, -0.5706665241187054, 8.89211163510589e-05, 0.0, 0.0, 0.0, 2.0]}
data modify storage ps:ani_data data[-1].frames append value {}
data modify storage ps:ani_data data[-1].frames[-1].part_1 set value {interpolation_duration:1,start_interpolation:0,transformation:[0.5706674984360255, -3.8190106309312846e-05, 0.8211812252909123, 3.0326977577846805e-05, 7.3982928268785095e-06, -0.9999999986388933, -5.164763904888235e-05, 0.03135411099530988, 0.8211812261456262, 3.554896814478955e-05, -0.5706674973767447, 7.644834614476674e-05, 0.0, 0.0, 0.0, 2.0]}
data modify storage ps:ani_data data[-1].frames append value {}
data modify storage ps:ani_data data[-1].frames[-1].part_1 set value {interpolation_duration:1,start_interpolation:0,transformation:[0.5706665898911975, -5.461575013315478e-05, 0.8211818557415105, 1.7218211591553716e-05, -2.461613830182434e-05, -0.9999999984767369, -4.9402141639303793e-05, 0.031362316005114, 0.8211818571887696, 7.97782557074164e-06, -0.570666590366351, 5.116079147697636e-05, 0.0, 0.0, 0.0, 2.0]}
data modify storage ps:ani_data data[-1].frames append value {}
data modify storage ps:ani_data data[-1].frames[-1].part_1 set value {interpolation_duration:1,start_interpolation:0,transformation:[0.5706660539730752, -4.465108270549256e-05, 0.8211822287708612, 3.5162507884621186e-05, 7.520306358212881e-08, -0.9999999985188801, -5.442640732958585e-05, 0.031354360338977046, 0.8211822299847901, 3.112105852206879e-05, -0.5706660531244926, 2.76907485686922e-05, 0.0, 0.0, 0.0, 2.0]}
data modify storage ps:ani_data data[-1].frames append value {}
data modify storage ps:ani_data data[-1].frames[-1].part_1 set value {interpolation_duration:1,start_interpolation:0,transformation:[0.570658779784282, -2.5233390673332816e-05, 0.821187284618064, 3.072592040147906e-05, 2.925409375423999e-05, -0.9999999982686818, -5.105716669083098e-05, 0.03135074221452764, 0.8211872844846733, 5.315931025703892e-05, -0.5706587780581104, 2.503625177777352e-05, 0.0, 0.0, 0.0, 2.0]}
data modify storage ps:ani_data data[-1].frames append value {}
data modify storage ps:ani_data data[-1].frames[-1].part_1 set value {interpolation_duration:1,start_interpolation:0,transformation:[0.5706602596463699, -9.262555059447647e-06, 0.8211862565670123, 8.70286479854995e-06, 5.582859780606935e-05, -0.9999999971877808, -5.007599289960585e-05, 0.03135250132892201, 0.8211862547214881, 7.442205635189025e-05, -0.5706602575244328, 3.372887457365107e-05, 0.0, 0.0, 0.0, 2.0]}
data modify storage ps:ani_data data[-1].frames append value {}
data modify storage ps:ani_data data[-1].frames[-1].part_1 set value {interpolation_duration:1,start_interpolation:0,transformation:[0.5706597234558909, 9.845067616817445e-06, 0.8211866291704468, -2.3946190310946077e-05, 5.189463107684067e-05, -0.9999999983636984, -2.4073831107574114e-05, 0.03135198222793095, 0.8211866275897295, 5.635314296840677e-05, -0.5706597230330257, 5.418778328253122e-05, 0.0, 0.0, 0.0, 2.0]}
data modify storage ps:ani_data data[-1].frames append value {}
data modify storage ps:ani_data data[-1].frames[-1].part_1 set value {interpolation_duration:1,start_interpolation:0,transformation:[0.5706587254050699, -3.549621740658725e-05, 0.8211873220277329, -3.455464279130469e-06, 1.2529324520210605e-05, -0.9999999985730238, -5.193234792217678e-05, 0.03135272964108994, 0.8211873226993196, 3.9924569922130186e-05, -0.5706587241460097, 1.4175933090253112e-05, 0.0, 0.0, 0.0, 2.0]}
data modify storage ps:ani_data data[-1].frames append value {}
data modify storage ps:ani_data data[-1].frames[-1].part_1 set value {interpolation_duration:1,start_interpolation:0,transformation:[0.5706581254549434, 5.880111487976482e-05, 0.8211877376061325, 3.2165368950611847e-06, 6.311559480942418e-05, -0.9999999976233239, 2.774479777975159e-05, 0.03135432083133158, 0.8211877372858605, 3.599695821709689e-05, -0.5706581278099412, -8.899128342317423e-06, 0.0, 0.0, 0.0, 2.0]}
data modify storage ps:ani_data data[-1].frames append value {}
data modify storage ps:ani_data data[-1].frames[-1].part_1 set value {interpolation_duration:1,start_interpolation:0,transformation:[0.5706584143675616, 9.826589911286124e-06, 0.8211875388819161, -2.8564588105384625e-05, 5.314509342168163e-05, -0.9999999982761693, -2.496519233231328e-05, 0.031356679591677546, 0.821187537221005, 5.788868554133934e-05, -0.570658413906078, -6.027570158236329e-05, 0.0, 0.0, 0.0, 2.0]}
data modify storage ps:ani_data data[-1].frames append value {}
data modify storage ps:ani_data data[-1].frames[-1].part_1 set value {interpolation_duration:1,start_interpolation:0,transformation:[0.5706590459238828, -4.1829414739950766e-05, 0.8211870989948293, -4.020013816687903e-05, 4.878311995408312e-06, -0.9999999985123468, -5.432777451247169e-05, 0.031359828895065625, 0.8211871000456866, 3.5008642845955966e-05, -0.5706590448708831, -5.460395251945962e-05, 0.0, 0.0, 0.0, 2.0]}
data modify storage ps:ani_data data[-1].frames append value {}
data modify storage ps:ani_data data[-1].frames[-1].part_1 set value {interpolation_duration:1,start_interpolation:0,transformation:[0.5706599084825618, -5.828470671675479e-05, 0.8211864985821226, -3.3709948180396956e-05, -2.7370946652885184e-05, -0.9999999982757255, -5.195556037259018e-05, 0.031354448944303684, 0.8211865001943864, 7.172303482621668e-06, -0.5706599090938951, -1.3459832806894423e-05, 0.0, 0.0, 0.0, 2.0]}
data modify storage ps:ani_data data[-1].frames[-1].is_last set value 1
data modify storage ps:ani_data data[-1].frames[-1].keep_alive set value 1
