#0
data modify storage ps:ani_data data append value {ani_tag:'coin',height:0.1,width:0.3}
data modify storage ps:ani_data data[-1].parts.part_1 set value {name:'coin',init_pos:[1.0, 0.0, 0.0, 0.0, 0.0, 1.0, 0.0, 0.03125, 0.0, 0.0, 1.0, 0.0, 0.0, 0.0, 0.0, 2.0],item_model:'coin_test'}
#1
data modify storage ps:ani_data data[-1].frames append value {}
data modify storage ps:ani_data data[-1].frames[-1].part_1 set value {interpolation_duration:1,start_interpolation:0,transformation:[0.7970859335750097, -0.6037655675571848, 0.011006994558254601, -0.0006868739487492884, 0.6030572923562311, 0.7968293208210121, 0.037214723106524905, 0.24812148711256307, -0.03123966441602908, -0.023025483974819107, 0.9992466714755165, -6.024952305534383e-05, 0.0, 0.0, 0.0, 2.0]}
#2
data modify storage ps:ani_data data[-1].frames append value {}
data modify storage ps:ani_data data[-1].frames[-1].part_1 set value {interpolation_duration:1,start_interpolation:0,transformation:[0.37479552017590145, -0.9248964605056454, 0.06399105718929826, -0.00012862606625304042, 0.9269896181020427, 0.37495478867846, -0.00995762914152833, 0.5316689423242276, -0.014783977377697159, 0.0630511204596714, 0.9979007917732481, 6.161837693617539e-05, 0.0, 0.0, 0.0, 2.0]}
#3
data modify storage ps:ani_data data[-1].frames append value {}
data modify storage ps:ani_data data[-1].frames[-1].part_1 set value {interpolation_duration:1,start_interpolation:0,transformation:[-0.15009401362485897, -0.9800201068539055, 0.13050815007515912, -3.2170399661786926e-05, 0.9877547483350697, -0.15432658171426109, -0.022888060597477604, 0.7885645484773205, 0.04257163627936975, 0.12547468405399997, 0.9911830100672858, 1.629769521165329e-05, 0.0, 0.0, 0.0, 2.0]}
#4
data modify storage ps:ani_data data[-1].frames append value {}
data modify storage ps:ani_data data[-1].frames[-1].part_1 set value {interpolation_duration:1,start_interpolation:0,transformation:[-0.6268803239123824, -0.7552990778340314, 0.1911657984958807, -8.36169302817927e-06, 0.7693857746079611, -0.6387838670227973, -0.0008372946364717513, 1.019524694554392, 0.12274603587250205, 0.14655536242138112, 0.9815574035292707, 3.83315171723692e-06, 0.0, 0.0, 0.0, 2.0]}
#5
data modify storage ps:ani_data data[-1].frames append value {}
data modify storage ps:ani_data data[-1].frames[-1].part_1 set value {interpolation_duration:1,start_interpolation:0,transformation:[-0.9202218223439851, -0.31675170985741746, 0.22991335755957404, -2.202483812975303e-06, 0.33562939083143856, -0.9408112968567597, 0.047191267378816106, 1.224828188201581, 0.20135716945773618, 0.12059211420778704, 0.9720662694995974, 8.67827590201623e-07, 0.0, 0.0, 0.0, 2.0]}
#6
data modify storage ps:ani_data data[-1].frames append value {}
data modify storage ps:ani_data data[-1].frames[-1].part_1 set value {interpolation_duration:1,start_interpolation:0,transformation:[-0.9482797031418766, 0.20982701648853616, 0.23819787522283556, -5.876438625957528e-07, -0.18940477813585183, -0.9761743925143058, 0.1058743850921205, 1.4046103375550218, 0.25473797249028785, 0.055282714756472257, 0.9654286026530868, 1.8716242102525374e-07, 0.0, 0.0, 0.0, 2.0]}
#7
data modify storage ps:ani_data data[-1].frames append value {}
data modify storage ps:ani_data data[-1].frames[-1].part_1 set value {interpolation_duration:1,start_interpolation:0,transformation:[-0.7049578335330254, 0.6753631236791763, 0.21660818108910088, -1.5908357968721025e-07, -0.65723417897573, -0.7368470584094226, 0.15842867953586862, 1.5589593162627904, 0.2666039889546309, -0.030676761362417565, 0.9633178340432571, 3.704902807166804e-08, 0.0, 0.0, 0.0, 2.0]}
#8
data modify storage ps:ani_data data[-1].frames append value {}
data modify storage ps:ani_data data[-1].frames[-1].part_1 set value {interpolation_duration:1,start_interpolation:0,transformation:[-0.2603989261683943, 0.9497298738285788, 0.17379748562018574, -4.3769075706792e-08, -0.9370873333041386, -0.29195583359517546, 0.19138735849236158, 1.68794774066363, 0.23250748162432242, -0.1130263597011678, 0.9660048203820812, 6.07681598269643e-09, 0.0, 0.0, 0.0, 2.0]}
#9
data modify storage ps:ani_data data[-1].frames append value {}
data modify storage ps:ani_data data[-1].frames[-1].part_1 set value {interpolation_duration:1,start_interpolation:0,transformation:[0.259840119458623, 0.9577511099177294, 0.12327174765973549, -1.2254737868970917e-08, -0.9521542371708022, 0.2328428622542314, 0.19795582874708287, 1.791643017284466, 0.16088946813702845, -0.16881058304683982, 0.9724286946064322, 4.770956261596204e-10, 0.0, 0.0, 0.0, 2.0]}
#10
data modify storage ps:ani_data data[-1].frames append value {}
data modify storage ps:ani_data data[-1].frames[-1].part_1 set value {interpolation_duration:1,start_interpolation:0,transformation:[0.710586629993, 0.6991408263879296, 0.07917541381511096, -3.494339523895574e-09, -0.7000663303599975, 0.69123864474767, 0.1791543164528589, 1.8701107337952467, 0.07052499111292317, -0.18273270338121553, 0.9806298918264293, -2.2177975982765426e-10, 0.0, 0.0, 0.0, 2.0]}
#11
data modify storage ps:ani_data data[-1].frames append value {}
data modify storage ps:ani_data data[-1].frames[-1].part_1 set value {interpolation_duration:1,start_interpolation:0,transformation:[0.9675236923573499, 0.247296424032935, 0.05236777050556158, -1.0148480656016767e-09, -0.2523445172640121, 0.9570619254884775, 0.14266995264273638, 1.9234157704431492, -0.014837430168094572, -0.1512512791377671, 0.9883839847069539, -1.6709540951916394e-10, 0.0, 0.0, 0.0, 2.0]}
#12
data modify storage ps:ani_data data[-1].frames append value {}
data modify storage ps:ani_data data[-1].frames[-1].part_1 set value {interpolation_duration:1,start_interpolation:0,transformation:[0.9610633615878681, -0.2721524091801431, 0.04785688237725586, -3.0003763118244256e-10, 0.2664858701140019, 0.9586372969027372, 0.09999907007865896, 1.9516226645327244, -0.0730923801980058, -0.08335225950421035, 0.993835954668844, -7.833300929351396e-11, 0.0, 0.0, 0.0, 2.0]}
#13
data modify storage ps:ani_data data[-1].frames append value {}
data modify storage ps:ani_data data[-1].frames[-1].part_1 set value {interpolation_duration:1,start_interpolation:0,transformation:[0.6945081136455541, -0.7166191748446354, 0.06415168217192646, -9.019850400506267e-11, 0.7138583731189899, 0.6974614268161129, 0.06287910011713405, 1.9547957301434122, -0.08980369262119943, 0.002125170258017228, 0.99595721817906, -3.1556347434644176e-11, 0.0, 0.0, 0.0, 2.0]}
#14
data modify storage ps:ani_data data[-1].frames append value {}
data modify storage ps:ani_data data[-1].frames[-1].part_1 set value {interpolation_duration:1,start_interpolation:0,transformation:[0.24195728676273048, -0.9656757022116971, 0.09448338235035804, -2.7529075816067428e-11, 0.9683032520239047, 0.24653854247404386, 0.040094378592318035, 1.932999097642501, -0.06201196257455341, 0.08178743933343478, 0.9947187196715116, -1.1810780053359743e-11, 0.0, 0.0, 0.0, 2.0]}
#15
data modify storage ps:ani_data data[-1].frames append value {}
data modify storage ps:ani_data data[-1].frames[-1].part_1 set value {interpolation_duration:1,start_interpolation:0,transformation:[-0.2729433847928638, -0.9532982784779755, 0.1293224688472304, -8.514519411201578e-12, 0.9620294080909001, -0.2706267786574408, 0.035504431297635905, 1.886296726915938, 0.0011518099177773437, 0.13410271781147737, 0.9909667675605921, -4.237342493270495e-12, 0.0, 0.0, 0.0, 2.0]}
#16
data modify storage ps:ani_data data[-1].frames append value {}
data modify storage ps:ani_data data[-1].frames[-1].part_1 set value {interpolation_duration:1,start_interpolation:0,transformation:[-0.7111688280849269, -0.6847308120971947, 0.159319217061306, -2.663647025080621e-12, 0.6983244803718747, -0.7141907529352269, 0.04769159816114893, 1.8147524119862743, 0.08112840485096844, 0.145173287441352, 0.9860744893464222, -1.4801844273327079e-12, 0.0, 0.0, 0.0, 2.0]}
#17
data modify storage ps:ani_data data[-1].frames append value {}
data modify storage ps:ani_data data[-1].frames[-1].part_1 set value {interpolation_duration:1,start_interpolation:0,transformation:[-0.9558793740291962, -0.23385332813713744, 0.1777842603402662, -8.412820276807636e-13, 0.2494971324266041, -0.9657609081197503, 0.0711129331318569, 1.7184297828076265, 0.15506709262913515, 0.11233204915294072, 0.9814966670940094, -5.079219908793011e-13, 0.0, 0.0, 0.0, 2.0]}
#18
data modify storage ps:ani_data data[-1].frames append value {}
data modify storage ps:ani_data data[-1].frames[-1].part_1 set value {interpolation_duration:1,start_interpolation:0,transformation:[-0.9432519123097808, 0.27771553686545497, 0.18207116879800844, -2.67813549080041e-13, -0.2635761815214867, -0.9596246410791297, 0.0982249701873359, 1.5973923061348791, 0.20199858033781581, 0.04466126752884268, 0.9783669785536631, -1.7215085772335404e-13, 0.0, 0.0, 0.0, 2.0]}
#19
data modify storage ps:ani_data data[-1].frames append value {}
data modify storage ps:ani_data data[-1].frames[-1].part_1 set value {interpolation_duration:1,start_interpolation:0,transformation:[-0.6785545810777313, 0.7137356334111492, 0.1736235182733313, -8.581025378273333e-14, -0.7043745805866802, -0.6992936434951916, 0.12183944513398734, 1.4517032860888157, 0.20837497623698123, -0.03962127921212554, 0.9772461427459471, -5.783530973936278e-14, 0.0, 0.0, 0.0, 2.0]}
#20
data modify storage ps:ani_data data[-1].frames append value {}
data modify storage ps:ani_data data[-1].frames[-1].part_1 set value {interpolation_duration:1,start_interpolation:0,transformation:[-0.23360087455977702, 0.9595951279659088, 0.15686880438442097, -2.7642980221188472e-14, -0.9570835880596313, -0.2553855415617546, 0.1370008417058471, 1.2814258646208923, 0.17152736479001987, -0.11813304171695463, 0.9780710340169018, -1.9305595898293532e-14, 0.0, 0.0, 0.0, 2.0]}
#21
data modify storage ps:ani_data data[-1].frames append value {}
data modify storage ps:ani_data data[-1].frames[-1].part_1 set value {interpolation_duration:1,start_interpolation:0,transformation:[0.2732533446394592, 0.9520708109254885, 0.13745464934672666, -8.945953808378121e-15, -0.9567107389233235, 0.254096266076534, 0.14191423323525948, 1.0866230219444124, 0.10018568596429989, -0.17028287802843217, 0.9802890235936625, -6.413508088343732e-15, 0.0, 0.0, 0.0, 2.0]}
#22
data modify storage ps:ani_data data[-1].frames append value {}
data modify storage ps:ani_data data[-1].frames[-1].part_1 set value {interpolation_duration:1,start_interpolation:0,transformation:[0.7088659469843958, 0.6949828650848887, 0.12044868801408817, -2.907067732581925e-15, -0.7052410973976748, 0.6954468230144365, 0.13779953156832633, 0.8673575769539749, 0.012002655841056347, -0.18262676035435357, 0.9831090492184649, -2.1231843532021548e-15, 0.0, 0.0, 0.0, 2.0]}
#23
data modify storage ps:ani_data data[-1].frames append value {}
data modify storage ps:ani_data data[-1].frames[-1].part_1 set value {interpolation_duration:1,start_interpolation:0,transformation:[0.9602269063530249, 0.2570469390132461, 0.10904659306745493, -9.491827577786449e-16, -0.2699922672204804, 0.9543314950434569, 0.12788890964139452, 0.6236921876403677, -0.07119314543439766, -0.1522441089567691, 0.9857754649671068, -7.014764749616535e-16, 0.0, 0.0, 0.0, 2.0]}
#24
data modify storage ps:ani_data data[-1].frames append value {}
data modify storage ps:ani_data data[-1].frames[-1].part_1 set value {interpolation_duration:1,start_interpolation:0,transformation:[0.9633975936744018, -0.24703911875011628, 0.10409971330190097, -3.139731488288961e-16, 0.23493031822691846, 0.9650637801567717, 0.11601571362242694, 0.35568935150326136, -0.12912328248681892, -0.08731308055891808, 0.9877771023278181, -2.3194974224065705e-16, 0.0, 0.0, 0.0, 2.0]}
#25
data modify storage ps:ani_data data[-1].frames append value {}
data modify storage ps:ani_data data[-1].frames[-1].part_1 set value {interpolation_duration:1,start_interpolation:0,transformation:[0.9478848840213505, -0.3010807932216121, 0.10423340441948413, 0.00148654521827736, 0.30754421236337903, 0.9500893463978891, -0.052409839753814504, 0.11072598954752721, -0.08325145095203847, 0.08173487514076583, 0.9931709853293661, -0.0013953200937104995, 0.0, 0.0, 0.0, 2.0]}
#26
data modify storage ps:ani_data data[-1].frames append value {}
data modify storage ps:ani_data data[-1].frames[-1].part_1 set value {interpolation_duration:1,start_interpolation:0,transformation:[0.9953905722029179, -0.05381913665065719, 0.07937952695579253, 0.0030929279072318744, 0.05009912026676632, 0.997583651605135, 0.04813456345144161, 0.030320055389343143, -0.0817782790112606, -0.04393584618899086, 0.9956816531912265, -0.0011497293779419602, 0.0, 0.0, 0.0, 2.0]}
#27
data modify storage ps:ani_data data[-1].frames append value {}
data modify storage ps:ani_data data[-1].frames[-1].part_1 set value {interpolation_duration:1,start_interpolation:0,transformation:[0.9930153930600494, -0.009150857011887701, 0.11762946468357074, 0.0007644305144901152, 0.008772026296425206, 0.999954538901038, 0.003737871836588763, 0.029531724277542637, -0.11765832184954135, -0.0026799155135795766, 0.9930505210473379, -0.0001763269204101434, 0.0, 0.0, 0.0, 2.0]}
#28
data modify storage ps:ani_data data[-1].frames append value {}
data modify storage ps:ani_data data[-1].frames[-1].part_1 set value {interpolation_duration:1,start_interpolation:0,transformation:[0.9924469755714815, -0.0014850980533241277, 0.12266537882708067, 0.00036406151501438644, 0.0011179309181817457, 0.999994687138814, 0.0030620131625442673, 0.03086734695634975, -0.12266927451273762, -0.002901754282745856, 0.9924433630754959, 8.147802562025672e-05, 0.0, 0.0, 0.0, 2.0]}
#29
data modify storage ps:ani_data data[-1].frames append value {}
data modify storage ps:ani_data data[-1].frames[-1].part_1 set value {interpolation_duration:1,start_interpolation:0,transformation:[0.9924646378374616, -0.00039383453848228884, 0.12253076159280034, 0.0002461543113903443, 0.0003138887578596975, 0.9999997251079277, 0.000671757334728402, 0.031250760304019395, -0.12253099247130525, -0.0006282343713699155, 0.9924644886370348, 0.00015246728626308278, 0.0, 0.0, 0.0, 2.0]}
#30
data modify storage ps:ani_data data[-1].frames append value {}
data modify storage ps:ani_data data[-1].frames[-1].part_1 set value {interpolation_duration:1,start_interpolation:0,transformation:[0.9924599325953333, -6.713919980419571e-05, 0.12256948105133611, 0.00015117983438279973, 6.65137178091376e-05, 0.9999999977456906, 9.194782825664772e-06, 0.03134801606682317, -0.12256948139235692, -9.72901668726982e-07, 0.9924599348236995, 0.00011790319614683925, 0.0, 0.0, 0.0, 2.0]}
#31
data modify storage ps:ani_data data[-1].frames append value {}
data modify storage ps:ani_data data[-1].frames[-1].part_1 set value {interpolation_duration:1,start_interpolation:0,transformation:[0.9924635734637833, -4.721675950840756e-05, 0.12254000619420156, 0.00011014755254640827, 4.475186132198444e-05, 0.9999999987371773, 2.286736657714804e-05, 0.03136230110568577, -0.12254000711917819, -1.721113498526461e-05, 0.9924635743235157, 7.563491380233751e-05, 0.0, 0.0, 0.0, 2.0]}
#32
data modify storage ps:ani_data data[-1].frames append value {}
data modify storage ps:ani_data data[-1].frames[-1].part_1 set value {interpolation_duration:1,start_interpolation:0,transformation:[0.992463081917814, -4.2254193117005825e-05, 0.12254398901936236, 8.947603852580025e-05, 3.8096578067178444e-05, 0.9999999986165465, 3.627061445480054e-05, 0.03135661010123376, -0.12254399038241404, -3.132873916052455e-05, 0.9924630821545275, 7.402732241927814e-05, 0.0, 0.0, 0.0, 2.0]}
#33
data modify storage ps:ani_data data[-1].frames append value {}
data modify storage ps:ani_data data[-1].frames[-1].part_1 set value {interpolation_duration:1,start_interpolation:0,transformation:[0.992463399761434, -3.566340437323529e-05, 0.12254141692545265, 6.241526006224524e-05, 3.0726743563068746e-05, 0.9999999986385503, 4.217542178106583e-05, 0.031354270892388625, -0.12254141826273783, -3.809226379348556e-05, 0.9924633995060654, 3.628587492924937e-05, 0.0, 0.0, 0.0, 2.0]}
#34
data modify storage ps:ani_data data[-1].frames append value {}
data modify storage ps:ani_data data[-1].frames[-1].part_1 set value {interpolation_duration:1,start_interpolation:0,transformation:[0.9924626622760867, -4.035005830504286e-05, 0.12254738822078082, 8.106581020480998e-05, 4.75432820241893e-05, 0.9999999973144867, -5.577331474477297e-05, 0.0313550323326199, -0.12254738564122167, 6.11792374750679e-05, 0.9924626615291895, 2.441630887405808e-06, 0.0, 0.0, 0.0, 2.0]}
#35
data modify storage ps:ani_data data[-1].frames append value {}
data modify storage ps:ani_data data[-1].frames[-1].part_1 set value {interpolation_duration:1,start_interpolation:0,transformation:[0.9924629735545764, -4.168733107960554e-05, 0.12254486682588743, 4.579427406058265e-05, 4.803686011819801e-05, 0.9999999976526074, -4.8859443944641845e-05, 0.0313576534983835, -0.1225448645014067, 5.437785964944076e-05, 0.9924629732274046, 1.1205166147749274e-05, 0.0, 0.0, 0.0, 2.0]}
#36
data modify storage ps:ani_data data[-1].frames append value {}
data modify storage ps:ani_data data[-1].frames[-1].part_1 set value {interpolation_duration:1,start_interpolation:0,transformation:[0.9924632167803656, -5.2125500083982e-05, 0.12254289298405334, 7.27535383209599e-05, 5.5825583054320877e-05, 0.9999999980836837, -2.6760733917587983e-05, 0.031364218952185975, -0.12254289135430578, 3.3400072517250836e-05, 0.9924632177884286, -4.534608586628342e-06, 0.0, 0.0, 0.0, 2.0]}
#37
data modify storage ps:ani_data data[-1].frames append value {}
data modify storage ps:ani_data data[-1].frames[-1].part_1 set value {interpolation_duration:1,start_interpolation:0,transformation:[0.9924638402251502, -4.8078858729713595e-05, 0.12253784531307187, 4.4988917556864375e-05, 5.2783983004133394e-05, 0.9999999979891269, -3.51510656207753e-05, 0.03136248260651243, -0.12253784337664066, 4.135419711836923e-05, 0.9924638407672253, -3.557824721224259e-05, 0.0, 0.0, 0.0, 2.0]}
#38
data modify storage ps:ani_data data[-1].frames append value {}
data modify storage ps:ani_data data[-1].frames[-1].part_1 set value {interpolation_duration:1,start_interpolation:0,transformation:[0.9924638726168954, -3.981576057972297e-05, 0.12253758592766296, 8.627045502210215e-05, 3.559804759600871e-05, 0.9999999986962783, 3.660904790247048e-05, 0.03136028524103709, -0.12253758722552512, -3.1971058637950347e-05, 0.9924638727403622, -9.960015108440622e-05, 0.0, 0.0, 0.0, 2.0]}
#39
data modify storage ps:ani_data data[-1].frames append value {}
data modify storage ps:ani_data data[-1].frames[-1].part_1 set value {interpolation_duration:1,start_interpolation:0,transformation:[0.9924639914487627, -4.224545853572572e-05, 0.12253662265996834, 0.0001297035560393634, 4.92930636633935e-05, 0.9999999973009117, -5.4482750931807816e-05, 0.03136230404582529, -0.12253662002758242, 6.011237399676583e-05, 0.9924639908524229, -9.000301257061681e-05, 0.0, 0.0, 0.0, 2.0]}
#40
data modify storage ps:ani_data data[-1].frames append value {}
data modify storage ps:ani_data data[-1].frames[-1].part_1 set value {interpolation_duration:1,start_interpolation:0,transformation:[0.9924646879846792, -3.791643664594027e-05, 0.1225309824730743, 0.0001356075517509586, 4.5780880384768314e-05, 0.9999999970690451, -6.136791267120117e-05, 0.031357937849239015, -0.12253097978708892, 6.651506255352266e-05, 0.9924646868116581, -8.430323420058092e-05, 0.0, 0.0, 0.0, 2.0]}
#41
data modify storage ps:ani_data data[-1].frames append value {}
data modify storage ps:ani_data data[-1].frames[-1].part_1 set value {interpolation_duration:1,start_interpolation:0,transformation:[0.9924643692137415, -4.7005237602040664e-05, 0.12253356124620668, 0.00013601327292335065, 5.288021110082423e-05, 0.9999999976030745, -4.4693778659484676e-05, 0.0313654529900979, -0.12253355885166123, 5.083658343069922e-05, 0.9924643693205253, -7.36116881398333e-05, 0.0, 0.0, 0.0, 2.0]}
#42
data modify storage ps:ani_data data[-1].frames append value {}
data modify storage ps:ani_data data[-1].frames[-1].part_1 set value {interpolation_duration:1,start_interpolation:0,transformation:[0.9924618598953738, -5.344682568686719e-05, 0.12255388119701391, 6.419274454450656e-05, 5.7300839647383174e-05, 0.9999999979684598, -2.792300234228788e-05, 0.031369043245443984, -0.12255387945564494, 3.473495513312447e-05, 0.9924618609416958, -5.312287497265329e-05, 0.0, 0.0, 0.0, 2.0]}
#43
data modify storage ps:ani_data data[-1].frames append value {}
data modify storage ps:ani_data data[-1].frames[-1].part_1 set value {interpolation_duration:1,start_interpolation:0,transformation:[0.9924605436784185, -4.897114843561258e-05, 0.12256454154185348, 3.1254727540967036e-05, 5.3803239910192054e-05, 0.9999999979004515, -3.611521198912786e-05, 0.03136680809036131, -0.12256453951591985, 4.243729235885021e-05, 0.9924605442295058, -1.032905728123581e-05, 0.0, 0.0, 0.0, 2.0]}
#44
data modify storage ps:ani_data data[-1].frames append value {}
data modify storage ps:ani_data data[-1].frames[-1].part_1 set value {interpolation_duration:1,start_interpolation:0,transformation:[0.9924604218504522, -4.993197118167726e-05, 0.12256552764631665, 6.119809718435094e-06, 5.447042782011173e-05, 0.9999999979493793, -3.367808855152473e-05, 0.031367632464098606, -0.12256552571336786, 4.010036669785572e-05, 0.9924604225351086, -3.072013200390235e-06, 0.0, 0.0, 0.0, 2.0]}
#45
data modify storage ps:ani_data data[-1].frames append value {}
data modify storage ps:ani_data data[-1].frames[-1].part_1 set value {interpolation_duration:1,start_interpolation:0,transformation:[0.9924604587144672, -2.9925754748647534e-05, 0.12256523566133262, 3.414591561141849e-05, 3.888625241449889e-05, 0.9999999967435591, -7.071591884123846e-05, 0.03135492362180315, -0.12256523314597892, 7.494885594275972e-05, 0.9924604566462789, 2.989491722269981e-05, 0.0, 0.0, 0.0, 2.0]}
#46
data modify storage ps:ani_data data[-1].frames append value {}
data modify storage ps:ani_data data[-1].frames[-1].part_1 set value {interpolation_duration:1,start_interpolation:0,transformation:[0.9924608001383002, -3.076409806238413e-05, 0.1225624707747653, -1.2263960845689086e-05, 2.5148851776806714e-05, 0.9999999985621708, 4.7362364877982576e-05, 0.03135828116965326, -0.12256247205560186, -4.392298513233094e-05, 0.9924607994849927, -4.876684263002935e-06, 0.0, 0.0, 0.0, 2.0]}
#47
data modify storage ps:ani_data data[-1].frames append value {}
data modify storage ps:ani_data data[-1].frames[-1].part_1 set value {interpolation_duration:1,start_interpolation:0,transformation:[0.9924607623302399, -2.838940626087254e-05, 0.12256277750165462, -1.5501428171377737e-06, 2.224674495126683e-05, 0.9999999984270876, 5.1486959508832917e-05, 0.03135648813795765, -0.12256277877055831, -4.8372164232604354e-05, 0.9924607614007581, 3.977796010268871e-06, 0.0, 0.0, 0.0, 2.0]}
#48
data modify storage ps:ani_data data[-1].frames append value {}
data modify storage ps:ani_data data[-1].frames[-1].part_1 set value {interpolation_duration:1,start_interpolation:0,transformation:[0.9924607426730014, -2.9087841525395908e-05, 0.12256293651366001, 4.368692234316206e-05, 2.278989260194007e-05, 0.9999999983470602, 5.278731012972259e-05, 0.03135601496066622, -0.1225629378465398, -4.959613685492984e-05, 0.9924607416954324, -2.8438683288062366e-05, 0.0, 0.0, 0.0, 2.0]}
#49
data modify storage ps:ani_data data[-1].frames append value {}
data modify storage ps:ani_data data[-1].frames[-1].part_1 set value {interpolation_duration:1,start_interpolation:0,transformation:[0.9924605412839475, -3.3376127632109925e-05, 0.12256456616986677, -1.9942916198351956e-07, 2.815333763459141e-05, 0.9999999986204823, 4.43443896399715e-05, 0.03135969663416445, -0.12256456748083079, -4.055945533157491e-05, 0.99246054085448, 1.6066715277991406e-05, 0.0, 0.0, 0.0, 2.0]}
#50
data modify storage ps:ani_data data[-1].frames append value {}
data modify storage ps:ani_data data[-1].frames[-1].part_1 set value {interpolation_duration:1,start_interpolation:0,transformation:[0.9924607307680188, -3.372848756941819e-05, 0.1225630317257152, 1.0618992113776682e-05, 2.85141691357173e-05, 0.9999999986123156, 4.4297977199903705e-05, 0.031359447947118785, -0.12256303304974014, -4.0469219806948144e-05, 0.9924607303525367, 7.241915524576039e-05, 0.0, 0.0, 0.0, 2.0]}
#51
data modify storage ps:ani_data data[-1].frames append value {}
data modify storage ps:ani_data data[-1].frames[-1].part_1 set value {interpolation_duration:1,start_interpolation:0,transformation:[0.9924608924257291, -3.419899304206477e-05, 0.12256172255624366, 3.268095794967589e-05, 2.911853898283046e-05, 0.9999999986410606, 4.32433691369256e-05, 0.031360595477492745, -0.12256172386856945, -3.93485344290716e-05, 0.9924608920728598, 5.302060105838155e-05, 0.0, 0.0, 0.0, 2.0]}
#52
data modify storage ps:ani_data data[-1].frames append value {}
data modify storage ps:ani_data data[-1].frames[-1].part_1 set value {interpolation_duration:1,start_interpolation:0,transformation:[0.9924619823805194, -3.1064307244476584e-05, 0.12255289700508136, 2.7496074536458225e-05, 2.5235036156843556e-05, 0.9999999984753315, 4.911751035309424e-05, 0.03135758058574921, -0.12255289834403024, -4.565463490757846e-05, 0.992461981651253, -1.920855232254923e-05, 0.0, 0.0, 0.0, 2.0]}
#53
data modify storage ps:ani_data data[-1].frames append value {}
data modify storage ps:ani_data data[-1].frames[-1].part_1 set value {interpolation_duration:1,start_interpolation:0,transformation:[0.9924620148838187, -3.0552170126537215e-05, 0.12255263391423084, -8.362193435541806e-06, 2.5134164508641305e-05, 0.9999999986373505, 4.575557746202508e-05, 0.031358616193495045, -0.12255263514516673, -4.23304145383665e-05, 0.9924620142993441, 9.649459081522131e-06, 0.0, 0.0, 0.0, 2.0]}
#54
data modify storage ps:ani_data data[-1].frames append value {}
data modify storage ps:ani_data data[-1].frames[-1].part_1 set value {interpolation_duration:1,start_interpolation:0,transformation:[0.9924619278252529, -4.135543567276309e-05, 0.12255333576492364, 1.1505997065575981e-07, 4.792998968688661e-05, 0.9999999975661955, -5.0698370259769264e-05, 0.031362933155840586, -0.12255333336999964, 5.619018240491543e-05, 0.9924619273919602, 2.341051635011224e-05, 0.0, 0.0, 0.0, 2.0]}
#55
data modify storage ps:ani_data data[-1].frames append value {}
data modify storage ps:ani_data data[-1].frames[-1].part_1 set value {interpolation_duration:1,start_interpolation:0,transformation:[0.9924617905991058, -4.6570766382482855e-05, 0.1225544451742988, 9.971268431248482e-05, 5.15302320133564e-05, 0.999999997976752, -3.7297872298336074e-05, 0.031367102609569555, -0.12255444318935024, 4.33319721208432e-05, 0.992461790990912, -2.4292789767452706e-05, 0.0, 0.0, 0.0, 2.0]}
#56
data modify storage ps:ani_data data[-1].frames append value {}
data modify storage ps:ani_data data[-1].frames[-1].part_1 set value {interpolation_duration:1,start_interpolation:0,transformation:[0.9924616869699121, -4.997647062565734e-05, 0.12255528303254981, 4.893083475363437e-05, 5.4626622409586146e-05, 0.9999999979099656, -3.458324442656461e-05, 0.0313680504002952, -0.12255528104805656, 4.101732627500019e-05, 0.9924616876256789, -5.1574559682698534e-05, 0.0, 0.0, 0.0, 2.0]}
#57
data modify storage ps:ani_data data[-1].frames append value {}
data modify storage ps:ani_data data[-1].frames[-1].part_1 set value {interpolation_duration:1,start_interpolation:0,transformation:[0.9924616816827155, -3.577088966112329e-05, 0.12255533081820258, 5.529285426937334e-05, 4.390069729209261e-05, 0.9999999970116257, -6.363550451262189e-05, 0.03135937245160084, -0.12255532817566274, 6.853606430310696e-05, 0.9924616802872357, -5.0496780053454155e-05, 0.0, 0.0, 0.0, 2.0]}
#58
data modify storage ps:ani_data data[-1].frames append value {}
data modify storage ps:ani_data data[-1].frames[-1].part_1 set value {interpolation_duration:1,start_interpolation:0,transformation:[0.9924618900896451, -3.564437187031289e-05, 0.12255364314930683, 1.7155335354454974e-05, 4.365657757009955e-05, 0.9999999970819159, -6.269187538069565e-05, 0.031358759776378795, -0.12255364055707252, 6.756956976223574e-05, 0.992461888749669, -6.118865969312146e-07, 0.0, 0.0, 0.0, 2.0]}
#59
data modify storage ps:ani_data data[-1].frames append value {}
data modify storage ps:ani_data data[-1].frames[-1].part_1 set value {interpolation_duration:1,start_interpolation:0,transformation:[0.9924618528363205, -4.5379557526895026e-05, 0.12255394161508343, -1.3332489481260209e-05, 5.014963158657973e-05, 0.9999999981003406, -3.5837597590952664e-05, 0.03136668061380652, -0.12255393975597836, 4.171348352779899e-05, 0.992461853226749, 7.245296533581235e-05, 0.0, 0.0, 0.0, 2.0]}
data modify storage ps:ani_data data[-1].frames[-1].is_last set value 1
data modify storage ps:ani_data data[-1].frames[-1].keep_alive set value 1
