data modify storage ps:ani_data data append value {ani_tag:'coin',height:0.1,width:0.3}
data modify storage ps:ani_data data[-1].parts.part_1 set value {name:'coin',init_pos:[1.0, 0.0, 0.0, 0.0, 0.0, 1.0, 0.0, 0.03125, 0.0, 0.0, 1.0, 0.0, 0.0, 0.0, 0.0, 2.0],item_model:'cointosser:test_coin'}
data modify storage ps:ani_data data[-1].frames append value {}
data modify storage ps:ani_data data[-1].frames[-1].part_1 set value {interpolation_duration:1,start_interpolation:0,transformation:[0.9955164218008716, -0.07756280822487775, 0.05413930831715161, 0.0010450302861433195, 0.031202563435294414, 0.8096110408071906, 0.5861368122189254, 0.24976505286292194, -0.0892941989149082, -0.5818195367838452, 0.8084012448387103, 0.0003437746453779662, 0.0, 0.0, 0.0, 2.0]}
data modify storage ps:ani_data data[-1].frames append value {}
data modify storage ps:ani_data data[-1].frames[-1].part_1 set value {interpolation_duration:1,start_interpolation:0,transformation:[0.9877921100833501, -0.061196707101814865, 0.14325400621614984, 0.0003582255122500067, -0.10434992046582002, 0.4228510678345618, 0.9001711329130411, 0.5333349316267861, -0.11566261866246619, -0.9041304869713582, 0.41130307702845526, 0.00014000608029621176, 0.0, 0.0, 0.0, 2.0]}
data modify storage ps:ani_data data[-1].frames append value {}
data modify storage ps:ani_data data[-1].frames[-1].part_1 set value {interpolation_duration:1,start_interpolation:0,transformation:[0.9648392850068309, -0.08611603514242369, 0.2483328061268895, 9.132679697888714e-05, -0.2542163652022972, -0.06570724493383079, 0.9649127409390643, 0.7902836762866402, -0.06677719499079579, -0.9941159823956933, -0.08528903666126628, 3.5728278143064645e-05, 0.0, 0.0, 0.0, 2.0]}
data modify storage ps:ani_data data[-1].frames append value {}
data modify storage ps:ani_data data[-1].frames[-1].part_1 set value {interpolation_duration:1,start_interpolation:0,transformation:[0.9244641990956426, -0.16535432809911715, 0.34354605334560523, 2.275619865863624e-05, -0.37755051498034004, -0.5225606431684265, 0.764451426088983, 1.02130690825931, 0.053118294668898336, -0.8364139647269703, -0.5455182181936531, 8.797815573923655e-06, 0.0, 0.0, 0.0, 2.0]}
data modify storage ps:ani_data data[-1].frames append value {}
data modify storage ps:ani_data data[-1].frames[-1].part_1 set value {interpolation_duration:1,start_interpolation:0,transformation:[0.8698887970086506, -0.2955647886957796, 0.39488597914089246, 5.651669887185825e-06, -0.44115175193402123, -0.8243067852914023, 0.3548287692508854, 1.2266766303754153, 0.22063230181545526, -0.4828662127398989, -0.8474441621663579, 2.1479850369847384e-06, 0.0, 0.0, 0.0, 2.0]}
data modify storage ps:ani_data data[-1].frames append value {}
data modify storage ps:ani_data data[-1].frames[-1].part_1 set value {interpolation_duration:1,start_interpolation:0,transformation:[0.81016071179092, -0.453105213035113, 0.37193451976232894, 1.400851157650017e-06, -0.4282880115067614, -0.8907306752827696, -0.15221117997665298, 1.4065259212687895, 0.40026116507851917, -0.03597957796730912, -0.9156945285952517, 5.201537137325284e-07, 0.0, 0.0, 0.0, 2.0]}
data modify storage ps:ani_data data[-1].frames append value {}
data modify storage ps:ani_data data[-1].frames[-1].part_1 set value {interpolation_duration:1,start_interpolation:0,transformation:[0.7582805324652081, -0.5975564977795437, 0.26064701426589565, 3.4637820006056936e-07, -0.34291948248971077, -0.7056254974677889, -0.6200797415271072, 1.5609422243230757, 0.5544518577958495, 0.3808134573315143, -0.7399758429178277, 1.245669102784802e-07, 0.0, 0.0, 0.0, 2.0]}
data modify storage ps:ani_data data[-1].frames append value {}
data modify storage ps:ani_data data[-1].frames[-1].part_1 set value {interpolation_duration:1,start_interpolation:0,transformation:[0.7274594800263263, -0.6823249866406251, 0.07235549409476337, 8.536945380297965e-08, -0.20831037514472192, -0.3200942952697487, -0.9242004272574366, 1.689997916882082, 0.6537656250728483, 0.6572459621341414, -0.37499100353405074, 2.9361591860770667e-08, 0.0, 0.0, 0.0, 2.0]}
data modify storage ps:ani_data data[-1].frames append value {}
data modify storage ps:ani_data data[-1].frames[-1].part_1 set value {interpolation_duration:1,start_interpolation:0,transformation:[0.7266452991054404, -0.6693388756949638, -0.1548291922454117, 2.0948806631031448e-08, -0.0605388665350749, 0.16210512953760392, -0.9849147032186318, 1.7937603274562253, 0.6843403063729429, 0.7250568229187271, 0.07727191347694387, 6.760292761563875e-09, 0.0, 0.0, 0.0, 2.0]}
data modify storage ps:ani_data data[-1].frames append value {}
data modify storage ps:ani_data data[-1].frames[-1].part_1 set value {interpolation_duration:1,start_interpolation:0,transformation:[0.7568142703041878, -0.5431274065952909, -0.3636547544980168, 5.110210205858238e-09, 0.06124899852893406, 0.6128423557643837, -0.7878279045326859, 1.8722950184475946, 0.6507539630637236, 0.5739659111708931, 0.4970738500169004, 1.500786287427095e-09, 0.0, 0.0, 0.0, 2.0]}
data modify storage ps:ani_data data[-1].frames append value {}
data modify storage ps:ani_data data[-1].frames[-1].part_1 set value {interpolation_duration:1,start_interpolation:0,transformation:[0.8093883262721738, -0.3193872174339729, -0.49283094731775257, 1.2364317566504548e-09, 0.12519236415909307, 0.91373105234913, -0.38655198347597214, 1.9256668621194246, 0.5737747025188424, 0.25117199149733116, 0.7795480879565275, 3.1337131736634374e-10, 0.0, 0.0, 0.0, 2.0]}
data modify storage ps:ani_data data[-1].frames append value {}
data modify storage ps:ani_data data[-1].frames[-1].part_1 set value {interpolation_duration:1,start_interpolation:0,transformation:[0.8675296446930236, -0.04460311628625106, -0.4953815474927896, 2.9575627018314616e-10, 0.11494593883081913, 0.9869887049910157, 0.11243098935106505, 1.953940393455161, 0.48392121954415007, -0.15447931330023731, 0.8613689076331869, 5.813394792568991e-11, 0.0, 0.0, 0.0, 2.0]}
data modify storage ps:ani_data data[-1].frames append value {}
data modify storage ps:ani_data data[-1].frames[-1].part_1 set value {interpolation_duration:1,start_interpolation:0,transformation:[0.9101769286193604, 0.21403165742284505, -0.35463841899864273, 6.959464714197718e-11, 0.03369335119935731, 0.8150682602194906, 0.5783843784782997, 1.9571799260679796, 0.4128470863334071, -0.5383810739649028, 0.7346448819003732, 7.923945163323058e-12, 0.0, 0.0, 0.0, 2.0]}
data modify storage ps:ani_data data[-1].frames append value {}
data modify storage ps:ani_data data[-1].frames[-1].part_1 set value {interpolation_duration:1,start_interpolation:0,transformation:[0.9177980871850511, 0.38609123048426514, -0.09262954659614459, 1.598272710945988e-11, -0.09699271420866072, 0.4442453835811527, 0.8906393504428555, 1.9354495904659477, 0.3850182911887412, -0.8084427010679114, 0.44517559966840176, -1.8167983189288053e-13, 0.0, 0.0, 0.0, 2.0]}
data modify storage ps:ani_data data[-1].frames append value {}
data modify storage ps:ani_data data[-1].frames[-1].part_1 set value {interpolation_duration:1,start_interpolation:0,transformation:[0.8782276816924641, 0.41801051921447296, 0.23234316201499536, 3.533605083307639e-12, -0.24301902181136492, -0.028361679831413678, 0.9696068121434518, 1.8888133468739523, 0.4118954893500619, -0.9079993507394077, 0.07667649515911565, -7.532590010466919e-13, 0.0, 0.0, 0.0, 2.0]}
data modify storage ps:ani_data data[-1].frames append value {}
data modify storage ps:ani_data data[-1].frames[-1].part_1 set value {interpolation_duration:1,start_interpolation:0,transformation:[0.7908331686084843, 0.28992428412563204, 0.5390053885657402, 7.324459456214489e-13, -0.3667395692266713, -0.4805817272680436, 0.7965822567566387, 1.8173349897176707, 0.4899846811810552, -0.8276382741816036, -0.2737332630821399, -4.2000890865765616e-13, 0.0, 0.0, 0.0, 2.0]}
data modify storage ps:ani_data data[-1].frames append value {}
data modify storage ps:ani_data data[-1].frames[-1].part_1 set value {interpolation_duration:1,start_interpolation:0,transformation:[0.6676629659552129, 0.02404190843057044, 0.7440753661632027, 1.3374145069157428e-13, -0.4366475885025773, -0.7968611661610114, 0.41755378733690907, 1.721078149374627, 0.6029635539124832, -0.6036839143985276, -0.5215368483143824, -1.8081342008382807e-13, 0.0, 0.0, 0.0, 2.0]}
data modify storage ps:ani_data data[-1].frames append value {}
data modify storage ps:ani_data data[-1].frames[-1].part_1 set value {interpolation_duration:1,start_interpolation:0,transformation:[0.5310598999751002, -0.3183937002636963, 0.7852393483969253, 1.7258974327361087e-14, -0.4353027199017105, -0.8975933566282526, -0.06955363529679097, 1.6001062930290162, 0.7269710617931149, -0.30487967752741, -0.6152734819136713, -6.997196871577211e-14, 0.0, 0.0, 0.0, 2.0]}
data modify storage ps:ani_data data[-1].frames append value {}
data modify storage ps:ani_data data[-1].frames[-1].part_1 set value {interpolation_duration:1,start_interpolation:0,transformation:[0.4082351921124261, -0.6513043575827628, 0.6396457314128149, -1.010324379221363e-15, -0.3635265134025479, -0.7587239179669623, -0.540542773847037, 1.4544827252321193, 0.8373723795148234, -0.011859599426894421, -0.5465042066874835, -2.555122638854095e-14, 0.0, 0.0, 0.0, 2.0]}
data modify storage ps:ani_data data[-1].frames append value {}
data modify storage ps:ani_data data[-1].frames[-1].part_1 set value {interpolation_duration:1,start_interpolation:0,transformation:[0.32419446779048794, -0.8856443986927917, 0.33246345080042344, -2.02915085174895e-15, -0.23990097422353077, -0.41692637156948525, -0.8767097143618886, 1.284270588365539, 0.9150658280258547, 0.20446613351356477, -0.3476321772008023, -8.982044894609795e-15, 0.0, 0.0, 0.0, 2.0]}
data modify storage ps:ani_data data[-1].frames append value {}
data modify storage ps:ani_data data[-1].frames[-1].part_1 set value {interpolation_duration:1,start_interpolation:0,transformation:[0.2949244176277399, -0.953146869671805, -0.06730997490548592, -1.1226127861870463e-15, -0.09581494842601572, 0.04058808113665781, -0.994571316360855, 1.0895328630718686, 0.9507045195774857, 0.2997726680411054, -0.07935530196816606, -3.0598284030375454e-15, 0.0, 0.0, 0.0, 2.0]}
data modify storage ps:ani_data data[-1].frames append value {}
data modify storage ps:ani_data data[-1].frames[-1].part_1 set value {interpolation_duration:1,start_interpolation:0,transformation:[0.32273261336397124, -0.8254555743546477, -0.46310555496355255, -5.147593640094845e-16, 0.032589673331304664, 0.49868844941440577, -0.8661684268159482, 0.8703323686739768, 0.9459289473651923, 0.264448341245496, 0.18784435405166028, -1.0043170168925829e-15, 0.0, 0.0, 0.0, 2.0]}
data modify storage ps:ani_data data[-1].frames append value {}
data modify storage ps:ani_data data[-1].frames[-1].part_1 set value {interpolation_duration:1,start_interpolation:0,transformation:[0.39508311296533005, -0.5232665950198415, -0.7550505972356849, -2.3630679013430325e-16, 0.11348789680103001, 0.843422632966376, -0.5251273745290229, 0.6267317635898526, 0.9116083759648668, 0.12177985357359762, 0.3926064647128089, -3.0690548139620617e-16, 0.0, 0.0, 0.0, 2.0]}
data modify storage ps:ani_data data[-1].frames append value {}
data modify storage ps:ani_data data[-1].frames[-1].part_1 set value {interpolation_duration:1,start_interpolation:0,transformation:[0.4873386073854948, -0.11273335062538944, -0.8659054644753894, -1.235986957810047e-16, 0.12718393097744554, 0.9902204848600372, -0.05733793739468848, 0.35879354574528083, 0.8639012266762277, -0.08218627026654665, 0.49691054278107555, -7.354758342735403e-17, 0.0, 0.0, 0.0, 2.0]}
data modify storage ps:ani_data data[-1].frames append value {}
data modify storage ps:ani_data data[-1].frames[-1].part_1 set value {interpolation_duration:1,start_interpolation:0,transformation:[0.5629385671802722, 0.12973945907957932, -0.8162523153650223, -0.0009110457579408575, 0.021591055224389626, 0.9849571039126228, 0.17144483015347964, 0.08301954630528055, 0.8262166761300084, -0.11413665585514707, 0.5516691289848329, -0.0006016489127681528, 0.0, 0.0, 0.0, 2.0]}
data modify storage ps:ani_data data[-1].frames append value {}
data modify storage ps:ani_data data[-1].frames[-1].part_1 set value {interpolation_duration:1,start_interpolation:0,transformation:[0.6056970041610658, -0.03262326312403834, -0.7950263277737722, 0.00037335214038848526, 0.06241535772191197, 0.9980284490375605, 0.006598335557345005, 0.02436330898666091, 0.7932436336150169, -0.053618444725871336, 0.6065390342875081, 0.0002844563441961264, 0.0, 0.0, 0.0, 2.0]}
data modify storage ps:ani_data data[-1].frames append value {}
data modify storage ps:ani_data data[-1].frames[-1].part_1 set value {interpolation_duration:1,start_interpolation:0,transformation:[0.6222083863320742, 0.010441793147616193, -0.7827820213404868, -5.971046614260225e-05, -0.008071567932041276, 0.9999434610521031, 0.006922751639303739, 0.03290513048446511, 0.7828100496091975, 0.002010884134761422, 0.6222574889672617, 0.00017530259517508867, 0.0, 0.0, 0.0, 2.0]}
data modify storage ps:ani_data data[-1].frames append value {}
data modify storage ps:ani_data data[-1].frames[-1].part_1 set value {interpolation_duration:1,start_interpolation:0,transformation:[0.6253899728692052, 0.0012939675911275374, -0.7803112888344802, -1.2615761199672055e-05, -0.0001759413091213988, 0.9999988334845503, 0.0015172587762055094, 0.03116162244928124, 0.7803123418729903, -0.0008115894352069829, 0.6253894710044919, 2.5209032770362818e-05, 0.0, 0.0, 0.0, 2.0]}
data modify storage ps:ani_data data[-1].frames append value {}
data modify storage ps:ani_data data[-1].frames[-1].part_1 set value {interpolation_duration:1,start_interpolation:0,transformation:[0.625394620810332, 8.429224405944256e-05, -0.7803086319888553, -1.400813875686679e-05, -9.862492330940508e-06, 0.9999999949393847, 0.00010011973567714475, 0.031352004576847246, 0.7803086364793308, -5.491855623068185e-05, 0.6253946184767821, -2.6699984213184757e-05, 0.0, 0.0, 0.0, 2.0]}
data modify storage ps:ani_data data[-1].frames append value {}
data modify storage ps:ani_data data[-1].frames[-1].part_1 set value {interpolation_duration:1,start_interpolation:0,transformation:[0.6253955475043739, 4.660832159826151e-05, -0.7803078924305257, -2.3447783324136666e-05, -9.278831216007806e-06, 0.9999999985896232, 5.229394986239155e-05, 0.031357101880351415, 0.7803078937673305, -2.546405817497501e-05, 0.625395547054801, 2.015999996195697e-06, 0.0, 0.0, 0.0, 2.0]}
data modify storage ps:ani_data data[-1].frames append value {}
data modify storage ps:ani_data data[-1].frames[-1].part_1 set value {interpolation_duration:1,start_interpolation:0,transformation:[0.6253944416181644, 4.079055089367704e-06, -0.7803087801482598, 9.021857071520563e-08, 8.355197551569374e-06, 0.9999999998940053, 1.1923932464966865e-05, 0.03136367749452088, 0.7803087801141896, -1.3976795095183482e-05, 0.6253944415177946, 7.6159397874676365e-06, 0.0, 0.0, 0.0, 2.0]}
data modify storage ps:ani_data data[-1].frames append value {}
data modify storage ps:ani_data data[-1].frames[-1].part_1 set value {interpolation_duration:1,start_interpolation:0,transformation:[0.6253973443114692, 2.08626048629698e-05, -0.7803064534482036, 1.0406293728997017e-05, -1.6018241626451467e-05, 0.9999999997751283, 1.3898179409682523e-05, 0.03135812339514972, 0.780306453562687, 3.8072528204329367e-06, 0.6253973445050174, 7.991804821708085e-06, 0.0, 0.0, 0.0, 2.0]}
data modify storage ps:ani_data data[-1].frames append value {}
data modify storage ps:ani_data data[-1].frames[-1].part_1 set value {interpolation_duration:1,start_interpolation:0,transformation:[0.6253972169063009, 1.063458612948325e-05, -0.7803065557668721, 2.1521789889101046e-05, 4.937746609749112e-05, 0.9999999973656214, 5.320359757316603e-05, 0.03135926776853598, 0.7803065542770473, -7.180294235468966e-05, 0.625397214733659, -3.95323508970998e-05, 0.0, 0.0, 0.0, 2.0]}
data modify storage ps:ani_data data[-1].frames append value {}
data modify storage ps:ani_data data[-1].frames[-1].part_1 set value {interpolation_duration:1,start_interpolation:0,transformation:[0.6253977817315014, 1.8089039959082087e-05, -0.7803061029353183, -5.1612901220970104e-05, 2.7866530073347043e-05, 0.999999998575858, 4.551637606336934e-05, 0.03135317919511207, 0.7803061026473993, -5.021026410635129e-05, 0.6253977803367675, -2.1998787179454434e-05, 0.0, 0.0, 0.0, 2.0]}
data modify storage ps:ani_data data[-1].frames append value {}
data modify storage ps:ani_data data[-1].frames[-1].part_1 set value {interpolation_duration:1,start_interpolation:0,transformation:[0.6253978301675389, 1.0677843960795329e-05, -0.7803060642515328, 8.817257069230947e-06, 3.435029055713602e-05, 0.999999998560684, 4.1215162355981555e-05, 0.031354271411611366, 0.7803060635685152, -5.257961313796911e-05, 0.6253978289006068, -2.493787203762804e-05, 0.0, 0.0, 0.0, 2.0]}
data modify storage ps:ani_data data[-1].frames append value {}
data modify storage ps:ani_data data[-1].frames[-1].part_1 set value {interpolation_duration:1,start_interpolation:0,transformation:[0.6253935808621665, 3.821350996979612e-05, -0.7803094690929517, -1.3453162586444765e-05, 9.745678841339822e-06, 0.9999999983403504, 5.678310548556878e-05, 0.031360575805895796, 0.7803094699677932, -4.311643515473028e-05, 0.6253935794518156, 9.764428929598242e-06, 0.0, 0.0, 0.0, 2.0]}
data modify storage ps:ani_data data[-1].frames append value {}
data modify storage ps:ani_data data[-1].frames[-1].part_1 set value {interpolation_duration:1,start_interpolation:0,transformation:[0.6253969183149226, 2.315922344507326e-05, -0.780306794809483, -1.7234107790179314e-05, 1.6001890419420828e-05, 0.9999999989686422, 4.250476427647227e-05, 0.03135451105359072, 0.7803067949890846, -3.90687324162788e-05, 0.6253969172993231, -2.6898305002277655e-05, 0.0, 0.0, 0.0, 2.0]}
data modify storage ps:ani_data data[-1].frames append value {}
data modify storage ps:ani_data data[-1].frames[-1].part_1 set value {interpolation_duration:1,start_interpolation:0,transformation:[0.6254021771953504, 2.322473966953555e-05, -0.7803025799136684, 9.883915184555299e-06, 1.8104194687876733e-05, 0.999999998856024, 4.427403331276422e-05, 0.03135733423173838, 0.7803025800492742, -4.181582664923178e-05, 0.6254021760594406, -3.359647667922377e-05, 0.0, 0.0, 0.0, 2.0]}
data modify storage ps:ani_data data[-1].frames append value {}
data modify storage ps:ani_data data[-1].frames[-1].part_1 set value {interpolation_duration:1,start_interpolation:0,transformation:[0.6254061086040551, 2.7125590193512672e-05, -0.7802994287995697, 1.1113380455478272e-05, 1.8707453139607284e-05, 0.999999998587137, 4.9756983270963324e-05, 0.03135548267408166, 0.7802994290468013, -4.571573628250053e-05, 0.6254061072129913, -2.6492492003261174e-05, 0.0, 0.0, 0.0, 2.0]}
data modify storage ps:ani_data data[-1].frames append value {}
data modify storage ps:ani_data data[-1].frames[-1].part_1 set value {interpolation_duration:1,start_interpolation:0,transformation:[0.6254068375138027, 2.339423932859209e-05, -0.7802988447022674, 2.0312576811134875e-05, 2.2900313244389606e-05, 0.9999999985696203, 4.8335649905735406e-05, 0.0313561525363581, 0.7802988447169196, -4.809853391463756e-05, 0.625406836083498, -9.068672066902298e-06, 0.0, 0.0, 0.0, 2.0]}
data modify storage ps:ani_data data[-1].frames append value {}
data modify storage ps:ani_data data[-1].frames[-1].part_1 set value {interpolation_duration:1,start_interpolation:0,transformation:[0.625440630939809, 3.8652463188607365e-05, -0.7802717575791144, 7.665481250530375e-05, 4.535102908533653e-06, 0.9999999985760658, 5.3172372772767365e-05, 0.03136160370484475, 0.780271758523302, -3.6794775092810044e-05, 0.6254406298739297, -3.813163189120328e-05, 0.0, 0.0, 0.0, 2.0]}
data modify storage ps:ani_data data[-1].frames append value {}
data modify storage ps:ani_data data[-1].frames[-1].part_1 set value {interpolation_duration:1,start_interpolation:0,transformation:[0.6254425836517306, 4.944487307431556e-05, -0.7802701917350503, 5.200427046422223e-05, -5.876503969798448e-06, 0.9999999982623251, 5.865847195945118e-05, 0.03135159135366753, 0.7802701932795553, -3.2102245376135337e-05, 0.6254425828554778, -6.484548520259637e-05, 0.0, 0.0, 0.0, 2.0]}
data modify storage ps:ani_data data[-1].frames append value {}
data modify storage ps:ani_data data[-1].frames[-1].part_1 set value {interpolation_duration:1,start_interpolation:0,transformation:[0.6254424028207685, 2.3763554083255138e-05, -0.7802703378887839, 4.489627020823164e-05, 1.8516334043816585e-05, 0.9999999988026318, 4.5297703621838674e-05, 0.03135746955387376, 0.7802703380309474, -4.277885081633617e-05, 0.6254424016318697, -3.4116019532216044e-05, 0.0, 0.0, 0.0, 2.0]}
data modify storage ps:ani_data data[-1].frames append value {}
data modify storage ps:ani_data data[-1].frames[-1].part_1 set value {interpolation_duration:1,start_interpolation:0,transformation:[0.6254396558159899, 2.8305696017353338e-05, -0.7802725396498092, 3.552252372276099e-05, 2.612521229912573e-05, 0.9999999980218012, 5.7217750825732016e-05, 0.03135378356494842, 0.7802725397258634, -5.6171036132540185e-05, 0.6254396538392536, -2.9154326010219992e-05, 0.0, 0.0, 0.0, 2.0]}
data modify storage ps:ani_data data[-1].frames append value {}
data modify storage ps:ani_data data[-1].frames[-1].part_1 set value {interpolation_duration:1,start_interpolation:0,transformation:[0.6254395019294595, 2.4448759771890398e-05, -0.7802726631303234, -3.674302313405598e-05, 2.419931074793955e-05, 0.9999999984203825, 5.073093863841647e-05, 0.03136016306565535, 0.7802726631380997, -5.061119363763824e-05, 0.6254395003498613, 3.320215658280637e-06, 0.0, 0.0, 0.0, 2.0]}
data modify storage ps:ani_data data[-1].frames append value {}
data modify storage ps:ani_data data[-1].frames[-1].part_1 set value {interpolation_duration:1,start_interpolation:0,transformation:[0.6254307191452192, 3.821369592238109e-05, -0.7802797024716246, 3.362007862728642e-05, 3.2231116795012138e-06, 0.9999999986657007, 5.1557830864441024e-05, 0.031354010733078246, 0.7802797034007135, -3.4760779857428966e-05, 0.6254307181875406, 2.8917986271826373e-05, 0.0, 0.0, 0.0, 2.0]}
data modify storage ps:ani_data data[-1].frames append value {}
data modify storage ps:ani_data data[-1].frames[-1].part_1 set value {interpolation_duration:1,start_interpolation:0,transformation:[0.6254312465023177, 2.8148770729983025e-05, -0.7802792801979327, 6.467325415392436e-05, -1.466685850405615e-06, 0.9999999993899321, 3.4899631765508484e-05, 0.031352830551424044, 0.7802792807042911, -2.0682895617942876e-05, 0.6254312461620477, 3.742165366031424e-05, 0.0, 0.0, 0.0, 2.0]}
data modify storage ps:ani_data data[-1].frames append value {}
data modify storage ps:ani_data data[-1].frames[-1].part_1 set value {interpolation_duration:1,start_interpolation:0,transformation:[0.625433225391695, 8.301083679699118e-06, -0.7802776944826972, 3.2009497212251546e-05, 3.7230127301486106e-05, 0.9999999984876227, 4.048051416873743e-05, 0.0313540780828565, 0.7802776936386551, -5.436769643816857e-05, 0.6254332241367536, 3.495604831164104e-05, 0.0, 0.0, 0.0, 2.0]}
data modify storage ps:ani_data data[-1].frames append value {}
data modify storage ps:ani_data data[-1].frames[-1].part_1 set value {interpolation_duration:1,start_interpolation:0,transformation:[0.6254323438366403, 9.266425784909188e-06, -0.7802784010833184, 8.693334608455364e-05, 4.1841872188264836e-05, 0.9999999980934059, 4.5414157192181e-05, 0.03135622557330661, 0.7802784000164713, -6.105179190546324e-05, 0.6254323422564702, 8.846125104937464e-07, 0.0, 0.0, 0.0, 2.0]}
data modify storage ps:ani_data data[-1].frames append value {}
data modify storage ps:ani_data data[-1].frames[-1].part_1 set value {interpolation_duration:1,start_interpolation:0,transformation:[0.6254211698009347, 2.892896864713806e-05, -0.7802873570217222, 6.578841964327258e-05, 4.929626869609884e-06, 0.9999999991462835, 4.102599040961171e-05, 0.031359818538100576, 0.7802873575424176, -2.950504843541244e-05, 0.625421169124393, -1.7071138741856924e-05, 0.0, 0.0, 0.0, 2.0]}
data modify storage ps:ani_data data[-1].frames append value {}
data modify storage ps:ani_data data[-1].frames[-1].part_1 set value {interpolation_duration:1,start_interpolation:0,transformation:[0.625427333538332, 2.0290961016363338e-05, -0.7802824168539298, 5.466666663126986e-05, 2.7262416613621915e-05, 0.9999999984832556, 4.785654617800548e-05, 0.031353434548384886, 0.780282416641496, -5.120317639301963e-05, 0.6254273320365378, -3.347902202983992e-05, 0.0, 0.0, 0.0, 2.0]}
data modify storage ps:ani_data data[-1].frames append value {}
data modify storage ps:ani_data data[-1].frames[-1].part_1 set value {interpolation_duration:1,start_interpolation:0,transformation:[0.6254263630392537, 2.951211368799205e-05, -0.7802831944521978, -5.773381558171652e-06, 9.10062152902207e-06, 0.9999999989408265, 4.511680186286939e-05, 0.03135890654532451, 0.7802831949572349, -3.5318299339222825e-05, 0.6254263621082402, -4.832072080478455e-05, 0.0, 0.0, 0.0, 2.0]}
data modify storage ps:ani_data data[-1].frames append value {}
data modify storage ps:ani_data data[-1].frames[-1].part_1 set value {interpolation_duration:1,start_interpolation:0,transformation:[0.6254251361216305, 2.4618576330686768e-05, -0.7802841780410296, 5.0977625011346104e-06, 2.058310514173963e-05, 0.9999999986338213, 4.804886307737013e-05, 0.03135780408412405, 0.7802841781579165, -4.61116380077082e-05, 0.6254251347604611, -2.4147437023288127e-05, 0.0, 0.0, 0.0, 2.0]}
data modify storage ps:ani_data data[-1].frames append value {}
data modify storage ps:ani_data data[-1].frames[-1].part_1 set value {interpolation_duration:1,start_interpolation:0,transformation:[0.6254249056939982, 2.5754655902813366e-05, -0.780284362700132, -1.1552176629570403e-05, 1.605893535636443e-05, 0.9999999988186344, 4.5878548532370686e-05, 0.03136083795545297, 0.7802843629599173, -4.122412302941889e-05, 0.6254249045415504, -1.713555243710987e-05, 0.0, 0.0, 0.0, 2.0]}
data modify storage ps:ani_data data[-1].frames append value {}
data modify storage ps:ani_data data[-1].frames[-1].part_1 set value {interpolation_duration:1,start_interpolation:0,transformation:[0.625424598531759, 2.8117034162849733e-05, -0.7802846088196411, 2.6314843394166008e-05, 1.2010848675303106e-05, 0.9999999988853866, 4.5661434224858214e-05, 0.031356820474823216, 0.7802846092337892, -3.7929664528667054e-05, 0.6254245974969429, -6.406441725131511e-05, 0.0, 0.0, 0.0, 2.0]}
data modify storage ps:ani_data data[-1].frames append value {}
data modify storage ps:ani_data data[-1].frames[-1].part_1 set value {interpolation_duration:1,start_interpolation:0,transformation:[0.6254208216443652, 4.027843678908602e-05, -0.7802876355750707, -1.9316099148622614e-05, 1.1715087109337591e-05, 0.9999999980702721, 6.100993267928923e-05, 0.031361034767778254, 0.7802876365267131, -4.729801984584951e-05, 0.625420819965608, -5.9177404677583326e-05, 0.0, 0.0, 0.0, 2.0]}
data modify storage ps:ani_data data[-1].frames append value {}
data modify storage ps:ani_data data[-1].frames[-1].part_1 set value {interpolation_duration:1,start_interpolation:0,transformation:[0.6254198322531468, 2.2578003192156778e-05, -0.7802884293097518, -1.5316056968864878e-05, 1.884366192853636e-05, 0.9999999988527366, 4.403910369276139e-05, 0.03135557351011345, 0.7802884294088708, -4.224642021276737e-05, 0.6254198311101733, -6.807435068127455e-05, 0.0, 0.0, 0.0, 2.0]}
data modify storage ps:ani_data data[-1].frames append value {}
data modify storage ps:ani_data data[-1].frames[-1].part_1 set value {interpolation_duration:1,start_interpolation:0,transformation:[0.6254190039255065, 2.84998176871014e-05, -0.780289093039617, -8.262772837635552e-07, -7.326675972000342e-08, 0.9999999993351139, 3.6465965624900336e-05, 0.03135265221247631, 0.7802890935600866, -2.2749338644815056e-05, 0.625419003511762, -3.402243303822256e-05, 0.0, 0.0, 0.0, 2.0]}
data modify storage ps:ani_data data[-1].frames append value {}
data modify storage ps:ani_data data[-1].frames[-1].part_1 set value {interpolation_duration:1,start_interpolation:0,transformation:[0.6254186986122982, 3.4160358693050995e-05, -0.7802893375275413, -2.1132838734503308e-05, 9.39771537464368e-06, 0.9999999986394034, 5.131156308373594e-05, 0.031358943785488, 0.7802893382187034, -3.9424148111546066e-05, 0.6254186974403262, 3.0274259253769604e-05, 0.0, 0.0, 0.0, 2.0]}
data modify storage ps:ani_data data[-1].frames append value {}
data modify storage ps:ani_data data[-1].frames[-1].part_1 set value {interpolation_duration:1,start_interpolation:0,transformation:[0.6254186986122982, 3.4160358693050995e-05, -0.7802893375275413, -2.1132838734503308e-05, 9.39771537464368e-06, 0.9999999986394034, 5.131156308373594e-05, 0.031358943785488, 0.7802893382187034, -3.9424148111546066e-05, 0.6254186974403262, 3.0274259253769604e-05, 0.0, 0.0, 0.0, 2.0]}
data modify storage ps:ani_data data[-1].frames[-1].is_last set value 1
data modify storage ps:ani_data data[-1].frames[-1].keep_alive set value 1
