data modify storage ps:ani_data data append value {ani_tag:'coin',height:0.1,width:0.3}
data modify storage ps:ani_data data[-1].parts.part_1 set value {name:'coin',init_pos:[1.0, 0.0, 0.0, 0.0, 0.0, 1.0, 0.0, 0.03125, 0.0, 0.0, 1.0, 0.0, 0.0, 0.0, 0.0, 2.0],item_model:'cointosser:test_coin'}
data modify storage ps:ani_data data[-1].frames append value {}
data modify storage ps:ani_data data[-1].frames[-1].part_1 set value {interpolation_duration:1,start_interpolation:0,transformation:[0.9971123886611635, -0.0344925612976001, -0.06765461989812699, 0.0011498746032531232, -0.013883400199932665, 0.7930819212854132, -0.6089567450395194, 0.24778543017137844, 0.07466013378850356, 0.6081375908011022, 0.7903129349044679, 9.49425352227873e-06, 0.0, 0.0, 0.0, 2.0]}
data modify storage ps:ani_data data[-1].frames append value {}
data modify storage ps:ani_data data[-1].frames[-1].part_1 set value {interpolation_duration:1,start_interpolation:0,transformation:[0.9817178508534389, 0.004989382041289548, -0.1902765549996913, 0.00033041384061931666, -0.17897489092313432, 0.3644795213871895, -0.913850462005911, 0.5309975468628849, 0.06479235861393427, 0.9311980372381649, 0.3587090265229354, -0.00011465483614720373, 0.0, 0.0, 0.0, 2.0]}
data modify storage ps:ani_data data[-1].frames append value {}
data modify storage ps:ani_data data[-1].frames[-1].part_1 set value {interpolation_duration:1,start_interpolation:0,transformation:[0.9426343884544967, -0.022498551528158724, -0.3330678983062636, 8.299970163125755e-05, -0.33213427058029543, -0.1635529392667131, -0.9289441653637283, 0.7875570184001508, -0.03357433557215789, 0.9862779786836741, -0.1616431648865318, -3.0234121400796993e-05, 0.0, 0.0, 0.0, 2.0]}
data modify storage ps:ani_data data[-1].frames append value {}
data modify storage ps:ani_data data[-1].frames[-1].part_1 set value {interpolation_duration:1,start_interpolation:0,transformation:[0.88235959542985, -0.12960003080451493, -0.45237747111050935, 2.0584347413172938e-05, -0.42621684522292935, -0.6275548612572285, -0.6515474633214634, 1.0181813485109932, -0.19945110980158645, 0.7677100547263199, -0.6089667697592588, -7.263195354282329e-06, 0.0, 0.0, 0.0, 2.0]}
data modify storage ps:ani_data data[-1].frames append value {}
data modify storage ps:ani_data data[-1].frames[-1].part_1 set value {interpolation_duration:1,start_interpolation:0,transformation:[0.8119027632686351, -0.30147187080997906, -0.4999286090104123, 5.086999343343881e-06, -0.43274552364856017, -0.8855788338012807, -0.16876445385594974, 1.2231497086369243, -0.3918484589211599, 0.35336219412027486, -0.8494645048544506, -1.70182129143012e-06, 0.0, 0.0, 0.0, 2.0]}
data modify storage ps:ani_data data[-1].frames append value {}
data modify storage ps:ani_data data[-1].frames[-1].part_1 set value {interpolation_duration:1,start_interpolation:0,transformation:[0.748426291448671, -0.4949526282062934, -0.4414521288883669, 1.2527051325817813e-06, -0.3503126182589301, -0.8602149476812605, 0.37055541188100194, 1.4025975246419926, -0.563151094962055, -0.12268716158347058, -0.8171956342428838, -3.879007614015579e-07, 0.0, 0.0, 0.0, 2.0]}
data modify storage ps:ani_data data[-1].frames append value {}
data modify storage ps:ani_data data[-1].frames[-1].part_1 set value {interpolation_duration:1,start_interpolation:0,transformation:[0.7099230862051542, -0.6491843868600652, -0.27307296374791556, 3.070485646991106e-07, -0.20457459827835145, -0.5610981650885192, 0.8020711208325285, 1.5566130072745974, -0.6739127876900691, -0.513545013598047, -0.5311431761741663, -8.47081362560441e-08, 0.0, 0.0, 0.0, 2.0]}
data modify storage ps:ani_data data[-1].frames append value {}
data modify storage ps:ani_data data[-1].frames[-1].part_1 set value {interpolation_duration:1,start_interpolation:0,transformation:[0.708671868598146, -0.7049603466895668, -0.028549820541250527, 7.47831352115657e-08, -0.04005280285893602, -0.08059779569359357, 0.9959416490500219, 1.685268783557536, -0.7044004227999546, -0.7046523291132013, -0.08535302826839497, -1.7169057964352302e-08, 0.0, 0.0, 0.0, 2.0]}
data modify storage ps:ani_data data[-1].frames append value {}
data modify storage ps:ani_data data[-1].frames[-1].part_1 set value {interpolation_duration:1,start_interpolation:0,transformation:[0.7458584226204943, -0.6263799286967837, 0.22659081696282396, 1.8054542682439366e-08, 0.09358193653834083, 0.43533669813901854, 0.8953906300644153, 1.7886322620494788, -0.6594980171007353, -0.6466298355158296, 0.38331738971897544, -2.9818947813164473e-09, 0.0, 0.0, 0.0, 2.0]}
data modify storage ps:ani_data data[-1].frames append value {}
data modify storage ps:ani_data data[-1].frames[-1].part_1 set value {interpolation_duration:1,start_interpolation:0,transformation:[0.8095207690818453, -0.4169315804497105, 0.41333301543530776, 4.305322015645074e-09, 0.15648650430034483, 0.8318002283406875, 0.5325601882456464, 1.8667690296206942, -0.5658516575896865, -0.3664374944735962, 0.7386037261258008, -3.1683287472535755e-10, 0.0, 0.0, 0.0, 2.0]}
data modify storage ps:ani_data data[-1].frames append value {}
data modify storage ps:ani_data data[-1].frames[-1].part_1 set value {interpolation_duration:1,start_interpolation:0,transformation:[0.8769213930521278, -0.12353064609827744, 0.46448794374241525, 1.008521855242499e-09, 0.1303797006778885, 0.9913098384204865, 0.017491080638238655, 1.9197439647946304, -0.4626121529517564, 0.045221496274352686, 0.8854066931168123, 6.106370754444733e-11, 0.0, 0.0, 0.0, 2.0]}
data modify storage ps:ani_data data[-1].frames append value {}
data modify storage ps:ani_data data[-1].frames[-1].part_1 set value {interpolation_duration:1,start_interpolation:0,transformation:[0.92092686579703, 0.17409067261453806, 0.34869204975433044, 2.300237008228438e-10, 0.023627003149587156, 0.8681050815597259, -0.49581784164383524, 1.9476216028530626, -0.38901860183727477, 0.4648505190690869, 0.795348051073096, 6.118401864875191e-11, 0.0, 0.0, 0.0, 2.0]}
data modify storage ps:ani_data data[-1].frames append value {}
data modify storage ps:ani_data data[-1].frames[-1].part_1 set value {interpolation_duration:1,start_interpolation:0,transformation:[0.9185188941096245, 0.3862217192922377, 0.08459210785043918, 5.029015426614521e-11, -0.13166092072756042, 0.5005268652693966, -0.8556507810414027, 1.9504662557583965, -0.3728115383364676, 0.7747939343403115, 0.5105936899264005, 3.033093149059561e-11, 0.0, 0.0, 0.0, 2.0]}
data modify storage ps:ani_data data[-1].frames append value {}
data modify storage ps:ani_data data[-1].frames[-1].part_1 set value {interpolation_duration:1,start_interpolation:0,transformation:[0.8586924437580942, 0.44139398390087814, -0.2604201182874769, 1.0215125600738254e-11, -0.2894600248753051, -0.0016177560671470433, -0.9571887362816672, 1.928342051733724, -0.42291864587877864, 0.8973119490129496, 0.1263767586490552, 1.2506545261939325e-11, 0.0, 0.0, 0.0, 2.0]}
data modify storage ps:ani_data data[-1].frames append value {}
data modify storage ps:ani_data data[-1].frames[-1].part_1 set value {interpolation_duration:1,start_interpolation:0,transformation:[0.7470401822994046, 0.3108789299571417, -0.5876097828821221, 1.7830862216252546e-12, -0.40353823854078286, -0.4903699403377966, -0.7724598446835331, 1.8813129485156126, -0.5282876641238884, 0.8141815599249397, -0.24087451382974728, 4.739417020404516e-12, 0.0, 0.0, 0.0, 2.0]}
data modify storage ps:ani_data data[-1].frames append value {}
data modify storage ps:ani_data data[-1].frames[-1].part_1 set value {interpolation_duration:1,start_interpolation:0,transformation:[0.6052907791981025, 0.02111282824089823, -0.7957244002174525, 1.9370180591385827e-13, -0.4409380578469678, -0.8233710462303012, -0.3572586589178256, 1.8094427379792384, -0.6627191726213283, 0.5671105436449666, -0.4890694526616975, 1.7132224859828692e-12, 0.0, 0.0, 0.0, 2.0]}
data modify storage ps:ani_data data[-1].frames append value {}
data modify storage ps:ani_data data[-1].frames[-1].part_1 set value {interpolation_duration:1,start_interpolation:0,transformation:[0.4656575023125455, -0.35070762812654194, -0.8125067692726605, -3.4024296247487274e-14, -0.3913268965412101, -0.9050837614295142, 0.1663930432440807, 1.7127950479356984, -0.793741992453131, 0.2404735835189734, -0.5587003714390001, 6.014642571695995e-13, 0.0, 0.0, 0.0, 2.0]}
data modify storage ps:ani_data data[-1].frames append value {}
data modify storage ps:ani_data data[-1].frames[-1].part_1 set value {interpolation_duration:1,start_interpolation:0,transformation:[0.3615450276147036, -0.6973190283079234, -0.6188952785138828, -3.5453694519806395e-14, -0.269617170324048, -0.7136324687395987, 0.6465564793790863, 1.5914333430019703, -0.8925199014439599, -0.06689448647175064, -0.44601945384270425, 2.071505021231809e-13, 0.0, 0.0, 0.0, 2.0]}
data modify storage ps:ani_data data[-1].frames append value {}
data modify storage ps:ani_data data[-1].frames[-1].part_1 set value {interpolation_duration:1,start_interpolation:0,transformation:[0.3173985797822691, -0.9125540006870901, -0.25788240998987205, -1.7644428014322775e-14, -0.11127258922550032, -0.30590533596619174, 0.9455370623695638, 1.4454209251662828, -0.9417412343309872, -0.2714168772523132, -0.19863616564802863, 7.042974145559916e-14, 0.0, 0.0, 0.0, 2.0]}
data modify storage ps:ani_data data[-1].frames append value {}
data modify storage ps:ani_data data[-1].frames[-1].part_1 set value {interpolation_duration:1,start_interpolation:0,transformation:[0.3408482697486209, -0.9236148974995498, 0.17537952596088965, -7.246733406383592e-15, 0.03817038496830509, 0.19999272910264398, 0.979053588940589, 1.2748209342529608, -0.9393431102215752, -0.3270144177600914, 0.10342191187696036, 2.373656958020139e-14, 0.0, 0.0, 0.0, 2.0]}
data modify storage ps:ani_data data[-1].frames append value {}
data modify storage ps:ani_data data[-1].frames[-1].part_1 set value {interpolation_duration:1,start_interpolation:0,transformation:[0.4196712934550897, -0.7144728830178467, 0.5598254235758662, -2.704147092161753e-15, 0.13623330018572963, 0.6593623725146918, 0.739379300246025, 1.0796963483536106, -0.8973942797735212, -0.23402940230655428, 0.3740504584755915, 7.952002674296242e-15, 0.0, 0.0, 0.0, 2.0]}
data modify storage ps:ani_data data[-1].frames append value {}
data modify storage ps:ani_data data[-1].frames[-1].part_1 set value {interpolation_duration:1,start_interpolation:0,transformation:[0.5246559034991838, -0.3329223298362718, 0.7835170101662394, -9.358337034054352e-16, 0.15548705151682948, 0.9423544644269501, 0.2962968784600984, 0.8601099842465639, -0.8369945995847625, -0.0336271567484405, 0.5461769444007664, 2.6549251423385715e-15, 0.0, 0.0, 0.0, 2.0]}
data modify storage ps:ani_data data[-1].frames append value {}
data modify storage ps:ani_data data[-1].frames[-1].part_1 set value {interpolation_duration:1,start_interpolation:0,transformation:[0.617652303476442, 0.12129213455199103, 0.7770417299643995, -2.89042738891056e-16, 0.09104733337145644, 0.9703638458885931, -0.2238400984592464, 0.6161244978117619, -0.7811632448446303, 0.20900292985534907, 0.5883041392134581, 8.92005868947316e-16, 0.0, 0.0, 0.0, 2.0]}
data modify storage ps:ani_data data[-1].frames append value {}
data modify storage ps:ani_data data[-1].frames[-1].part_1 set value {interpolation_duration:1,start_interpolation:0,transformation:[0.6624980293868863, 0.5241175754871794, 0.5351608432274665, -6.082409729015105e-17, -0.038417973420405205, 0.7372739094421716, -0.6745007351916865, 0.34780238444343303, -0.7480778170596702, 0.4262956128337439, 0.5085780472080381, 3.1744698888936003e-16, 0.0, 0.0, 0.0, 2.0]}
data modify storage ps:ani_data data[-1].frames append value {}
data modify storage ps:ani_data data[-1].frames[-1].part_1 set value {interpolation_duration:1,start_interpolation:0,transformation:[0.6374237265504754, 0.4428863107290052, 0.630509879858639, 0.0020555089660047256, -0.28891864232071923, 0.8959769460334668, -0.33727041123717705, 0.17566997425766384, -0.7142947647505593, 0.03281810392745493, 0.6990750754422229, 0.004295480593702964, 0.0, 0.0, 0.0, 2.0]}
data modify storage ps:ani_data data[-1].frames append value {}
data modify storage ps:ani_data data[-1].frames[-1].part_1 set value {interpolation_duration:1,start_interpolation:0,transformation:[0.7638125457804961, -0.11508093417301699, 0.6350958774060677, 0.0013698098542507717, -0.14069631197492957, 0.930626840842343, 0.3378435006041316, 0.10478727536402202, -0.6299166156762103, -0.3474047519733521, 0.6946329934586775, -0.00046936851582511717, 0.0, 0.0, 0.0, 2.0]}
data modify storage ps:ani_data data[-1].frames append value {}
data modify storage ps:ani_data data[-1].frames[-1].part_1 set value {interpolation_duration:1,start_interpolation:0,transformation:[0.8225250291518924, -0.03219634172852576, 0.5678168472297899, 0.0007450191400169023, 0.024043438835684192, 0.9994722513804087, 0.021843346115742096, 0.08287354977709908, -0.5682204585085202, -0.004314429264385153, 0.8228650534762605, -0.0010063621034724557, 0.0, 0.0, 0.0, 2.0]}
data modify storage ps:ani_data data[-1].frames append value {}
data modify storage ps:ani_data data[-1].frames[-1].part_1 set value {interpolation_duration:1,start_interpolation:0,transformation:[0.8633137088170175, -0.017603700611711067, 0.5043605356224642, 0.0006920469564412508, 0.0656332823821806, 0.994820114065576, -0.07762224484189512, 0.05287628206899754, -0.5003815668191094, 0.10011518553809615, 0.8599972309329407, -7.328152762638611e-05, 0.0, 0.0, 0.0, 2.0]}
data modify storage ps:ani_data data[-1].frames append value {}
data modify storage ps:ani_data data[-1].frames[-1].part_1 set value {interpolation_duration:1,start_interpolation:0,transformation:[0.8776557719763024, 0.004585889391173456, 0.4792695645825763, 6.702926594402627e-05, -0.0007727811465509729, 0.9999664648825238, -0.008153031316504172, 0.03034091591460043, -0.47929088112124557, 0.00678518451040833, 0.8776298835757473, 0.0004249923592300138, 0.0, 0.0, 0.0, 2.0]}
data modify storage ps:ani_data data[-1].frames append value {}
data modify storage ps:ani_data data[-1].frames[-1].part_1 set value {interpolation_duration:1,start_interpolation:0,transformation:[0.8777345125563342, 0.0016942694489400774, 0.47914429446517315, 6.0084838155820366e-05, -0.0006516787567804634, 0.9999970446452259, -0.002342224500657865, 0.03099753433701368, -0.4791468467832092, 0.0017436031222469181, 0.8777330226588603, 0.00034104141004056985, 0.0, 0.0, 0.0, 2.0]}
data modify storage ps:ani_data data[-1].frames append value {}
data modify storage ps:ani_data data[-1].frames[-1].part_1 set value {interpolation_duration:1,start_interpolation:0,transformation:[0.8776890027317691, 0.0004478473501658924, 0.47923043926326614, 2.1323820790822562e-05, -0.0002412810395967741, 0.9999998495554435, -0.0004926180568388929, 0.03129862986725372, -0.47923058778334676, 0.0003167362324427304, 0.8776889787453107, 0.00028782045101303106, 0.0, 0.0, 0.0, 2.0]}
data modify storage ps:ani_data data[-1].frames append value {}
data modify storage ps:ani_data data[-1].frames[-1].part_1 set value {interpolation_duration:1,start_interpolation:0,transformation:[0.8777453292956525, 5.769771168061759e-06, 0.479127474547616, 2.8765882582284234e-05, 2.5161164482950072e-05, 0.9999999979935228, -5.8136648889387996e-05, 0.03135786065333619, -0.4791274739216928, 6.308457721895462e-05, 0.8777453273893023, 0.00018508652717965144, 0.0, 0.0, 0.0, 2.0]}
data modify storage ps:ani_data data[-1].frames append value {}
data modify storage ps:ani_data data[-1].frames[-1].part_1 set value {interpolation_duration:1,start_interpolation:0,transformation:[0.8777452137957439, -4.645646528946455e-05, 0.479127683922001, 1.7127048267679052e-05, 5.996708446111833e-05, 0.9999999981188066, -1.2897096904061888e-05, 0.031355831928662335, -0.4791276824215156, 4.0052255368810864e-05, 0.8777452149303939, 0.00014336286759475566, 0.0, 0.0, 0.0, 2.0]}
data modify storage ps:ani_data data[-1].frames append value {}
data modify storage ps:ani_data data[-1].frames[-1].part_1 set value {interpolation_duration:1,start_interpolation:0,transformation:[0.8777447704930027, 5.20469403678624e-05, 0.47912849546160585, 1.8005316668920786e-06, -3.0478345048854837e-05, 0.9999999981419735, -5.279321211499748e-05, 0.03135448548866442, -0.47912849731909773, 3.173592224404937e-05, 0.8777447704484344, 0.00010867817685491841, 0.0, 0.0, 0.0, 2.0]}
data modify storage ps:ani_data data[-1].frames append value {}
data modify storage ps:ani_data data[-1].frames[-1].part_1 set value {interpolation_duration:1,start_interpolation:0,transformation:[0.8777113924781609, -5.051213631709182e-05, 0.4791896377871417, 4.8185202567437556e-05, 6.000135904500835e-05, 0.9999999981898368, -4.490372918446919e-06, 0.03135433655441377, -0.47918963669291187, 3.269328097451005e-05, 0.8777113939201568, 6.914799412203679e-05, 0.0, 0.0, 0.0, 2.0]}
data modify storage ps:ani_data data[-1].frames append value {}
data modify storage ps:ani_data data[-1].frames[-1].part_1 set value {interpolation_duration:1,start_interpolation:0,transformation:[0.8777104127383177, -4.4409240451168736e-05, 0.479191432935263, 4.9530069466384686e-05, 5.640307458581158e-05, 0.999999998352792, -1.063526003624071e-05, 0.031356820394014676, -0.4791914316736313, 3.636254860871774e-05, 0.877710413797364, 3.089892984106653e-05, 0.0, 0.0, 0.0, 2.0]}
data modify storage ps:ani_data data[-1].frames append value {}
data modify storage ps:ani_data data[-1].frames[-1].part_1 set value {interpolation_duration:1,start_interpolation:0,transformation:[0.877709050122212, -4.837326844018425e-05, 0.4791939283772183, 7.079429739914437e-05, 6.0048458774269515e-05, 0.9999999981562325, -9.03977931386007e-06, 0.03135634015342039, -0.4791939270564125, 3.6709152967922194e-05, 0.877709051408661, 3.083294142716853e-05, 0.0, 0.0, 0.0, 2.0]}
data modify storage ps:ani_data data[-1].frames append value {}
data modify storage ps:ani_data data[-1].frames[-1].part_1 set value {interpolation_duration:1,start_interpolation:0,transformation:[0.877708447620216, -3.331293474998078e-05, 0.4791950332238001, 4.6604526020763734e-05, 4.958832030436161e-05, 0.999999998543463, -2.1308970721754247e-05, 0.031360925255947594, -0.4791950318159705, 4.246554040833656e-05, 0.8777084479937337, 3.8146813095589214e-05, 0.0, 0.0, 0.0, 2.0]}
data modify storage ps:ani_data data[-1].frames append value {}
data modify storage ps:ani_data data[-1].frames[-1].part_1 set value {interpolation_duration:1,start_interpolation:0,transformation:[0.877708978049318, 3.29045408627369e-05, 0.47919406170038525, 3.806765244468809e-05, -8.701964333437041e-06, 0.9999999985720385, -5.272759120588979e-05, 0.03136559996294034, -0.4791940627510917, 4.2109550558612155e-05, 0.8777089770823174, 2.699365427270877e-05, 0.0, 0.0, 0.0, 2.0]}
data modify storage ps:ani_data data[-1].frames append value {}
data modify storage ps:ani_data data[-1].frames[-1].part_1 set value {interpolation_duration:1,start_interpolation:0,transformation:[0.8777094404288, 4.441057292450962e-05, 0.47919321386040437, -3.482410651444775e-05, -2.2767288836453335e-05, 0.9999999984415322, -5.097632396290347e-05, 0.031360943256402145, -0.4791932153774851, 3.383247047216905e-05, 0.8777094400720267, 8.191994536045675e-05, 0.0, 0.0, 0.0, 2.0]}
data modify storage ps:ani_data data[-1].frames append value {}
data modify storage ps:ani_data data[-1].frames[-1].part_1 set value {interpolation_duration:1,start_interpolation:0,transformation:[0.8777075103889864, 5.5377157852420915e-05, 0.47919674783969196, -2.1855545714556856e-05, -3.412380647832778e-05, 0.9999999980100727, -5.306053646599825e-05, 0.03135725685529142, -0.47919674982446697, 3.0219614273149673e-05, 0.8777075105320917, 2.966357649586348e-05, 0.0, 0.0, 0.0, 2.0]}
data modify storage ps:ani_data data[-1].frames append value {}
data modify storage ps:ani_data data[-1].frames[-1].part_1 set value {interpolation_duration:1,start_interpolation:0,transformation:[0.8777069523343253, 5.15311045950805e-05, 0.4791977704127339, -1.9658178567922615e-06, -3.06614345489659e-05, 0.9999999982101824, -5.137617858587546e-05, 0.03135841131716141, -0.4791977722025287, 3.0400338055672353e-05, 0.8777069523434078, 2.314943324269367e-06, 0.0, 0.0, 0.0, 2.0]}
data modify storage ps:ani_data data[-1].frames append value {}
data modify storage ps:ani_data data[-1].frames[-1].part_1 set value {interpolation_duration:1,start_interpolation:0,transformation:[0.8777062648461197, 5.7740924763023685e-05, 0.47919902891790006, -8.807723892435292e-06, -3.772200138896159e-05, 0.9999999979674105, -5.1402624416116286e-05, 0.03135601497727875, -0.4791990309119201, 2.7040059045127317e-05, 0.8777062652402066, 1.0275447171432316e-05, 0.0, 0.0, 0.0, 2.0]}
data modify storage ps:ani_data data[-1].frames append value {}
data modify storage ps:ani_data data[-1].frames[-1].part_1 set value {interpolation_duration:1,start_interpolation:0,transformation:[0.8777062245103313, 3.916926892051414e-05, 0.47919910467527804, -4.3115044389705205e-05, -1.6235915307528128e-05, 0.9999999985161375, -5.200115086449973e-05, 0.031362989665814904, -0.4791991060010595, 3.7861497716521096e-05, 0.8777062238438849, 1.5362161665290312e-05, 0.0, 0.0, 0.0, 2.0]}
data modify storage ps:ani_data data[-1].frames append value {}
data modify storage ps:ani_data data[-1].frames[-1].part_1 set value {interpolation_duration:1,start_interpolation:0,transformation:[0.8777065070360711, 4.8230429815201494e-05, 0.47919858637141755, -5.571160147592963e-05, -2.6240123437955132e-05, 0.9999999982730662, -5.258634595690627e-05, 0.03135999863960596, -0.4791985880801353, 3.3581147969947014e-05, 0.8777065067859022, -2.924000007455252e-05, 0.0, 0.0, 0.0, 2.0]}
data modify storage ps:ani_data data[-1].frames append value {}
data modify storage ps:ani_data data[-1].frames[-1].part_1 set value {interpolation_duration:1,start_interpolation:0,transformation:[0.8777064157710667, 6.069226669195803e-05, 0.47919875211727797, -2.6892088014004186e-05, -4.194248929579872e-05, 0.9999999978788369, -4.983125375302293e-05, 0.03135427403898443, -0.47919875412519086, 2.3638422593705228e-05, 0.8777064164548928, -2.4787378667231785e-05, 0.0, 0.0, 0.0, 2.0]}
data modify storage ps:ani_data data[-1].frames append value {}
data modify storage ps:ani_data data[-1].frames[-1].part_1 set value {interpolation_duration:1,start_interpolation:0,transformation:[0.8777049431217007, 3.438666290971708e-05, 0.4792014520400468, -4.774526705171699e-06, -1.1545310698535825e-05, 0.9999999986525716, -5.061188043181456e-05, 0.03136470543709284, -0.47920145313473095, 3.8889767984696263e-05, 0.8777049423360609, -3.8160176554111175e-05, 0.0, 0.0, 0.0, 2.0]}
data modify storage ps:ani_data data[-1].frames append value {}
data modify storage ps:ani_data data[-1].frames[-1].part_1 set value {interpolation_duration:1,start_interpolation:0,transformation:[0.87770670019069, 3.9094845617981944e-05, 0.4791982334190763, -9.21728708490103e-06, -1.6900689847052282e-05, 0.9999999985755705, -5.06283102769171e-05, 0.0313626568707121, -0.47919823471579803, 3.633802643111211e-05, 0.8777066996011881, -2.1353137373071276e-05, 0.0, 0.0, 0.0, 2.0]}
data modify storage ps:ani_data data[-1].frames append value {}
data modify storage ps:ani_data data[-1].frames[-1].part_1 set value {interpolation_duration:1,start_interpolation:0,transformation:[0.8777065796490827, 5.0212093289493514e-05, 0.47919845316888693, 4.5817139183544286e-05, -2.9311805127658416e-05, 0.9999999982650292, -5.109559268925708e-05, 0.03135894957351357, -0.4791984549031082, 3.080076621766874e-05, 0.8777065795980943, 2.5877849548078038e-06, 0.0, 0.0, 0.0, 2.0]}
data modify storage ps:ani_data data[-1].frames append value {}
data modify storage ps:ani_data data[-1].frames[-1].part_1 set value {interpolation_duration:1,start_interpolation:0,transformation:[0.8777065262369019, 4.802184430980079e-05, 0.47919855122386623, 3.6231837711613117e-05, -2.566494555399196e-05, 0.999999998255292, -5.320457241084703e-05, 0.03136057981533695, -0.4791985529427864, 3.4399395703931916e-05, 0.8777065259380384, 6.0069476547345236e-06, 0.0, 0.0, 0.0, 2.0]}
data modify storage ps:ani_data data[-1].frames append value {}
data modify storage ps:ani_data data[-1].frames[-1].part_1 set value {interpolation_duration:1,start_interpolation:0,transformation:[0.8777067059674218, 4.595229401256539e-05, 0.4791982222298031, -6.170709145592946e-06, -2.4170803561074635e-05, 0.9999999983754442, -5.162251531032153e-05, 0.03136061391814556, -0.4791982238234917, 3.372682177044236e-05, 0.8777067056522422, -9.035586047187859e-06, 0.0, 0.0, 0.0, 2.0]}
data modify storage ps:ani_data data[-1].frames append value {}
data modify storage ps:ani_data data[-1].frames[-1].part_1 set value {interpolation_duration:1,start_interpolation:0,transformation:[0.8777068349484144, 4.1956729879641815e-05, 0.4791979863526861, 2.2957050846523512e-05, -1.9516666421372446e-05, 0.9999999984674582, -5.180910397987816e-05, 0.031362284557399575, -0.4791979877920358, 3.612085742625339e-05, 0.8777068344221474, 1.7303372438115447e-06, 0.0, 0.0, 0.0, 2.0]}
data modify storage ps:ani_data data[-1].frames append value {}
data modify storage ps:ani_data data[-1].frames[-1].part_1 set value {interpolation_duration:1,start_interpolation:0,transformation:[0.877707044970615, 4.382668365038793e-05, 0.4791976015050288, -6.800910973389443e-06, -2.2152665392726026e-05, 0.9999999984600768, -5.088325364368496e-05, 0.03136118007037114, -0.47919760299714576, 3.404508607095123e-05, 0.8777070445898917, -6.13982586624617e-06, 0.0, 0.0, 0.0, 2.0]}
data modify storage ps:ani_data data[-1].frames append value {}
data modify storage ps:ani_data data[-1].frames[-1].part_1 set value {interpolation_duration:1,start_interpolation:0,transformation:[0.8777071842049172, 4.462499977362075e-05, 0.47919734640718153, -8.59099613130384e-06, -2.3475593197532505e-05, 0.9999999984681344, -5.012611835689182e-05, 0.03136049147701101, -0.4791973479099936, 3.274661223255788e-05, 0.8777071839079861, -2.030815203211111e-05, 0.0, 0.0, 0.0, 2.0]}
data modify storage ps:ani_data data[-1].frames append value {}
data modify storage ps:ani_data data[-1].frames[-1].part_1 set value {interpolation_duration:1,start_interpolation:0,transformation:[0.8777091615856645, 5.708344869747891e-05, 0.4791937232582139, -3.5683088521070564e-05, -3.648938632371917e-05, 0.9999999979672124, -5.228862292708238e-05, 0.0313566174033141, -0.4791937252689296, 2.8408718497928075e-05, 0.877709161884408, -2.606881836704806e-05, 0.0, 0.0, 0.0, 2.0]}
data modify storage ps:ani_data data[-1].frames append value {}
data modify storage ps:ani_data data[-1].frames[-1].part_1 set value {interpolation_duration:1,start_interpolation:0,transformation:[0.8777096923553211, 2.0240176519012636e-05, 0.4791927540519182, -4.5548105262627606e-05, 5.473157939497373e-06, 0.9999999986193149, -5.226293605358283e-05, 0.03136744286561759, -0.4791927544481151, 4.84943831515649e-05, 0.877709691032703, 7.126912770379932e-06, 0.0, 0.0, 0.0, 2.0]}
data modify storage ps:ani_data data[-1].frames append value {}
data modify storage ps:ani_data data[-1].frames[-1].part_1 set value {interpolation_duration:1,start_interpolation:0,transformation:[0.877710225447762, 2.095983791637508e-05, 0.47919177758505416, -3.979831579311656e-05, 5.102397590856007e-06, 0.9999999985779334, -5.308576986558993e-05, 0.03136761492142228, -0.4791917780162805, 4.9038950008302914e-05, 0.877710224092654, -1.1641420082753254e-05, 0.0, 0.0, 0.0, 2.0]}
data modify storage ps:ani_data data[-1].frames append value {}
data modify storage ps:ani_data data[-1].frames[-1].part_1 set value {interpolation_duration:1,start_interpolation:0,transformation:[0.8777100823865387, -4.020326106076072e-05, 0.4791920383945391, -5.125407650410607e-05, 5.469853484186898e-05, 0.9999999983713478, -1.6290326010736055e-05, 0.031360975224031425, -0.47919203695917756, 4.050928579305662e-05, 0.8777100831561132, -3.644104612732922e-05, 0.0, 0.0, 0.0, 2.0]}
data modify storage ps:ani_data data[-1].frames append value {}
data modify storage ps:ani_data data[-1].frames[-1].part_1 set value {interpolation_duration:1,start_interpolation:0,transformation:[0.8777043094155995, -5.457170823474822e-05, 0.47920261086018057, -6.854468356238438e-05, 6.340504439850086e-05, 0.9999999979873643, -2.252017326030941e-06, 0.03135507950218668, -0.4792026097728239, 3.2360468129403245e-05, 0.8777043111092221, -2.411455805551971e-05, 0.0, 0.0, 0.0, 2.0]}
data modify storage ps:ani_data data[-1].frames append value {}
data modify storage ps:ani_data data[-1].frames[-1].part_1 set value {interpolation_duration:1,start_interpolation:0,transformation:[0.8777049067783272, -3.9444772535582696e-05, 0.47920151821687457, -2.8521979994088985e-05, 5.382329273346476e-05, 0.9999999984191842, -1.626913805889104e-05, 0.03136077020262297, -0.47920151681761286, 4.007170589665028e-05, 0.8777049075138851, 1.9292894354115256e-05, 0.0, 0.0, 0.0, 2.0]}
data modify storage ps:ani_data data[-1].frames[-1].is_last set value 1
data modify storage ps:ani_data data[-1].frames[-1].keep_alive set value 1
