data modify storage ps:ani_data data append value {ani_tag:'coin',height:0.1,width:0.3}
data modify storage ps:ani_data data[-1].parts.part_1 set value {name:'coin',init_pos:[1.0, 0.0, 0.0, 0.0, 0.0, 1.0, 0.0, 0.03125, 0.0, 0.0, 1.0, 0.0, 0.0, 0.0, 0.0, 2.0],item_model:'cointosser:test_coin'}
data modify storage ps:ani_data data[-1].frames append value {}
data modify storage ps:ani_data data[-1].frames[-1].part_1 set value {interpolation_duration:1,start_interpolation:0,transformation:[0.9885360944361041, -0.14656488156729586, -0.03626465894197175, 0.0015371225218654592, 0.10344062833249992, 0.8323899202590153, -0.5444511521352196, 0.25206679422386535, 0.10998375519680446, 0.5344583764357658, 0.8380082442616266, -0.0002707311897687836, 0.0, 0.0, 0.0, 2.0]}
data modify storage ps:ani_data data[-1].frames append value {}
data modify storage ps:ani_data data[-1].frames[-1].part_1 set value {interpolation_duration:1,start_interpolation:0,transformation:[0.9815476687312575, -0.17500985729855495, -0.07704364903463726, 0.00044618622019924735, 0.02286041886340928, 0.5074206705227259, -0.8613951847878278, 0.5355900852557576, 0.18984618842005338, 0.8437391853971261, 0.5020583748607036, -0.00017645725360065207, 0.0, 0.0, 0.0, 2.0]}
data modify storage ps:ani_data data[-1].frames append value {}
data modify storage ps:ani_data data[-1].frames[-1].part_1 set value {interpolation_duration:1,start_interpolation:0,transformation:[0.9698581818770402, -0.2113585204502951, -0.12125462003249116, 0.00011228494608347283, -0.10533857622012269, 0.08504403322473471, -0.9907932664147387, 0.7925407685845407, 0.21972458079623008, 0.9737017450153475, 0.06021644582660604, -4.562798044557768e-05, 0.0, 0.0, 0.0, 2.0]}
data modify storage ps:ani_data data[-1].frames append value {}
data modify storage ps:ani_data data[-1].frames[-1].part_1 set value {interpolation_duration:1,start_interpolation:0,transformation:[0.9498559746857932, -0.2656617813902349, -0.16491647965642767, 2.7890396659463924e-05, -0.25261668641125057, -0.34114413301924007, -0.9054311074030704, 1.023581796289851, 0.18427815144585574, 0.9016898016585959, -0.3911483918982414, -1.1152755405843214e-05, 0.0, 0.0, 0.0, 2.0]}
data modify storage ps:ani_data data[-1].frames append value {}
data modify storage ps:ani_data data[-1].frames[-1].part_1 set value {interpolation_duration:1,start_interpolation:0,transformation:[0.9185234638362467, -0.34390916393068893, -0.1950413631688357, 6.9062842478875546e-06, -0.38657650313192965, -0.6777688819358612, -0.625450197782127, 1.2289744662267714, 0.08290508795334729, 0.649889090263798, -0.7554938231034984, -2.6892900462615374e-06, 0.0, 0.0, 0.0, 2.0]}
data modify storage ps:ani_data data[-1].frames append value {}
data modify storage ps:ani_data data[-1].frames[-1].part_1 set value {interpolation_duration:1,start_interpolation:0,transformation:[0.8754771648563129, -0.44281291722534655, -0.19353669975880697, 1.7052558195700309e-06, -0.4780907169330709, -0.852040415091668, -0.21320505958546254, 1.4088483493353348, -0.07049113559572291, 0.27918426063945057, -0.95764667201094, -6.398179081041699e-07, 0.0, 0.0, 0.0, 2.0]}
data modify storage ps:ani_data data[-1].frames append value {}
data modify storage ps:ani_data data[-1].frames[-1].part_1 set value {interpolation_duration:1,start_interpolation:0,transformation:[0.8242337918312341, -0.5476540929517909, -0.143922377956509, 4.1948107901818627e-07, -0.5075746475925981, -0.8272327419035903, 0.2409439101615102, 1.5632897397103755, -0.25101122191000746, -0.12554276241910203, -0.9598085128187944, -1.4936291019677762e-07, 0.0, 0.0, 0.0, 2.0]}
data modify storage ps:ani_data data[-1].frames append value {}
data modify storage ps:ani_data data[-1].frames[-1].part_1 set value {interpolation_duration:1,start_interpolation:0,transformation:[0.7721815328175978, -0.6342234560447125, -0.03868188436678337, 1.0267021934795562e-07, -0.4690678678166787, -0.6100498653132782, 0.6386035524589303, 1.6923706382087538, -0.42861523043095384, -0.4749734409774417, -0.7685630843389948, -3.388680508967325e-08, 0.0, 0.0, 0.0, 2.0]}
data modify storage ps:ani_data data[-1].frames append value {}
data modify storage ps:ani_data data[-1].frames[-1].part_1 set value {interpolation_duration:1,start_interpolation:0,transformation:[0.7291359576747705, -0.6745973489041317, 0.11523529006867916, 2.495639150904044e-08, -0.37130052311380307, -0.2484950698317288, 0.8946430136119883, 1.796158250085363, -0.5748884037455543, -0.6951033139906911, -0.4316650392585054, -7.3441367441655444e-09, 0.0, 0.0, 0.0, 2.0]}
data modify storage ps:ani_data data[-1].frames append value {}
data modify storage ps:ani_data data[-1].frames[-1].part_1 set value {interpolation_duration:1,start_interpolation:0,transformation:[0.7048046988719606, -0.6452516165844802, 0.2947892259617362, 6.008498985154273e-09, -0.2355908069100445, 0.17906377134156645, 0.955213660650019, 1.8747180974653588, -0.6691392292695734, -0.7426887080655326, -0.025810361571877945, -1.4676077474633787e-09, 0.0, 0.0, 0.0, 2.0]}
data modify storage ps:ani_data data[-1].frames append value {}
data modify storage ps:ani_data data[-1].frames[-1].part_1 set value {interpolation_duration:1,start_interpolation:0,transformation:[0.705843887201408, -0.5351977298938174, 0.4640558121787834, 1.4271702292896532e-09, -0.09110102819787529, 0.5810808651560226, 0.8087308766275826, 1.9281150395251785, -0.7024848820876473, -0.6131137072893024, 0.3613953131575888, -2.4643916035497046e-10, 0.0, 0.0, 0.0, 2.0]}
data modify storage ps:ani_data data[-1].frames append value {}
data modify storage ps:ani_data data[-1].frames[-1].part_1 set value {interpolation_duration:1,start_interpolation:0,transformation:[0.733358039240214, -0.3516638446022895, 0.5818234497519713, 3.3238334239957815e-10, 0.03147450386407896, 0.8724656056734158, 0.4876608683536437, 1.9564136070708515, -0.6791136443101832, -0.33931741381257813, 0.6508981109169736, -2.2202276292266262e-11, 0.0, 0.0, 0.0, 2.0]}
data modify storage ps:ani_data data[-1].frames append value {}
data modify storage ps:ani_data data[-1].frames[-1].part_1 set value {interpolation_duration:1,start_interpolation:0,transformation:[0.7816234843379812, -0.12139313016869561, 0.611823860828588, 7.513536771193641e-11, 0.10641640525019365, 0.9924509818486684, 0.060963901788191485, 1.9596781124572795, -0.6146057902631408, 0.017457278581148376, 0.7886412150018283, 7.346070900789008e-12, 0.0, 0.0, 0.0, 2.0]}
data modify storage ps:ani_data data[-1].frames append value {}
data modify storage ps:ani_data data[-1].frames[-1].part_1 set value {interpolation_duration:1,start_interpolation:0,transformation:[0.8385200386447031, 0.11325133914199058, 0.5329711802469537, 1.618484386280711e-11, 0.11830795543264173, 0.9169815443650172, -0.3809830376477359, 1.9379726858905146, -0.5318715751688871, 0.3825166420908949, 0.7555088656335361, 6.058397434340742e-12, 0.0, 0.0, 0.0, 2.0]}
data modify storage ps:ani_data data[-1].frames append value {}
data modify storage ps:ani_data data[-1].frames[-1].part_1 set value {interpolation_duration:1,start_interpolation:0,transformation:[0.8877141600750603, 0.30279993187129395, 0.3468079746213592, 3.1969514559934907e-12, 0.0650972093811818, 0.663163080128936, -0.7456387077430229, 1.8913612876064958, -0.4557695945683654, 0.6844902705025412, 0.5689878261038152, 2.8970229177361496e-12, 0.0, 0.0, 0.0, 2.0]}
data modify storage ps:ani_data data[-1].frames append value {}
data modify storage ps:ani_data data[-1].frames[-1].part_1 set value {interpolation_duration:1,start_interpolation:0,transformation:[0.9121663252066903, 0.4019489314869335, 0.07993529655562108, 5.215574927631794e-13, -0.041688344324904585, 0.2850444860662666, -0.9576072905479918, 1.8199077121442542, -0.40769434274511446, 0.8701647530437726, 0.2767645668323508, 1.1770311497768395e-12, 0.0, 0.0, 0.0, 2.0]}
data modify storage ps:ani_data data[-1].frames append value {}
data modify storage ps:ani_data data[-1].frames[-1].part_1 set value {interpolation_duration:1,start_interpolation:0,transformation:[0.898160782837906, 0.3808953154802891, -0.21960411384391362, 3.956241026577158e-14, -0.17954800961672623, -0.13817635873950362, -0.9739968203891445, 1.7236755900279113, -0.4013349229940891, 0.914235228226665, -0.05571559076834297, 4.4261410685596646e-13, 0.0, 0.0, 0.0, 2.0]}
data modify storage ps:ani_data data[-1].frames append value {}
data modify storage ps:ani_data data[-1].frames[-1].part_1 set value {interpolation_duration:1,start_interpolation:0,transformation:[0.8388771270894589, 0.23387324024787284, -0.4915165034280092, -1.9815260495146075e-14, -0.3198261699747769, -0.5188972536514643, -0.7927527112235145, 1.6027283885988701, -0.4404502090422942, 0.8222219576543359, -0.36049225470968277, 1.5931808943150697e-13, 0.0, 0.0, 0.0, 2.0]}
data modify storage ps:ani_data data[-1].frames append value {}
data modify storage ps:ani_data data[-1].frames[-1].part_1 set value {interpolation_duration:1,start_interpolation:0,transformation:[0.7365897312427324, -0.017404577505689866, -0.6761158543545679, -1.4653954179916504e-14, -0.4336966778624253, -0.7792403516142922, -0.45242863086582946, 1.457129412568818, -0.5189824269075538, 0.6264834834996705, -0.5815287486128808, 5.5845496026282176e-14, 0.0, 0.0, 0.0, 2.0]}
data modify storage ps:ani_data data[-1].frames append value {}
data modify storage ps:ani_data data[-1].frames[-1].part_1 set value {interpolation_duration:1,start_interpolation:0,transformation:[0.6028798474805137, -0.32653808695949826, -0.7279483273328563, -6.809187740862712e-15, -0.498059456927089, -0.8668201540962759, -0.0236558199604481, 1.2869418044805325, -0.6232757550774501, 0.3768231657121667, -0.6852237845516567, 1.9281779831214345e-14, 0.0, 0.0, 0.0, 2.0]}
data modify storage ps:ani_data data[-1].frames append value {}
data modify storage ps:ani_data data[-1].frames[-1].part_1 set value {interpolation_duration:1,start_interpolation:0,transformation:[0.4567044599539659, -0.6311285755822444, -0.6269750851044107, -2.6963931540255377e-15, -0.5001503425507318, -0.7649978828919541, 0.40574360625549377, 1.0922285451377567, -0.7357109969985101, 0.12827688901105533, -0.6650371182431124, 6.630561571305433e-15, 0.0, 0.0, 0.0, 2.0]}
data modify storage ps:ani_data data[-1].frames append value {}
data modify storage ps:ani_data data[-1].frames[-1].part_1 set value {interpolation_duration:1,start_interpolation:0,transformation:[0.3206742732241078, -0.8656034318904293, -0.3845760122416643, -9.591456724634894e-16, -0.4399616798737784, -0.495681101212264, 0.7488217185309464, 0.8730524540242225, -0.8388097106822456, -0.0709291519793373, -0.539784516881189, 2.3071465038179794e-15, 0.0, 0.0, 0.0, 2.0]}
data modify storage ps:ani_data data[-1].frames append value {}
data modify storage ps:ani_data data[-1].frames[-1].part_1 set value {interpolation_duration:1,start_interpolation:0,transformation:[0.21632725164858532, -0.9753834625792771, -0.04277407066237386, -2.898138729418263e-16, -0.33003999978768744, -0.11429034876837896, 0.9370225796204411, 0.6294761897184112, -0.918844991679398, -0.18858636510962928, -0.34663967482160013, 8.337221986355159e-16, 0.0, 0.0, 0.0, 2.0]}
data modify storage ps:ani_data data[-1].frames append value {}
data modify storage ps:ani_data data[-1].frames[-1].part_1 set value {interpolation_duration:1,start_interpolation:0,transformation:[0.15943915545317816, -0.9292115552274913, 0.33338422479188085, -4.451995896408252e-17, -0.1927671771783824, 0.30189967544006385, 0.933647364571797, 0.36156225030620237, -0.9682045089293146, -0.21312548322734706, -0.13098685921898576, 3.2521563408309764e-16, 0.0, 0.0, 0.0, 2.0]}
data modify storage ps:ani_data data[-1].frames append value {}
data modify storage ps:ani_data data[-1].frames[-1].part_1 set value {interpolation_duration:1,start_interpolation:0,transformation:[-0.10551707119169856, -0.5441983824627044, 0.8322945801890712, 0.0049031423885230385, 0.14471414014674847, 0.8196535269856283, 0.5542796346083871, 0.16372991098893042, -0.9838312687288981, 0.17893075818594226, -0.00773423857212772, -0.010777351851128962, 0.0, 0.0, 0.0, 2.0]}
data modify storage ps:ani_data data[-1].frames append value {}
data modify storage ps:ani_data data[-1].frames[-1].part_1 set value {interpolation_duration:1,start_interpolation:0,transformation:[-0.11517243348799647, 0.3465003659033535, 0.9309526341298436, 0.0035341925185182746, 0.190621872829516, 0.9274806772262865, -0.32162539540719803, 0.11048892328110146, -0.9748838967607479, 0.14041755517281593, -0.17287075529385626, -0.006496162222322058, 0.0, 0.0, 0.0, 2.0]}
data modify storage ps:ani_data data[-1].frames append value {}
data modify storage ps:ani_data data[-1].frames[-1].part_1 set value {interpolation_duration:1,start_interpolation:0,transformation:[-0.20004431111369705, 0.2607286996061559, 0.9444590085296075, 0.0023371111231495515, -0.08987188076895115, 0.9549967564676024, -0.28267338074783444, 0.11410642759998857, -0.9756563527380415, -0.14142750912761504, -0.16760948965932848, -0.001076847248332345, 0.0, 0.0, 0.0, 2.0]}
data modify storage ps:ani_data data[-1].frames append value {}
data modify storage ps:ani_data data[-1].frames[-1].part_1 set value {interpolation_duration:1,start_interpolation:0,transformation:[-0.2191994890251828, -0.04498248605534177, 0.9746425806209059, 0.0006677720357366074, -0.19104083750632217, 0.9815793072563626, 0.002337086006535274, 0.11355301238165053, -0.9567941170471215, -0.18568424681270065, -0.22375517439741657, -0.0002165604227667535, 0.0, 0.0, 0.0, 2.0]}
data modify storage ps:ani_data data[-1].frames append value {}
data modify storage ps:ani_data data[-1].frames[-1].part_1 set value {interpolation_duration:1,start_interpolation:0,transformation:[-0.23037762945997858, -0.1946234250228715, 0.9534400192339145, 0.00019299621949919323, -0.13172263595073377, 0.9770142270251947, 0.16760771870218835, 0.09854164802666937, -0.9641448516807994, -0.08697656364060444, -0.2507185321325103, 0.00021710724330503508, 0.0, 0.0, 0.0, 2.0]}
data modify storage ps:ani_data data[-1].frames append value {}
data modify storage ps:ani_data data[-1].frames[-1].part_1 set value {interpolation_duration:1,start_interpolation:0,transformation:[-0.2512816126423327, -0.17207056535994314, 0.9524963368352538, -0.0001789266824121642, -0.030894058619547193, 0.9849956599978785, 0.1697913629350904, 0.071888922123924, -0.9674208537600792, 0.013238969825976813, -0.2528272560228946, -0.00022585188833225457, 0.0, 0.0, 0.0, 2.0]}
data modify storage ps:ani_data data[-1].frames append value {}
data modify storage ps:ani_data data[-1].frames[-1].part_1 set value {interpolation_duration:1,start_interpolation:0,transformation:[-0.2662486598428297, -0.0047256957950348585, 0.9638927943143623, -4.1151403276808573e-05, -0.0005883420777972828, 0.9999885923498989, 0.004740150173503576, 0.032305700471020625, -0.9639041990703726, 0.000694959941768343, -0.2662484028969614, -0.00017404904659448498, 0.0, 0.0, 0.0, 2.0]}
data modify storage ps:ani_data data[-1].frames append value {}
data modify storage ps:ani_data data[-1].frames[-1].part_1 set value {interpolation_duration:1,start_interpolation:0,transformation:[-0.258198670841323, 0.019118211281817548, 0.96590265574392, -0.00040100598673877913, -0.023965585453068317, 0.9993697485798455, -0.026186949752655724, 0.029599385469891215, -0.9657945418616041, -0.02990985825510076, -0.25757776163615903, -0.00015863970848234752, 0.0, 0.0, 0.0, 2.0]}
data modify storage ps:ani_data data[-1].frames append value {}
data modify storage ps:ani_data data[-1].frames[-1].part_1 set value {interpolation_duration:1,start_interpolation:0,transformation:[-0.2520472719105881, -4.4906761793195094e-05, 0.9677149222295853, -0.0002604631193531639, 0.00015808747210772992, 0.9999999836690648, 8.757979770793817e-05, 0.03136693693881706, -0.9677149103588211, 0.00017505785486297061, -0.25204726069522404, 7.612746341536949e-05, 0.0, 0.0, 0.0, 2.0]}
data modify storage ps:ani_data data[-1].frames append value {}
data modify storage ps:ani_data data[-1].frames[-1].part_1 set value {interpolation_duration:1,start_interpolation:0,transformation:[-0.25204828160080567, 4.9974562559308056e-05, 0.9677146590005878, -0.0002177290243767758, 4.8291399598389794e-05, 0.9999999980709726, -3.906399249658448e-05, 0.031350369761162726, -0.9677146590860455, 3.6886283113786015e-05, -0.2520482835279391, 6.934043460998538e-05, 0.0, 0.0, 0.0, 2.0]}
data modify storage ps:ani_data data[-1].frames append value {}
data modify storage ps:ani_data data[-1].frames[-1].part_1 set value {interpolation_duration:1,start_interpolation:0,transformation:[-0.25204197050477667, 3.9542207176363544e-05, 0.9677163032317285, -0.00011102211871119225, 2.432799104538897e-05, 0.9999999991080822, -3.4525131206343105e-05, 0.03135301471348408, -0.9677163037338052, 1.4840811458315733e-05, -0.25204197124195843, 7.891985989038127e-05, 0.0, 0.0, 0.0, 2.0]}
data modify storage ps:ani_data data[-1].frames append value {}
data modify storage ps:ani_data data[-1].frames[-1].part_1 set value {interpolation_duration:1,start_interpolation:0,transformation:[-0.2520421319480285, 4.410654354448677e-05, 0.9677162609865066, -4.9258887325008475e-05, 2.4480593350124198e-05, 0.9999999989319522, -3.9201989351080884e-05, 0.031348797397043056, -0.9677162616820039, 1.3809715290862986e-05, -0.2520421327585899, 9.268479609445412e-05, 0.0, 0.0, 0.0, 2.0]}
data modify storage ps:ani_data data[-1].frames append value {}
data modify storage ps:ani_data data[-1].frames[-1].part_1 set value {interpolation_duration:1,start_interpolation:0,transformation:[-0.25204103297405134, -7.554374363346415e-06, 0.9677165481897602, -1.3987737293292267e-05, 3.2093354804161914e-05, 0.9999999993543532, 1.616508127733822e-05, 0.03135107351825399, -0.9677165476870744, 3.513153431416265e-05, -0.2520410325688767, 8.07484665800784e-05, 0.0, 0.0, 0.0, 2.0]}
data modify storage ps:ani_data data[-1].frames append value {}
data modify storage ps:ani_data data[-1].frames[-1].part_1 set value {interpolation_duration:1,start_interpolation:0,transformation:[-0.2520459014423984, 4.0339122234709545e-05, 0.9677152793765548, -5.719605505066476e-05, 1.3272967157539967e-05, 0.9999999991812278, -3.8227902377935455e-05, 0.03135531120044165, -0.9677152801262967, 3.209267005915881e-06, -0.2520459017714501, 6.494751897275865e-05, 0.0, 0.0, 0.0, 2.0]}
data modify storage ps:ani_data data[-1].frames append value {}
data modify storage ps:ani_data data[-1].frames[-1].part_1 set value {interpolation_duration:1,start_interpolation:0,transformation:[-0.2520478864773343, 3.411803005759472e-05, 0.9677147626022189, -0.00011199441108538036, -6.654188809347278e-06, 0.9999999992937522, -3.698941634708713e-05, 0.03135077308473307, -0.9677147631807783, -1.5762460956261313e-05, -0.2520478860722982, 1.2160819770007992e-05, 0.0, 0.0, 0.0, 2.0]}
data modify storage ps:ani_data data[-1].frames append value {}
data modify storage ps:ani_data data[-1].frames[-1].part_1 set value {interpolation_duration:1,start_interpolation:0,transformation:[-0.2520510018739011, 2.234736038964298e-05, 0.9677139515140607, -9.49195441883312e-05, 5.4249581817769956e-05, 0.999999998488323, -8.963081387719229e-06, 0.03135104429482177, -0.9677139502514913, 5.0238923545207557e-05, -0.2520510027052164, 3.0417934342969375e-05, 0.0, 0.0, 0.0, 2.0]}
data modify storage ps:ani_data data[-1].frames append value {}
data modify storage ps:ani_data data[-1].frames[-1].part_1 set value {interpolation_duration:1,start_interpolation:0,transformation:[-0.2520501000834091, 2.6901854187798444e-05, 0.96771418627828, -0.00013288717731163374, 3.894312595545826e-06, 0.999999999633697, -2.6785070081660525e-05, 0.031355930899847034, -0.9677141866443716, -2.9825980503117763e-06, -0.25205010009584666, -1.8498008975270903e-05, 0.0, 0.0, 0.0, 2.0]}
data modify storage ps:ani_data data[-1].frames append value {}
data modify storage ps:ani_data data[-1].frames[-1].part_1 set value {interpolation_duration:1,start_interpolation:0,transformation:[-0.25204664327887466, 1.4691902619368971e-05, 0.9677150868907642, -9.318804567660306e-05, 4.3003010747053e-05, 0.9999999990674437, -3.981686498624157e-06, 0.03135698934860804, -0.9677150860468137, 4.061109156508182e-05, -0.252046643675623, 1.457019590710506e-05, 0.0, 0.0, 0.0, 2.0]}
data modify storage ps:ani_data data[-1].frames append value {}
data modify storage ps:ani_data data[-1].frames[-1].part_1 set value {interpolation_duration:1,start_interpolation:0,transformation:[-0.25205835761489476, 4.648538023500073e-05, 0.9677120347477295, -7.23966642757182e-05, 3.0389905049096292e-05, 0.9999999987333887, -4.012076860395283e-05, 0.0313525687426941, -0.9677120353870441, 1.929590181029169e-05, -0.25205835870832116, -3.196081747501714e-05, 0.0, 0.0, 0.0, 2.0]}
data modify storage ps:ani_data data[-1].frames append value {}
data modify storage ps:ani_data data[-1].frames[-1].part_1 set value {interpolation_duration:1,start_interpolation:0,transformation:[-0.2520581157815476, 3.3059649161888615e-05, 0.9677120982894215, -1.9860537327125315e-05, 4.739490148208273e-05, 0.9999999986388529, -2.1817831552364413e-05, 0.031361751485780784, -0.967712097693513, 4.036525804991853e-05, -0.25205811700531827, -3.7193408863087844e-05, 0.0, 0.0, 0.0, 2.0]}
data modify storage ps:ani_data data[-1].frames append value {}
data modify storage ps:ani_data data[-1].frames[-1].part_1 set value {interpolation_duration:1,start_interpolation:0,transformation:[-0.252055081673628, 6.52618839527436e-05, 0.9677128869367126, -3.258585250854696e-05, -1.6190838076733814e-05, 0.999999997301605, -7.165644658297482e-05, 0.03136416413109819, -0.9677128890018755, -3.37294541530746e-05, -0.2520550799368391, -2.7973577640401892e-05, 0.0, 0.0, 0.0, 2.0]}
data modify storage ps:ani_data data[-1].frames append value {}
data modify storage ps:ani_data data[-1].frames[-1].part_1 set value {interpolation_duration:1,start_interpolation:0,transformation:[-0.25212365351336735, 6.0879716519506967e-05, 0.967695024081829, -1.1099756006679967e-05, -4.5489492733545986e-05, 0.9999999961705295, -7.476394069450482e-05, 0.03136341066921025, -0.9676950249276771, -6.286971364521426e-05, -0.2521236497784799, -3.299557550323432e-05, 0.0, 0.0, 0.0, 2.0]}
data modify storage ps:ani_data data[-1].frames append value {}
data modify storage ps:ani_data data[-1].frames[-1].part_1 set value {interpolation_duration:1,start_interpolation:0,transformation:[-0.25201769228378174, 4.0719622606158416e-05, 0.9677226261268613, 6.31182645156314e-06, -1.53956414937204e-05, 0.9999999988194735, -4.6087169395910135e-05, 0.031352854735717375, -0.9677226268610912, -2.6513492692259785e-05, -0.2520176913593634, -4.377254744530512e-05, 0.0, 0.0, 0.0, 2.0]}
data modify storage ps:ani_data data[-1].frames append value {}
data modify storage ps:ani_data data[-1].frames[-1].part_1 set value {interpolation_duration:1,start_interpolation:0,transformation:[-0.2520047001000444, 6.936596967738198e-05, 0.9677260078740513, 3.052272385182972e-05, 1.4885723571301947e-05, 0.999999997590586, -6.780296971664344e-05, 0.03136017314510851, -0.9677260102456176, -2.681365203362426e-06, -0.2520047005254234, -4.1775662950142075e-05, 0.0, 0.0, 0.0, 2.0]}
data modify storage ps:ani_data data[-1].frames append value {}
data modify storage ps:ani_data data[-1].frames[-1].part_1 set value {interpolation_duration:1,start_interpolation:0,transformation:[-0.25200479130608294, 5.301391075265704e-05, 0.9677259851571116, 1.0622437107137818e-05, -3.350293552985711e-05, 0.9999999974222441, -6.350641796847618e-05, 0.031355748046367746, -0.9677259860292737, -4.842558289802888e-05, -0.2520047888803544, -3.6974537581110814e-05, 0.0, 0.0, 0.0, 2.0]}
data modify storage ps:ani_data data[-1].frames append value {}
data modify storage ps:ani_data data[-1].frames[-1].part_1 set value {interpolation_duration:1,start_interpolation:0,transformation:[-0.2520051811455191, 3.5177437920355786e-05, 0.9677258844519772, 4.682873333105297e-06, -2.691088546733526e-05, 0.9999999986979232, -4.3358476936158055e-05, 0.0313543908779004, -0.9677258847171641, -3.6968921274753204e-05, -0.25200517987073306, -7.194872983819081e-05, 0.0, 0.0, 0.0, 2.0]}
data modify storage ps:ani_data data[-1].frames append value {}
data modify storage ps:ani_data data[-1].frames[-1].part_1 set value {interpolation_duration:1,start_interpolation:0,transformation:[-0.25200172951129324, 4.792329503159912e-05, 0.9677267827370878, -1.7213072085633503e-05, -1.3875021590738148e-05, 0.9999999984920962, -5.313465051754974e-05, 0.03136048675394919, -0.9677267838242364, -2.681725383181333e-05, -0.2520017284663621, 1.9251631993032793e-05, 0.0, 0.0, 0.0, 2.0]}
data modify storage ps:ani_data data[-1].frames append value {}
data modify storage ps:ani_data data[-1].frames[-1].part_1 set value {interpolation_duration:1,start_interpolation:0,transformation:[-0.2520030232045902, 4.400573013787043e-05, 0.9677264460369169, -4.1674039469347354e-05, -3.40764731730257e-05, 0.9999999979425944, -5.434707765037048e-05, 0.03135400860373442, -0.9677264464374943, -4.667233214743249e-05, -0.25200302118655776, -7.464459692405986e-06, 0.0, 0.0, 0.0, 2.0]}
data modify storage ps:ani_data data[-1].frames append value {}
data modify storage ps:ani_data data[-1].frames[-1].part_1 set value {interpolation_duration:1,start_interpolation:0,transformation:[-0.25200353461831076, 5.571434762243915e-05, 0.9677263122576493, 2.6417759384467625e-06, -3.644756729537837e-05, 0.9999999970870205, -6.706365469738266e-05, 0.031359345436884345, -0.9677263131750901, -5.217154791768133e-05, -0.2520035318535772, -3.104015995889912e-05, 0.0, 0.0, 0.0, 2.0]}
data modify storage ps:ani_data data[-1].frames append value {}
data modify storage ps:ani_data data[-1].frames[-1].part_1 set value {interpolation_duration:1,start_interpolation:0,transformation:[-0.25200378270439483, 4.673148356612914e-05, 0.9677262481295236, 2.322084812055359e-05, -2.1363335947372858e-05, 0.999999998321722, -5.3853168763743405e-05, 0.031362225856339514, -0.9677262490220482, -3.424506318296321e-05, -0.252003781283122, -5.0969546397365286e-05, 0.0, 0.0, 0.0, 2.0]}
data modify storage ps:ani_data data[-1].frames append value {}
data modify storage ps:ani_data data[-1].frames[-1].part_1 set value {interpolation_duration:1,start_interpolation:0,transformation:[-0.2520021891532668, 4.664976234244436e-05, 0.9677266631057349, 5.472358000427517e-05, -2.5577842647554055e-05, 0.99999999816774, -5.4866148285685935e-05, 0.031361351415347516, -0.9677266638921008, -3.857874979316164e-05, -0.2520021874983329, -4.367356304720313e-05, 0.0, 0.0, 0.0, 2.0]}
data modify storage ps:ani_data data[-1].frames append value {}
data modify storage ps:ani_data data[-1].frames[-1].part_1 set value {interpolation_duration:1,start_interpolation:0,transformation:[-0.2520013843155827, 2.9340465809083617e-05, 0.9677268733698402, 5.90549491439696e-05, -4.357479248036637e-05, 0.999999998182588, -4.166606807318317e-05, 0.0313602963168504, -0.9677268728335835, -5.266840451819404e-05, -0.25200138257908766, -2.8572315507701518e-05, 0.0, 0.0, 0.0, 2.0]}
data modify storage ps:ani_data data[-1].frames append value {}
data modify storage ps:ani_data data[-1].frames[-1].part_1 set value {interpolation_duration:1,start_interpolation:0,transformation:[-0.25200576599024294, 4.106519949774268e-05, 0.9677257319206307, 5.623451247182104e-05, -3.843493173728467e-05, 0.9999999978862122, -5.2443602717323525e-05, 0.03135675146790211, -0.9677257320286708, -5.041056272085038e-05, -0.252005763879218, -1.503334795535081e-05, 0.0, 0.0, 0.0, 2.0]}
data modify storage ps:ani_data data[-1].frames append value {}
data modify storage ps:ani_data data[-1].frames[-1].part_1 set value {interpolation_duration:1,start_interpolation:0,transformation:[-0.25200940770267116, 4.4769231250271005e-05, 0.967724783409552, -2.3104302171099402e-05, -3.342511636096807e-05, 0.9999999979307095, -5.4966738318655984e-05, 0.031356151122159136, -0.967724783867867, -4.6198448657889114e-05, -0.2520094056847737, -3.142572409103588e-05, 0.0, 0.0, 0.0, 2.0]}
data modify storage ps:ani_data data[-1].frames append value {}
data modify storage ps:ani_data data[-1].frames[-1].part_1 set value {interpolation_duration:1,start_interpolation:0,transformation:[-0.2520101636001787, 7.179950211922369e-05, 0.9677245849347025, -6.4411519045066835e-06, -4.9334924038418296e-06, 0.9999999971392978, -7.547890513349693e-05, 0.03135936045922506, -0.9677245875856786, -2.379571311984128e-05, -0.2520101625250304, 6.788038858620975e-06, 0.0, 0.0, 0.0, 2.0]}
data modify storage ps:ani_data data[-1].frames append value {}
data modify storage ps:ani_data data[-1].frames[-1].part_1 set value {interpolation_duration:1,start_interpolation:0,transformation:[-0.25201002198765704, 4.2233376687946135e-05, 0.9677246235547187, 3.3395851102996864e-05, -2.9040586407384365e-05, 0.9999999982673695, -5.120454127932897e-05, 0.031356165384137206, -0.9677246240405504, -4.100734812256591e-05, -0.25201002032453484, 2.0076598600296537e-05, 0.0, 0.0, 0.0, 2.0]}
data modify storage ps:ani_data data[-1].frames[-1].is_last set value 1
data modify storage ps:ani_data data[-1].frames[-1].keep_alive set value 1
