#0
data modify storage ps:ani_data data append value {ani_tag:'coin',height:0.1,width:0.3}
data modify storage ps:ani_data data[-1].parts.part_1 set value {name:'coin',init_pos:[1.0, 0.0, 0.0, 0.0, 0.0, 1.0, 0.0, 0.03125, 0.0, 0.0, 1.0, 0.0, 0.0, 0.0, 0.0, 2.0],item_model:'coin_test'}
#1
data modify storage ps:ani_data data[-1].frames append value {}
data modify storage ps:ani_data data[-1].frames[-1].part_1 set value {interpolation_duration:1,start_interpolation:0,transformation:[0.9944614912973905, -0.10425532368615205, -0.013310515003757385, 0.0008726618683205995, 0.08311198761290467, 0.7025466552670756, 0.706767709143589, 0.24722042495029514, -0.06433303849191307, -0.7039595333938876, 0.7073204616736727, -0.0016635716382931715, 0.0, 0.0, 0.0, 2.0]}
#2
data modify storage ps:ani_data data[-1].frames append value {}
data modify storage ps:ani_data data[-1].frames[-1].part_1 set value {interpolation_duration:1,start_interpolation:0,transformation:[0.9601311373514388, -0.23991899579947745, -0.14348196591489332, 0.00023697212847535517, 0.1631686933561598, 0.06420659952149405, 0.9845067242463759, 0.5301501329718891, -0.22698937551496937, -0.9686673257793187, 0.10079402447996313, -0.0005854223743693618, 0.0, 0.0, 0.0, 2.0]}
#3
data modify storage ps:ani_data data[-1].frames append value {}
data modify storage ps:ani_data data[-1].frames[-1].part_1 set value {interpolation_duration:1,start_interpolation:0,transformation:[0.9115710227349437, -0.2502958947946432, -0.326175160855203, 5.923611617004446e-05, 0.1156648917415853, -0.6051763884160009, 0.7876440641064801, 0.7864284158661633, -0.3945375816425805, -0.755720519737763, -0.5227108117486279, -0.00014898643410788333, 0.0, 0.0, 0.0, 2.0]}
#4
data modify storage ps:ani_data data[-1].frames append value {}
data modify storage ps:ani_data data[-1].frames[-1].part_1 set value {interpolation_duration:1,start_interpolation:0,transformation:[0.8734150668547952, -0.13115663539790545, -0.4689819377994576, 1.4675287508999868e-05, -0.031123519422853643, -0.9761137922327315, 0.21501904834635105, 1.0167724403139036, -0.4859809127216508, -0.1732045080364137, -0.8566345491900818, -3.6951495864134834e-05, 0.0, 0.0, 0.0, 2.0]}
#5
data modify storage ps:ani_data data[-1].frames append value {}
data modify storage ps:ani_data data[-1].frames[-1].part_1 set value {interpolation_duration:1,start_interpolation:0,transformation:[0.864114294370586, 0.0582754903608405, -0.4999104454676133, 3.6233054412309904e-06, -0.20245694955615945, -0.869118613906114, -0.451269341456219, 1.221461266075389, -0.4607794156001748, 0.49115863240415353, -0.7392195397674786, -9.118661434654126e-06, 0.0, 0.0, 0.0, 2.0]}
#6
data modify storage ps:ani_data data[-1].frames append value {}
data modify storage ps:ani_data data[-1].frames[-1].part_1 set value {interpolation_duration:1,start_interpolation:0,transformation:[0.8874066747051256, 0.22523649625801026, -0.4022162533292338, 8.911771419184252e-07, -0.31541108668642726, -0.33964978901672865, -0.8860890853724464, 1.4006302811844697, -0.33619226654412815, 0.9131848342883856, -0.2303654017894503, -2.2408689256035633e-06, 0.0, 0.0, 0.0, 2.0]}
#7
data modify storage ps:ani_data data[-1].frames append value {}
data modify storage ps:ani_data data[-1].frames[-1].part_1 set value {interpolation_duration:1,start_interpolation:0,transformation:[0.93130842863373, 0.28895485460356896, -0.22174242435042235, 2.1807556350569392e-07, -0.3188903030859111, 0.35269524624943854, -0.8797244101824293, 1.554367682762015, -0.17599314007525466, 0.8900062669858443, 0.42061295673382854, -5.477012446901416e-07, 0.0, 0.0, 0.0, 2.0]}
#8
data modify storage ps:ani_data data[-1].frames append value {}
data modify storage ps:ani_data data[-1].frames[-1].part_1 set value {interpolation_duration:1,start_interpolation:0,transformation:[0.9746435494875758, 0.21941902874723393, -0.04387757133068763, 5.2993356711462675e-08, -0.21619479419154183, 0.8728288064493894, -0.4375267827191965, 1.6827460921371782, -0.05770409350068612, 0.4359187590087797, 0.8981342177745537, -1.3287610003623173e-07, 0.0, 0.0, 0.0, 2.0]}
#9
data modify storage ps:ani_data data[-1].frames append value {}
data modify storage ps:ani_data data[-1].frames[-1].part_1 set value {interpolation_duration:1,start_interpolation:0,transformation:[0.9975448645860306, 0.05093794595641912, 0.04805797332159083, 1.275362792527993e-08, -0.06052491509608657, 0.9723026493131628, 0.22575272488104406, 1.7858329147779055, -0.03522751468169908, -0.22810717612636783, 0.9729985294999189, -3.1905235307640956e-08, 0.0, 0.0, 0.0, 2.0]}
#10
data modify storage ps:ani_data data[-1].frames append value {}
data modify storage ps:ani_data data[-1].frames[-1].part_1 set value {interpolation_duration:1,start_interpolation:0,transformation:[0.9907208707451189, -0.1353236812224024, 0.012635567674245066, 3.0275926585001732e-09, 0.07275225909459887, 0.606552095007368, 0.791708067938432, 1.8636937353198053, -0.1148009802513252, -0.7834424403506556, 0.6107689232359029, -7.549067886488622e-09, 0.0, 0.0, 0.0, 2.0]}
#11
data modify storage ps:ani_data data[-1].frames append value {}
data modify storage ps:ani_data data[-1].frames[-1].part_1 set value {interpolation_duration:1,start_interpolation:0,transformation:[0.95921535797023, -0.25071307228066236, -0.13057125419338883, 7.045253430061613e-10, 0.12257343362909504, -0.04732479150565765, 0.9913304784365906, 1.9163934303353092, -0.25471876727563086, -0.966903986700095, -0.014663904699825635, -1.748083142218483e-09, 0.0, 0.0, 0.0, 2.0]}
#12
data modify storage ps:ani_data data[-1].frames append value {}
data modify storage ps:ani_data data[-1].frames[-1].part_1 set value {interpolation_duration:1,start_interpolation:0,transformation:[0.9192571566485648, -0.24115264889969218, -0.3111457534324668, 1.590504383481561e-10, 0.06978502940157681, -0.6780499888644211, 0.731695470993486, 1.943996533251243, -0.3874226756680831, -0.694329613749565, -0.6064734601353656, -3.9161635562384854e-10, 0.0, 0.0, 0.0, 2.0]}
#13
data modify storage ps:ani_data data[-1].frames append value {}
data modify storage ps:ani_data data[-1].frames[-1].part_1 set value {interpolation_duration:1,start_interpolation:0,transformation:[0.8901134716429105, -0.1120185636155856, -0.44175768132009446, 3.418569236661362e-11, -0.05637343368668833, -0.9889404922930821, 0.13718140791480793, 1.9465673542096538, -0.452238923108325, -0.0972036218904284, -0.8865841259109061, -8.307667944030697e-11, 0.0, 0.0, 0.0, 2.0]}
#14
data modify storage ps:ani_data data[-1].frames append value {}
data modify storage ps:ani_data data[-1].frames[-1].part_1 set value {interpolation_duration:1,start_interpolation:0,transformation:[0.8850434774639775, 0.07537200618503924, -0.45936598010966356, 6.724023775859858e-12, -0.19451996227720414, -0.8366407531702197, -0.5120490546914839, 1.9241700196277185, -0.4229184640969751, 0.542541529118656, -0.7258020817739818, -1.5923148839627932e-11, 0.0, 0.0, 0.0, 2.0]}
#15
data modify storage ps:ani_data data[-1].frames append value {}
data modify storage ps:ani_data data[-1].frames[-1].part_1 set value {interpolation_duration:1,start_interpolation:0,transformation:[0.905575713956126, 0.23327899763080037, -0.3542788951620203, 1.0851073550291461e-12, -0.2811245683346862, -0.295380930129552, -0.9130821886305945, 1.876868485443918, -0.3176501272965102, 0.926461556342285, -0.2019093391805866, -2.395982924736078e-12, 0.0, 0.0, 0.0, 2.0]}
#16
data modify storage ps:ani_data data[-1].frames append value {}
data modify storage ps:ani_data data[-1].frames[-1].part_1 set value {interpolation_duration:1,start_interpolation:0,transformation:[0.9415066269756672, 0.28868003656307195, -0.17386520022950283, 7.632669191635145e-14, -0.2795871118476786, 0.38109630474509093, -0.8812472146896749, 1.8047265417409977, -0.18813909282649185, 0.8783105618171628, 0.439515914104193, -8.047914404816067e-14, 0.0, 0.0, 0.0, 2.0]}
#17
data modify storage ps:ani_data data[-1].frames append value {}
data modify storage ps:ani_data data[-1].frames[-1].part_1 set value {interpolation_duration:1,start_interpolation:0,transformation:[0.9762316903268008, 0.21672944965167132, 0.0001801537140081398, -4.472742288841072e-14, -0.19521048516486933, 0.8796626068993362, -0.43368947935678576, 1.707807814542559, -0.09415175666642306, 0.42334624561550943, 0.901062374666637, 1.4957714341779297e-13, 0.0, 0.0, 0.0, 2.0]}
#18
data modify storage ps:ani_data data[-1].frames append value {}
data modify storage ps:ani_data data[-1].frames[-1].part_1 set value {interpolation_duration:1,start_interpolation:0,transformation:[0.994624611342421, 0.05136338278829149, 0.08990931776229728, -3.207807978281124e-14, -0.07025151622740448, 0.9726219800573058, 0.2215202211473177, 1.586175766682775, -0.07606975075343042, -0.2266457297589109, 0.9710021144170398, 9.294840302531129e-14, 0.0, 0.0, 0.0, 2.0]}
#19
data modify storage ps:ani_data data[-1].frames append value {}
data modify storage ps:ani_data data[-1].frames[-1].part_1 set value {interpolation_duration:1,start_interpolation:0,transformation:[0.9897321184400905, -0.13119568472756893, 0.05672764790606742, -1.4863366400715707e-14, 0.03732799172677151, 0.6203498305057776, 0.7834364740201331, 1.4398936983716741, -0.13797447141314398, -0.7732747119234646, 0.6188774233545331, 4.145352888309729e-14, 0.0, 0.0, 0.0, 2.0]}
#20
data modify storage ps:ani_data data[-1].frames append value {}
data modify storage ps:ani_data data[-1].frames[-1].part_1 set value {interpolation_duration:1,start_interpolation:0,transformation:[0.9653626349105785, -0.24781461796281368, -0.08162657803956713, -5.949808942712387e-15, 0.0807193292463572, -0.013836777323098268, 0.9966408247103511, 1.2690247476599459, -0.24811161400571918, -0.9687086552298662, 0.006645921924103497, 1.6386627350795796e-14, 0.0, 0.0, 0.0, 2.0]}
#21
data modify storage ps:ani_data data[-1].frames append value {}
data modify storage ps:ani_data data[-1].frames[-1].part_1 set value {interpolation_duration:1,start_interpolation:0,transformation:[0.9337065640160885, -0.24618997570457166, -0.25996643663336905, -2.2035069423679647e-15, 0.04433528491228553, -0.6409952341482121, 0.7662633309189633, 1.07363189087011, -0.35528359774272655, -0.7269907878796406, -0.5875865549118046, 6.1492560231526416e-15, 0.0, 0.0, 0.0, 2.0]}
#22
data modify storage ps:ani_data data[-1].frames append value {}
data modify storage ps:ani_data data[-1].frames[-1].part_1 set value {interpolation_duration:1,start_interpolation:0,transformation:[0.9094066137238885, -0.12788637912931008, -0.3957583668710544, -7.658902925527453e-16, -0.05133796092105994, -0.978791773312109, 0.19832064508014363, 0.8537779430159431, -0.4127275429187123, -0.16003667870126195, -0.8966851380426415, 2.2919760656929908e-15, 0.0, 0.0, 0.0, 2.0]}
#23
data modify storage ps:ani_data data[-1].frames append value {}
data modify storage ps:ani_data data[-1].frames[-1].part_1 set value {interpolation_duration:1,start_interpolation:0,transformation:[0.9029620795245975, 0.053268218204836584, -0.4264058862983676, -2.4464496655219315e-16, -0.1611308001672505, -0.8779176417179382, -0.4508852177637619, 0.6095255582173518, -0.3983671022788857, 0.4758393755141491, -0.7841431887941308, 8.841508904460828e-16, 0.0, 0.0, 0.0, 2.0]}
#24
data modify storage ps:ani_data data[-1].frames append value {}
data modify storage ps:ani_data data[-1].frames[-1].part_1 set value {interpolation_duration:1,start_interpolation:0,transformation:[0.9164195187426551, 0.2160637682273113, -0.33688531242381997, -6.877685588093608e-17, -0.23659592978982644, -0.3864406671774077, -0.8914516121239375, 0.3409372301130384, -0.3227965794031399, 0.8966493510904331, -0.3030219620996763, 3.559581345378514e-16, 0.0, 0.0, 0.0, 2.0]}
#25
data modify storage ps:ani_data data[-1].frames append value {}
data modify storage ps:ani_data data[-1].frames[-1].part_1 set value {interpolation_duration:1,start_interpolation:0,transformation:[0.9092402284524105, 0.41560705734263403, 0.02351554487576901, 0.0018780347440754553, 0.06132405624238991, -0.07785847267942372, -0.9950765891920116, 0.2517611791466169, -0.41172996865638534, 0.9062057338811222, -0.09627876604520887, 0.0014371740445738145, 0.0, 0.0, 0.0, 2.0]}
#26
data modify storage ps:ani_data data[-1].frames append value {}
data modify storage ps:ani_data data[-1].frames[-1].part_1 set value {interpolation_duration:1,start_interpolation:0,transformation:[0.8985703670018144, 0.43853057812445423, -0.016193442995731278, 0.0007463414330751959, -0.07602236078422621, 0.11921788260575053, -0.9899533812901464, 0.269060211973495, -0.4321942806273781, 0.8907738369063346, 0.14046378635132106, 0.0002521859884157641, 0.0, 0.0, 0.0, 2.0]}
#27
data modify storage ps:ani_data data[-1].frames append value {}
data modify storage ps:ani_data data[-1].frames[-1].part_1 set value {interpolation_duration:1,start_interpolation:0,transformation:[0.875387528982604, 0.48275051136366126, 0.025467977537570283, 0.00024947984946817824, -0.12689515251590966, 0.2802998821647976, -0.9514880957354979, 0.2749611179859269, -0.4664700358755046, 0.8296890500883595, 0.30662972098898233, -0.00015987537123982143, 0.0, 0.0, 0.0, 2.0]}
#28
data modify storage ps:ani_data data[-1].frames append value {}
data modify storage ps:ani_data data[-1].frames[-1].part_1 set value {interpolation_duration:1,start_interpolation:0,transformation:[0.8529438976009627, 0.5074688075544336, 0.12231973227799146, -1.1338817611995952e-05, -0.12847773151005934, 0.4312050700218489, -0.8930597181003525, 0.2645273442482708, -0.5059448389412697, 0.7460144750249377, 0.43299217429644027, -0.00019941224075946024, 0.0, 0.0, 0.0, 2.0]}
#29
data modify storage ps:ani_data data[-1].frames append value {}
data modify storage ps:ani_data data[-1].frames[-1].part_1 set value {interpolation_duration:1,start_interpolation:0,transformation:[0.8356529610806968, 0.4827015739565976, 0.2620750257786631, -0.00012999386430367996, -0.08731063790199073, 0.5878168866626939, -0.8042687114785239, 0.236700782186401, -0.5422738986399871, 0.6492075925726692, 0.5333559042513621, -0.00012005910337784067, 0.0, 0.0, 0.0, 2.0]}
#30
data modify storage ps:ani_data data[-1].frames append value {}
data modify storage ps:ani_data data[-1].frames[-1].part_1 set value {interpolation_duration:1,start_interpolation:0,transformation:[0.8202892494669886, 0.3882232604263645, 0.4200098180671587, -0.00011247707813757094, -0.009048328410645826, 0.7430651078443191, -0.669157958375512, 0.18881665332156483, -0.571877325098537, 0.545102692681144, 0.6130410911757127, -5.2175436371282514e-05, 0.0, 0.0, 0.0, 2.0]}
#31
data modify storage ps:ani_data data[-1].frames append value {}
data modify storage ps:ani_data data[-1].frames[-1].part_1 set value {interpolation_duration:1,start_interpolation:0,transformation:[0.7975201390188227, 0.25219871126428856, 0.5480487550355616, -0.00035758077179138636, -0.006584072567733462, 0.9120142581464982, -0.4101056484930619, 0.12912392099158776, -0.6032563947840254, 0.3234591210247812, 0.7290102325605969, -0.00014922864886877078, 0.0, 0.0, 0.0, 2.0]}
#32
data modify storage ps:ani_data data[-1].frames append value {}
data modify storage ps:ani_data data[-1].frames[-1].part_1 set value {interpolation_duration:1,start_interpolation:0,transformation:[0.7779369146222836, 0.048384260624282485, 0.6264767515174068, -0.00014807997975485444, -0.007257835065618454, 0.9976562765597503, -0.06803879533836014, 0.04943084324810717, -0.6283004700763174, 0.048383025585183155, 0.7764648106238309, -7.26516002694179e-05, 0.0, 0.0, 0.0, 2.0]}
#33
data modify storage ps:ani_data data[-1].frames append value {}
data modify storage ps:ani_data data[-1].frames[-1].part_1 set value {interpolation_duration:1,start_interpolation:0,transformation:[0.7774882426474282, -0.03351826259016917, 0.6280036294624017, -0.0009428724287982224, 0.032007953192640416, 0.9993935315281122, 0.013713499633053048, 0.0378158533468659, -0.6280824177426324, 0.009439026046392287, 0.778089571521084, 0.00036493914014974435, 0.0, 0.0, 0.0, 2.0]}
#34
data modify storage ps:ani_data data[-1].frames append value {}
data modify storage ps:ani_data data[-1].frames[-1].part_1 set value {interpolation_duration:1,start_interpolation:0,transformation:[0.7797817406211676, -0.0015401680988284862, 0.6260495706220469, -0.0002160134145709302, -0.000931845403722029, 0.9999930107513503, 0.003620788946253217, 0.03078547777773145, -0.6260507716295582, -0.003406806521817521, 0.7797748553341262, 0.00016619932362351849, 0.0, 0.0, 0.0, 2.0]}
#35
data modify storage ps:ani_data data[-1].frames append value {}
data modify storage ps:ani_data data[-1].frames[-1].part_1 set value {interpolation_duration:1,start_interpolation:0,transformation:[0.7794833718783871, 0.0030236286541998384, 0.6264156213209098, -0.00018942250345406508, -0.0021648461060340173, 0.9999953818361257, -0.0021330137735717817, 0.031281700118441245, -0.6264191778724826, 0.0003065553499113243, 0.7794863177871568, 5.8526400167999975e-05, 0.0, 0.0, 0.0, 2.0]}
#36
data modify storage ps:ani_data data[-1].frames append value {}
data modify storage ps:ani_data data[-1].frames[-1].part_1 set value {interpolation_duration:1,start_interpolation:0,transformation:[0.7794311011153606, 0.00036708405311356427, 0.6264878481370524, -0.00015027179952905245, -0.00021686405101772478, 0.9999999265149738, -0.0003161329316286645, 0.03130112489362342, -0.6264879181469344, 0.0001105411463377787, 0.7794311234461804, 8.148906751036503e-06, 0.0, 0.0, 0.0, 2.0]}
#37
data modify storage ps:ani_data data[-1].frames append value {}
data modify storage ps:ani_data data[-1].frames[-1].part_1 set value {interpolation_duration:1,start_interpolation:0,transformation:[0.7793755016294613, -5.0027587142505636e-05, 0.6265571202668322, -0.0001538749573710231, 1.4536500874956217e-05, 0.9999999979869963, 6.176323455387979e-05, 0.03135449144184219, -0.626557122095436, -3.902880378571929e-05, 0.779375500787802, 6.988104725292616e-06, 0.0, 0.0, 0.0, 2.0]}
#38
data modify storage ps:ani_data data[-1].frames append value {}
data modify storage ps:ani_data data[-1].frames[-1].part_1 set value {interpolation_duration:1,start_interpolation:0,transformation:[0.7793751215571736, 1.674255187317947e-05, 0.6265575948126615, -0.00015981459173069532, -4.290644916009503e-05, 0.999999998724411, 2.6649852010660664e-05, 0.03135342053233012, -0.6265575935672448, -4.7653593237990246e-05, 0.779375121281375, 1.2749351023597572e-05, 0.0, 0.0, 0.0, 2.0]}
#39
data modify storage ps:ani_data data[-1].frames append value {}
data modify storage ps:ani_data data[-1].frames[-1].part_1 set value {interpolation_duration:1,start_interpolation:0,transformation:[0.7793742638093638, 5.399403241184797e-06, 0.6265586619642715, -0.00010462477213821188, -4.290660438595011e-05, 0.9999999980780587, 4.4753830211433614e-05, 0.031355400956865224, -0.6265586605184187, -6.17634881071766e-05, 0.7793742625431226, 3.294954066129353e-05, 0.0, 0.0, 0.0, 2.0]}
#40
data modify storage ps:ani_data data[-1].frames append value {}
data modify storage ps:ani_data data[-1].frames[-1].part_1 set value {interpolation_duration:1,start_interpolation:0,transformation:[0.7793735717970686, 2.077778191534321e-06, 0.6265595227749412, -7.363624794720642e-05, -2.961928063940961e-05, 0.9999999989993168, 3.352707219819381e-05, 0.031353947162626, -0.6265595220782917, -4.468835635337006e-05, 0.7793735710787048, -1.0221210470399917e-05, 0.0, 0.0, 0.0, 2.0]}
#41
data modify storage ps:ani_data data[-1].frames append value {}
data modify storage ps:ani_data data[-1].frames[-1].part_1 set value {interpolation_duration:1,start_interpolation:0,transformation:[0.7793732500403632, 7.066170056346754e-06, 0.6265599229695357, -6.76194950507967e-05, -3.795899933792728e-05, 0.9999999986337443, 3.593919401813174e-05, 0.031352693909609174, -0.6265599218595421, -5.179363414691491e-05, 0.7793732492437648, 4.907164637049156e-07, 0.0, 0.0, 0.0, 2.0]}
#42
data modify storage ps:ani_data data[-1].frames append value {}
data modify storage ps:ani_data data[-1].frames[-1].part_1 set value {interpolation_duration:1,start_interpolation:0,transformation:[0.7793746328268247, -7.587665594228022e-07, 0.6265582029671912, -4.026680836079591e-05, -3.5271926699102114e-05, 0.9999999983615857, 4.508569410568586e-05, 0.031357470759777024, -0.6265582019748387, -5.7238561297141385e-05, 0.7793746315231231, -3.6672435840190236e-05, 0.0, 0.0, 0.0, 2.0]}
#43
data modify storage ps:ani_data data[-1].frames append value {}
data modify storage ps:ani_data data[-1].frames[-1].part_1 set value {interpolation_duration:1,start_interpolation:0,transformation:[0.7793753684141559, -3.711580116302494e-06, 0.6265572879597863, -7.36994862293525e-05, -2.8020836230805036e-05, 0.9999999987759561, 4.077892024145705e-05, 0.031348598567324235, -0.6265572873442069, -4.93387451418556e-05, 0.7793753673561649, -4.3588731048907584e-05, 0.0, 0.0, 0.0, 2.0]}
#44
data modify storage ps:ani_data data[-1].frames append value {}
data modify storage ps:ani_data data[-1].frames[-1].part_1 set value {interpolation_duration:1,start_interpolation:0,transformation:[0.7793752932692932, -4.6109172231069333e-07, 0.6265573814433838, -4.818095590081049e-05, -3.506697893071562e-05, 0.9999999984014368, 4.435575979608736e-05, 0.031352867060141634, -0.6265573804622444, -5.654125779321744e-05, 0.7793752920072434, -7.43784765429108e-05, 0.0, 0.0, 0.0, 2.0]}
#45
data modify storage ps:ani_data data[-1].frames append value {}
data modify storage ps:ani_data data[-1].frames[-1].part_1 set value {interpolation_duration:1,start_interpolation:0,transformation:[0.7793808416393464, 1.0156108128612825e-05, 0.626550479676137, -4.1702504556953355e-05, -4.164990772270975e-05, 0.9999999984989718, 3.559973656597928e-05, 0.03135276742247232, -0.6265504783741123, -5.3841522309062586e-05, 0.779380840892475, -3.5799998311360743e-05, 0.0, 0.0, 0.0, 2.0]}
#46
data modify storage ps:ani_data data[-1].frames append value {}
data modify storage ps:ani_data data[-1].frames[-1].part_1 set value {interpolation_duration:1,start_interpolation:0,transformation:[0.779386817466967, -3.4628759548805146e-06, 0.6265430462041063, -6.573396122939858e-05, -3.560800755057789e-05, 0.9999999981249461, 4.9821457310378e-05, 0.03136144881046185, -0.6265430452018298, -6.114013657469977e-05, 0.7793868158822687, -3.5530029876698985e-06, 0.0, 0.0, 0.0, 2.0]}
#47
data modify storage ps:ani_data data[-1].frames append value {}
data modify storage ps:ani_data data[-1].frames[-1].part_1 set value {interpolation_duration:1,start_interpolation:0,transformation:[0.7793868342827087, 2.110784388578997e-05, 0.6265430249402161, -5.7634901690199446e-05, -4.068332754866021e-05, 0.9999999990293146, 1.691856038449612e-05, 0.03135992552634605, -0.6265430239749257, -3.867595832566449e-05, 0.7793868343849064, -4.918316344217098e-05, 0.0, 0.0, 0.0, 2.0]}
#48
data modify storage ps:ani_data data[-1].frames append value {}
data modify storage ps:ani_data data[-1].frames[-1].part_1 set value {interpolation_duration:1,start_interpolation:0,transformation:[0.7793826124714253, 1.2192877508577582e-05, 0.6265482768538665, -2.976710938649478e-05, -3.813852576777773e-05, 0.9999999988812502, 2.7981285722778528e-05, 0.03135440348726292, -0.6265482758117433, -4.5703755168476464e-05, 0.7793826120645095, -5.825596388349304e-05, 0.0, 0.0, 0.0, 2.0]}
#49
data modify storage ps:ani_data data[-1].frames append value {}
data modify storage ps:ani_data data[-1].frames[-1].part_1 set value {interpolation_duration:1,start_interpolation:0,transformation:[0.7793804304035271, 2.4533421439069312e-05, 0.6265509908236707, -2.9742784352009446e-05, -5.051196928476197e-05, 0.9999999984439788, 2.367663474810087e-05, 0.03136052890469961, -0.6265509892678753, -5.010143018430442e-05, 0.7793804304300262, -1.7383014673855717e-05, 0.0, 0.0, 0.0, 2.0]}
#50
data modify storage ps:ani_data data[-1].frames append value {}
data modify storage ps:ani_data data[-1].frames[-1].part_1 set value {interpolation_duration:1,start_interpolation:0,transformation:[0.7793800990922702, 1.0148402561443873e-05, 0.6265514033468702, 1.9809761756975006e-05, -4.4891404460029184e-05, 0.9999999982065536, 3.9644097165087854e-05, 0.03136216556636185, -0.6265514018208596, -5.902459283959301e-05, 0.7793800981500699, -3.4771018814582145e-05, 0.0, 0.0, 0.0, 2.0]}
#51
data modify storage ps:ani_data data[-1].frames append value {}
data modify storage ps:ani_data data[-1].frames[-1].part_1 set value {interpolation_duration:1,start_interpolation:0,transformation:[0.7793800516797844, 3.103459531476626e-06, 0.6265514623987278, -4.400728472975249e-05, -3.9922933399528704e-05, 0.9999999982036902, 4.470770567351294e-05, 0.03135842378681455, -0.6265514611344986, -5.985806626302886e-05, 0.7793800504036759, -4.837456138516126e-05, 0.0, 0.0, 0.0, 2.0]}
#52
data modify storage ps:ani_data data[-1].frames append value {}
data modify storage ps:ani_data data[-1].frames[-1].part_1 set value {interpolation_duration:1,start_interpolation:0,transformation:[0.7793791342127121, 2.638629151866739e-05, 0.626552603104964, 9.742886986116377e-06, -4.8759135997301845e-05, 0.9999999986394289, 1.853884519545144e-05, 0.03135275697326229, -0.6265526017633233, -4.499895270199289e-05, 0.7793791344388842, -4.047423022015016e-05, 0.0, 0.0, 0.0, 2.0]}
#53
data modify storage ps:ani_data data[-1].frames append value {}
data modify storage ps:ani_data data[-1].frames[-1].part_1 set value {interpolation_duration:1,start_interpolation:0,transformation:[0.7793852494799143, 4.2307570128566055e-05, 0.6265449952742427, 1.85620449456243e-05, -6.637461277398953e-05, 0.9999999976840904, 1.5040937484909835e-05, 0.03135773755089966, -0.6265449931868754, -5.330936626089722e-05, 0.7793852504830774, -8.116497829800454e-06, 0.0, 0.0, 0.0, 2.0]}
#54
data modify storage ps:ani_data data[-1].frames append value {}
data modify storage ps:ani_data data[-1].frames[-1].part_1 set value {interpolation_duration:1,start_interpolation:0,transformation:[0.7793853556872837, 3.566796620129839e-05, 0.6265448635716375, 4.1397924259753175e-06, -5.2261614155896054e-05, 0.9999999986016992, 8.08237507110579e-06, 0.0313566858188961, -0.6265448624072577, -3.9043530680931286e-05, 0.7793853564615342, -1.7103847735304022e-06, 0.0, 0.0, 0.0, 2.0]}
#55
data modify storage ps:ani_data data[-1].frames append value {}
data modify storage ps:ani_data data[-1].frames[-1].part_1 set value {interpolation_duration:1,start_interpolation:0,transformation:[0.7793854920356199, 2.5249755915559848e-05, 0.6265446944686742, 4.4692447927391154e-05, -4.900497373620432e-05, 0.9999999985858516, 2.065935567247622e-05, 0.031352456122026494, -0.6265446930610035, -4.680540838292729e-05, 0.779385492170817, 4.5881902341010495e-05, 0.0, 0.0, 0.0, 2.0]}
#56
data modify storage ps:ani_data data[-1].frames append value {}
data modify storage ps:ani_data data[-1].frames[-1].part_1 set value {interpolation_duration:1,start_interpolation:0,transformation:[0.779385336522341, 1.6491873987347844e-05, 0.6265448882099148, 3.319185176402816e-05, -4.3126473100316295e-05, 0.9999999986967288, 2.732488462777362e-05, 0.03135395915493977, -0.6265448869427186, -4.8317285668577076e-05, 0.779385336217827, 7.023837015139975e-05, 0.0, 0.0, 0.0, 2.0]}
#57
data modify storage ps:ani_data data[-1].frames append value {}
data modify storage ps:ani_data data[-1].frames[-1].part_1 set value {interpolation_duration:1,start_interpolation:0,transformation:[0.7793831419736739, 9.587208651407993e-06, 0.6265476182345036, 2.0506322589941884e-05, -4.697107427600115e-05, 0.9999999979668804, 4.312721656389578e-05, 0.031360785689426934, -0.6265476165471878, -6.304224026369266e-05, 0.7793831408394163, 6.613774639238179e-05, 0.0, 0.0, 0.0, 2.0]}
#58
data modify storage ps:ani_data data[-1].frames append value {}
data modify storage ps:ani_data data[-1].frames[-1].part_1 set value {interpolation_duration:1,start_interpolation:0,transformation:[0.7793794118700418, 1.731974270141076e-05, 0.6265522580384927, -9.34785740908629e-06, -2.780156969571979e-05, 0.9999999995894551, 6.939929253190436e-06, 0.03135273718090351, -0.6265522576610668, -2.2827974249639032e-05, 0.7793794120315879, 3.741629164825975e-05, 0.0, 0.0, 0.0, 2.0]}
#59
data modify storage ps:ani_data data[-1].frames append value {}
data modify storage ps:ani_data data[-1].frames[-1].part_1 set value {interpolation_duration:1,start_interpolation:0,transformation:[0.7793738229062759, 3.766312759268256e-05, 0.6265592092930611, -1.1039179036489627e-06, -6.337578420812369e-05, 0.9999999978165026, 1.872177367045401e-05, 0.031357290116244566, -0.6265592072198503, -5.429994155889745e-05, 0.7793738235914452, -5.738631079315631e-06, 0.0, 0.0, 0.0, 2.0]}
data modify storage ps:ani_data data[-1].frames[-1].is_last set value 1
data modify storage ps:ani_data data[-1].frames[-1].keep_alive set value 1
