data modify storage ps:ani_data data append value {ani_tag:'coin',height:0.1,width:0.3}
data modify storage ps:ani_data data[-1].parts.part_1 set value {name:'coin',init_pos:[1.0, 0.0, 0.0, 0.0, 0.0, 1.0, 0.0, 0.03125, 0.0, 0.0, 1.0, 0.0, 0.0, 0.0, 0.0, 2.0],item_model:'cointosser:test_coin'}
data modify storage ps:ani_data data[-1].frames append value {}
data modify storage ps:ani_data data[-1].frames[-1].part_1 set value {interpolation_duration:1,start_interpolation:0,transformation:[0.9948598585529008, 0.04811671839551274, 0.08909906425405721, 0.00016357532744198518, -0.09571927420318813, 0.7339587386463785, 0.6724153407757972, 0.24710887117000963, -0.03304061721754868, -0.6774875285755919, 0.7347917842752593, 0.00014134682765619744, 0.0, 0.0, 0.0, 2.0]}
data modify storage ps:ani_data data[-1].frames append value {}
data modify storage ps:ani_data data[-1].frames[-1].part_1 set value {interpolation_duration:1,start_interpolation:0,transformation:[0.9563445967345418, 0.11333950457982636, 0.2693680920195359, -4.686623244089222e-05, -0.2855622069598633, 0.16648507229848022, 0.9437886133335058, 0.5306245505480985, 0.06212276758852477, -0.9795084876627508, 0.19158257839316395, 6.167206885143893e-05, 0.0, 0.0, 0.0, 2.0]}
data modify storage ps:ani_data data[-1].frames append value {}
data modify storage ps:ani_data data[-1].frames[-1].part_1 set value {interpolation_duration:1,start_interpolation:0,transformation:[0.886194732841841, 0.049979338866035436, 0.4606093368244852, -1.2822795068702332e-05, -0.3877948249591213, -0.4639883094480295, 0.7964483802673492, 0.7874804567946658, 0.25352331099585773, -0.8844302767217286, -0.39180226696590714, 1.6063110075948944e-05, 0.0, 0.0, 0.0, 2.0]}
data modify storage ps:ani_data data[-1].frames append value {}
data modify storage ps:ani_data data[-1].frames[-1].part_1 set value {interpolation_duration:1,start_interpolation:0,transformation:[0.8074131578543267, -0.13477488633753035, 0.5743863878404584, -2.9584877367230694e-06, -0.35888929494534116, -0.8849168023222874, 0.2968513549595709, 1.0183983814216278, 0.46827605800140976, -0.44582281567950627, -0.762862733735406, 4.051976593546983e-06, 0.0, 0.0, 0.0, 2.0]}
data modify storage ps:ani_data data[-1].frames append value {}
data modify storage ps:ani_data data[-1].frames[-1].part_1 set value {interpolation_duration:1,start_interpolation:0,transformation:[0.7506186890391188, -0.3743660852198168, 0.5444461570278396, -6.45475352323525e-07, -0.21215630327145316, -0.9169255571079098, -0.3379899787043115, 1.2236589021838002, 0.6257485810190748, 0.1381939107180145, -0.7676855843332453, 1.0212985616081722e-06, 0.0, 0.0, 0.0, 2.0]}
data modify storage ps:ani_data data[-1].frames append value {}
data modify storage ps:ani_data data[-1].frames[-1].part_1 set value {interpolation_duration:1,start_interpolation:0,transformation:[0.7403251249846137, -0.5663496212960117, 0.3621695953201759, -1.3031162093833914e-07, -0.011128486083635758, -0.5489942374783634, -0.8357520469690976, 1.4033979070548745, 0.6721568761189624, 0.6146978393271072, -0.41273684135606714, 2.5804562385421977e-07, 0.0, 0.0, 0.0, 2.0]}
data modify storage ps:ani_data data[-1].frames append value {}
data modify storage ps:ani_data data[-1].frames[-1].part_1 set value {interpolation_duration:1,start_interpolation:0,transformation:[0.7824492943675371, -0.6164082316428166, 0.08839679692567338, -2.2417251590910674e-08, 0.158294427154954, 0.05959393783976917, -0.9855919220977992, 1.5577037594929348, 0.6022590606005258, 0.7851684243114501, 0.14420322253280812, 6.542259204804266e-08, 0.0, 0.0, 0.0, 2.0]}
data modify storage ps:ani_data data[-1].frames append value {}
data modify storage ps:ani_data data[-1].frames[-1].part_1 set value {interpolation_duration:1,start_interpolation:0,transformation:[0.859288360212887, -0.48357101642145855, -0.16668109094844985, -2.280410406053532e-09, 0.2245916426909854, 0.6494883794217085, -0.726445757802692, 1.686649137842995, 0.45954554511605544, 0.5867912039842452, 0.66670381346645, 1.665954722546205e-08, 0.0, 0.0, 0.0, 2.0]}
data modify storage ps:ani_data data[-1].frames append value {}
data modify storage ps:ani_data data[-1].frames[-1].part_1 set value {interpolation_duration:1,start_interpolation:0,transformation:[0.9351066709788661, -0.20504066788823416, -0.28902221091599356, 5.176570186821784e-10, 0.16053434046112117, 0.9722228172740486, -0.17032768155653386, 1.790301468760009, 0.31591808973772784, 0.11287656126786473, 0.9420481104979761, 4.265807026945188e-09, 0.0, 0.0, 0.0, 2.0]}
data modify storage ps:ani_data data[-1].frames append value {}
data modify storage ps:ani_data data[-1].frames[-1].part_1 set value {interpolation_duration:1,start_interpolation:0,transformation:[0.9706381511899963, 0.11291562950152476, -0.21239500951938584, 4.854967994296986e-10, -0.006113660106902702, 0.8942716777991658, 0.4474827253049685, 1.868726346319781, 0.24046663513793942, -0.43304529428287164, 0.8687045357800879, 1.0998557714625512e-09, 0.0, 0.0, 0.0, 2.0]}
data modify storage ps:ani_data data[-1].frames append value {}
data modify storage ps:ani_data data[-1].frames[-1].part_1 set value {interpolation_duration:1,start_interpolation:0,transformation:[0.9404801373998057, 0.33653485759678436, 0.0473434343785281, 2.379667704360832e-10, -0.20508444115115168, 0.45092343453464456, 0.8686820063666562, 1.921988652679345, 0.27099351127686017, -0.8266875744861487, 0.49310259686605384, 2.8599332858379054e-10, 0.0, 0.0, 0.0, 2.0]}
data modify storage ps:ani_data data[-1].frames append value {}
data modify storage ps:ani_data data[-1].frames[-1].part_1 set value {interpolation_duration:1,start_interpolation:0,transformation:[0.8456069595941927, 0.36191495728029566, 0.3923855675004716, 9.767461575022392e-11, -0.35349699039273097, -0.1711368929366044, 0.919647781305042, 1.9501529255803494, 0.39998593433912993, -0.9163676814318624, -0.016778699533820624, 7.513335228072445e-11, 0.0, 0.0, 0.0, 2.0]}
data modify storage ps:ani_data data[-1].frames append value {}
data modify storage ps:ani_data data[-1].frames[-1].part_1 set value {interpolation_duration:1,start_interpolation:0,transformation:[0.7149963104281369, 0.1632233801203294, 0.6798076229759749, 3.692488632313419e-11, -0.3903371392367559, -0.7134996323088433, 0.5818549582392594, 1.953283479057216, 0.580014822057692, -0.6813783111291696, -0.44643745733993245, 1.9979735726793144e-11, 0.0, 0.0, 0.0, 2.0]}
data modify storage ps:ani_data data[-1].frames append value {}
data modify storage ps:ani_data data[-1].frames[-1].part_1 set value {interpolation_duration:1,start_interpolation:0,transformation:[0.5949620314613272, -0.19042241888656924, 0.7808709775019164, 1.3327853468261716e-11, -0.30121134613264183, -0.9535525812191159, -0.0030331190750298442, 1.9314444432747209, 0.7451791100670847, -0.23340260760272022, -0.6246849739539748, 5.388334870942015e-12, 0.0, 0.0, 0.0, 2.0]}
data modify storage ps:ani_data data[-1].frames append value {}
data modify storage ps:ani_data data[-1].frames[-1].part_1 set value {interpolation_duration:1,start_interpolation:0,transformation:[0.5302250420286537, -0.5586686784338207, 0.6377701094773258, 4.673970686771112e-12, -0.12348045452884782, -0.7950765059968085, -0.5938063042451275, 1.8846997778651713, 0.8388170135107308, 0.23609882962207898, -0.4905541361521918, 1.4763691833076992e-12, 0.0, 0.0, 0.0, 2.0]}
data modify storage ps:ani_data data[-1].frames append value {}
data modify storage ps:ani_data data[-1].frames[-1].part_1 set value {interpolation_duration:1,start_interpolation:0,transformation:[0.5446030504366428, -0.7859292369060704, 0.29278448051654754, 1.6081258179515093e-12, 0.06981592201835578, -0.30540151820596106, -0.9496608077151657, 1.8131132765812041, 0.83578301878408, 0.5376291912217335, -0.11145222410716825, 4.1156852492098894e-13, 0.0, 0.0, 0.0, 2.0]}
data modify storage ps:ani_data data[-1].frames append value {}
data modify storage ps:ani_data data[-1].frames[-1].part_1 set value {interpolation_duration:1,start_interpolation:0,transformation:[0.6296962857586408, -0.7668577900191299, -0.12414393899320118, 5.46044424478164e-13, 0.20017414494660635, 0.3145825153359051, -0.9278836956967345, 1.716748569102168, 0.7506083528689692, 0.5594345099579668, 0.3515965438843537, 1.168434094539777e-13, 0.0, 0.0, 0.0, 2.0]}
data modify storage ps:ani_data data[-1].frames append value {}
data modify storage ps:ani_data data[-1].frames[-1].part_1 set value {interpolation_duration:1,start_interpolation:0,transformation:[0.7467870654501818, -0.4934905803213928, -0.4458431630185221, 1.8367658214669542e-13, 0.21541163943813893, 0.8137199840220685, -0.5398681442701523, 1.5956691219070664, 0.6292113353006912, 0.3071267405114371, 0.7139791739203192, 3.3790139025383424e-14, 0.0, 0.0, 0.0, 2.0]}
data modify storage ps:ani_data data[-1].frames append value {}
data modify storage ps:ani_data data[-1].frames[-1].part_1 set value {interpolation_duration:1,start_interpolation:0,transformation:[0.8416573138109504, -0.06321299407289614, -0.5362994345408874, 6.135656375916524e-14, 0.11020392877254283, 0.9923308734066012, 0.05598688924371638, 1.4499382388409126, 0.528647387387502, -0.10622407949439645, 0.8421688576193828, 9.953973394470571e-15, 0.0, 0.0, 0.0, 2.0]}
data modify storage ps:ani_data data[-1].frames append value {}
data modify storage ps:ani_data data[-1].frames[-1].part_1 set value {interpolation_duration:1,start_interpolation:0,transformation:[0.8665048752135291, 0.35720508589350375, -0.3486743865600114, 2.0380367315902335e-14, -0.07255342492037402, 0.7812188240465773, 0.6200267328814187, 1.2796190615799037, 0.4938676966187497, -0.5119586658775269, 0.7028463720254896, 2.9989289195090625e-15, 0.0, 0.0, 0.0, 2.0]}
data modify storage ps:ani_data data[-1].frames append value {}
data modify storage ps:ani_data data[-1].frames[-1].part_1 set value {interpolation_duration:1,start_interpolation:0,transformation:[0.799978096823162, 0.5977935531776514, 0.05174854956836972, 6.7262493585710346e-15, -0.2596063549472057, 0.2670723920949812, 0.928050040596783, 1.0847745700627252, 0.5409617223743441, -0.7558539575605215, 0.36884306929354094, 9.498556756992134e-16, 0.0, 0.0, 0.0, 2.0]}
data modify storage ps:ani_data data[-1].frames append value {}
data modify storage ps:ani_data data[-1].frames[-1].part_1 set value {interpolation_duration:1,start_interpolation:0,transformation:[0.6569250997476708, 0.5550620321848317, 0.5102504813798387, 2.1900184808774676e-15, -0.37685395299140767, -0.3444249068626282, 0.8598561400882242, 0.8654675829100404, 0.6530164710298373, -0.7571509915198646, -0.01708404531201647, 3.499489928221457e-16, 0.0, 0.0, 0.0, 2.0]}
data modify storage ps:ani_data data[-1].frames append value {}
data modify storage ps:ani_data data[-1].frames[-1].part_1 set value {interpolation_duration:1,start_interpolation:0,transformation:[0.4835643100684654, 0.23644240578186249, 0.8427695692038802, 6.830628860329156e-16, -0.3785713273125466, -0.8116215974333438, 0.4449203667135997, 0.6217607578393975, 0.7892080259125763, -0.5341960045974065, -0.30296092240970923, 1.7803023843926038e-16, 0.0, 0.0, 0.0, 2.0]}
data modify storage ps:ani_data data[-1].frames append value {}
data modify storage ps:ani_data data[-1].frames[-1].part_1 set value {interpolation_duration:1,start_interpolation:0,transformation:[0.3397323654603441, -0.2393195798794683, 0.9095647632494531, 1.8109481021468936e-16, -0.2648815720007259, -0.9522856429023917, -0.1516239002809365, 0.35371659207792344, 0.9024520334472869, -0.1894153980232172, -0.38691360058618074, 1.255285373861611e-16, 0.0, 0.0, 0.0, 2.0]}
data modify storage ps:ani_data data[-1].frames append value {}
data modify storage ps:ani_data data[-1].frames[-1].part_1 set value {interpolation_duration:1,start_interpolation:0,transformation:[0.19938956993949447, -0.5297281381056901, 0.8243979009546437, -0.0002815336493336737, -0.23983901839136046, -0.8420843237117145, -0.48308512398546577, 0.0842844218588744, 0.9501163321701253, -0.10140064821323035, -0.29495230781522047, -0.002790168011128694, 0.0, 0.0, 0.0, 2.0]}
data modify storage ps:ani_data data[-1].frames append value {}
data modify storage ps:ani_data data[-1].frames[-1].part_1 set value {interpolation_duration:1,start_interpolation:0,transformation:[0.18819325979890608, 0.020609559088459767, 0.9819157514982844, -0.0002774534744861029, -0.04334876441544909, -0.9986311801768413, 0.02926859412854762, 0.012492385424362023, 0.9811748985730905, -0.04807298672630029, -0.18704225821267662, -0.004250527030555892, 0.0, 0.0, 0.0, 2.0]}
data modify storage ps:ani_data data[-1].frames append value {}
data modify storage ps:ani_data data[-1].frames[-1].part_1 set value {interpolation_duration:1,start_interpolation:0,transformation:[0.13453858298204524, -0.019551063039130172, 0.9907154614838827, -0.0004310309135471825, 0.03682254722164448, -0.9990161417190682, -0.024715351521992918, 0.028164127116417248, 0.9902239492686957, 0.039805835235375654, -0.13368629614108182, -0.0010865184039211718, 0.0, 0.0, 0.0, 2.0]}
data modify storage ps:ani_data data[-1].frames append value {}
data modify storage ps:ani_data data[-1].frames[-1].part_1 set value {interpolation_duration:1,start_interpolation:0,transformation:[0.09769793631192178, 0.032022667281164215, 0.9947007901980328, -0.0002727068293530195, 0.024753472345744258, -0.9992511807224183, 0.02973791236253262, 0.03938978220016908, 0.9949082263441286, 0.021716965834412745, -0.09841745042281276, -0.00023258551167624765, 0.0, 0.0, 0.0, 2.0]}
data modify storage ps:ani_data data[-1].frames append value {}
data modify storage ps:ani_data data[-1].frames[-1].part_1 set value {interpolation_duration:1,start_interpolation:0,transformation:[0.07282533582477954, 0.0012161810494957335, 0.9973439684309834, -0.00020094835678627324, -0.013238492315311188, -0.999909977864754, 0.0021859752341882046, 0.0324107799820236, 0.9972568439390249, -0.013362524842329944, -0.0728026795290708, -0.00015986125963706463, 0.0, 0.0, 0.0, 2.0]}
data modify storage ps:ani_data data[-1].frames append value {}
data modify storage ps:ani_data data[-1].frames[-1].part_1 set value {interpolation_duration:1,start_interpolation:0,transformation:[0.06644706134848519, -0.009949990842034802, 0.9977403398281508, -0.00024679574967789914, 0.0018457173162019533, -0.999947341567665, -0.010094920472586835, 0.02958522087567643, 0.9977882447522313, 0.0025123244222440954, -0.06642519748000811, -0.00015901510311574823, 0.0, 0.0, 0.0, 2.0]}
data modify storage ps:ani_data data[-1].frames append value {}
data modify storage ps:ani_data data[-1].frames[-1].part_1 set value {interpolation_duration:1,start_interpolation:0,transformation:[0.06620591738743042, -0.0032061466699514203, 0.9978008303897226, -0.00012089907655356676, 0.0007361216955117575, -0.9999944086004109, -0.0032620381303883105, 0.030798879385463752, 0.9978057098592582, 0.0009504690660246585, -0.06620318708956839, -0.00028483539920569925, 0.0, 0.0, 0.0, 2.0]}
data modify storage ps:ani_data data[-1].frames append value {}
data modify storage ps:ani_data data[-1].frames[-1].part_1 set value {interpolation_duration:1,start_interpolation:0,transformation:[0.06621012853231793, -0.0007535047626102896, 0.9978054174588882, -7.673882391907699e-05, 0.00028667391127081926, -0.999999659228362, -0.0007741842335518979, 0.031244724099568442, 0.997805660786609, 0.0003373036193213173, -0.06620988995962653, -0.0002902391480846058, 0.0, 0.0, 0.0, 2.0]}
data modify storage ps:ani_data data[-1].frames append value {}
data modify storage ps:ani_data data[-1].frames[-1].part_1 set value {interpolation_duration:1,start_interpolation:0,transformation:[0.06627992087105619, -4.401794186671119e-05, 0.9978010674236358, -3.3676268628033094e-05, -2.3270226608840795e-05, -0.9999999988231799, -4.2569199836895585e-05, 0.03135619101926793, 0.997801068123212, -2.0397573752757623e-05, -0.06627992181736413, -0.00025291858782661375, 0.0, 0.0, 0.0, 2.0]}
data modify storage ps:ani_data data[-1].frames append value {}
data modify storage ps:ani_data data[-1].frames[-1].part_1 set value {interpolation_duration:1,start_interpolation:0,transformation:[0.06629136586054331, -3.7830814337858216e-05, 0.9978003073667461, -3.966607329338215e-05, -3.192699480796675e-05, -0.9999999988497617, -3.5793063939771075e-05, 0.03135645590404371, 0.9978003075731187, -2.948399413578455e-05, -0.06629136699211666, -0.00021084921912338766, 0.0, 0.0, 0.0, 2.0]}
data modify storage ps:ani_data data[-1].frames append value {}
data modify storage ps:ani_data data[-1].frames[-1].part_1 set value {interpolation_duration:1,start_interpolation:0,transformation:[0.06629070110086027, -1.5803368175598686e-05, 0.9978003521235145, -7.186524395523277e-07, -1.4689042329619128e-06, -0.9999999998750376, -1.5740617297584e-05, 0.031351974121373805, 0.997800352247582, -4.2221660446794546e-07, -0.0662907011157901, -0.00012478035904771607, 0.0, 0.0, 0.0, 2.0]}
data modify storage ps:ani_data data[-1].frames append value {}
data modify storage ps:ani_data data[-1].frames[-1].part_1 set value {interpolation_duration:1,start_interpolation:0,transformation:[0.06628126845009083, -1.924280015856298e-05, 0.997800978693828, -1.688403492946161e-05, 2.948281525789168e-06, -0.9999999998058984, -1.948105524966592e-05, 0.03135158319525657, 0.9978009788750232, 4.233027244591521e-06, -0.06628126838049231, -0.00010873785346123471, 0.0, 0.0, 0.0, 2.0]}
data modify storage ps:ani_data data[-1].frames append value {}
data modify storage ps:ani_data data[-1].frames[-1].part_1 set value {interpolation_duration:1,start_interpolation:0,transformation:[0.06627949431763873, -1.9857674518118318e-05, 0.9978010965311025, 8.211433487862454e-07, -2.787242143511303e-05, -0.9999999994486626, -1.8049994705013066e-05, 0.031351524765345175, 0.9978010963394086, -2.661478814944847e-05, -0.06627949483457785, -7.66901785978403e-05, 0.0, 0.0, 0.0, 2.0]}
data modify storage ps:ani_data data[-1].frames append value {}
data modify storage ps:ani_data data[-1].frames[-1].part_1 set value {interpolation_duration:1,start_interpolation:0,transformation:[0.06627644900112585, -3.8993642623925343e-05, 0.9978012982489533, -8.299395478678332e-06, -3.1621818217607194e-05, -0.9999999988163008, -3.697916691439342e-05, 0.03135648187568504, 0.9978012985098091, -2.9101443400414944e-05, -0.06627645015572436, -3.2033561012951796e-06, 0.0, 0.0, 0.0, 2.0]}
data modify storage ps:ani_data data[-1].frames append value {}
data modify storage ps:ani_data data[-1].frames[-1].part_1 set value {interpolation_duration:1,start_interpolation:0,transformation:[0.06627317415757544, -1.7151346578025965e-05, 0.9978015163813447, -9.358045224351161e-06, 1.6757247691161056e-06, -0.9999999998489433, -1.7300436902023613e-05, 0.03135303709993863, 0.9978015165273459, 2.8185955834717852e-06, -0.0662731741188235, 3.930750812703411e-05, 0.0, 0.0, 0.0, 2.0]}
data modify storage ps:ani_data data[-1].frames append value {}
data modify storage ps:ani_data data[-1].frames[-1].part_1 set value {interpolation_duration:1,start_interpolation:0,transformation:[0.06627316425146394, 2.3819961790971767e-06, 0.9978015171838658, 1.0588244327316616e-06, 1.7477081566063876e-05, -0.9999999998465239, 1.2264309688778657e-06, 0.03135332328490034, 0.9978015170336484, 1.7357379041521186e-05, -0.06627316428292294, 6.540069127147317e-05, 0.0, 0.0, 0.0, 2.0]}
data modify storage ps:ani_data data[-1].frames append value {}
data modify storage ps:ani_data data[-1].frames[-1].part_1 set value {interpolation_duration:1,start_interpolation:0,transformation:[0.06627153888049651, -4.447356592423728e-05, 0.9978016241500675, -8.279270729862065e-07, -1.8243830338828156e-05, -0.9999999988935431, -4.335984038936929e-05, 0.03136361535478843, 0.9978016249744098, -1.53302001945848e-05, -0.0662715396185381, 0.0001289269765424708, 0.0, 0.0, 0.0, 2.0]}
data modify storage ps:ani_data data[-1].frames append value {}
data modify storage ps:ani_data data[-1].frames[-1].part_1 set value {interpolation_duration:1,start_interpolation:0,transformation:[0.06627694764867935, -2.6144124447278314e-05, 0.9978012655468314, 1.7861863379516488e-05, -4.067890763426629e-05, -0.9999999988964949, -2.3499720231258696e-05, 0.03135742168550503, 0.9978012650601324, -3.903197579100782e-05, -0.06627694863905684, 9.960171465239021e-05, 0.0, 0.0, 0.0, 2.0]}
data modify storage ps:ani_data data[-1].frames append value {}
data modify storage ps:ani_data data[-1].frames[-1].part_1 set value {interpolation_duration:1,start_interpolation:0,transformation:[0.06627572297713578, -2.578891234625818e-06, 0.9978013472316053, -2.599831792278039e-05, 2.0495263020613918e-05, -0.9999999997821868, -3.945905283938198e-06, 0.03135553963290261, 0.9978013470244474, 2.071171877932698e-05, -0.06627572290984501, -1.8082588847753758e-05, 0.0, 0.0, 0.0, 2.0]}
data modify storage ps:ani_data data[-1].frames append value {}
data modify storage ps:ani_data data[-1].frames[-1].part_1 set value {interpolation_duration:1,start_interpolation:0,transformation:[0.06628894723095531, 3.884300581939715e-05, 0.9978004680126344, -1.2329932744481755e-05, 3.1570509921840293e-06, -0.9999999992454404, 3.8718891644148114e-05, 0.03136442178853003, 0.9978004687636925, 5.834723925009652e-07, -0.06628894730356569, -1.1251316387416479e-05, 0.0, 0.0, 0.0, 2.0]}
data modify storage ps:ani_data data[-1].frames append value {}
data modify storage ps:ani_data data[-1].frames[-1].part_1 set value {interpolation_duration:1,start_interpolation:0,transformation:[0.0662856212939694, -2.0026184950286515e-05, 0.9978006895210204, -3.9062199569874596e-05, -1.094543008763226e-06, -0.9999999997994489, -1.999761344370271e-05, 0.03135568285799409, 0.9978006897213864, 2.3341846265811004e-07, -0.06628562130259526, -1.4055164090195394e-06, 0.0, 0.0, 0.0, 2.0]}
data modify storage ps:ani_data data[-1].frames append value {}
data modify storage ps:ani_data data[-1].frames[-1].part_1 set value {interpolation_duration:1,start_interpolation:0,transformation:[0.06628796777888463, -4.059303591072277e-05, 0.9978005330124604, -2.7643925242257288e-05, -4.0351654088768866e-05, -0.9999999984638038, -3.8001790385723685e-05, 0.0313605336778631, 0.9978005330222515, -3.774384050107924e-05, -0.06628796931504946, -1.574132414528016e-05, 0.0, 0.0, 0.0, 2.0]}
data modify storage ps:ani_data data[-1].frames append value {}
data modify storage ps:ani_data data[-1].frames[-1].part_1 set value {interpolation_duration:1,start_interpolation:0,transformation:[0.06628870670356923, -2.652666192090012e-05, 0.9978004843955047, -5.905151433419518e-05, -4.036751304247992e-05, -0.9999999988995472, -2.3903327400900974e-05, 0.03136046589449759, 0.9978004839315481, -3.86942034083106e-05, -0.06628870770143704, 4.5002333879133275e-06, 0.0, 0.0, 0.0, 2.0]}
data modify storage ps:ani_data data[-1].frames append value {}
data modify storage ps:ani_data data[-1].frames[-1].part_1 set value {interpolation_duration:1,start_interpolation:0,transformation:[0.06628685209349057, -3.129396405482048e-05, 0.9978006074663534, -4.895667832780812e-05, -2.285183237804423e-05, -0.9999999992935403, -2.9844828492758838e-05, 0.031356281448592205, 0.9978006076954099, -2.082325249647671e-05, -0.06628685276178596, 1.452169605094117e-05, 0.0, 0.0, 0.0, 2.0]}
data modify storage ps:ani_data data[-1].frames append value {}
data modify storage ps:ani_data data[-1].frames[-1].part_1 set value {interpolation_duration:1,start_interpolation:0,transformation:[0.06629147959374738, -3.920954237902105e-05, 0.997800299757363, -3.87599985071676e-05, -4.303800325345793e-05, -0.9999999984100507, -3.643663908608617e-05, 0.03135822000766912, 0.9978002995995753, -4.0527893830818666e-05, -0.06629148117584772, 2.6352336029566858e-05, 0.0, 0.0, 0.0, 2.0]}
data modify storage ps:ani_data data[-1].frames append value {}
data modify storage ps:ani_data data[-1].frames[-1].part_1 set value {interpolation_duration:1,start_interpolation:0,transformation:[0.06629251661251474, -2.2399840653328602e-05, 0.9978002313787198, -3.158732676055112e-05, -2.0265173121241626e-05, -0.9999999995719966, -2.1102832667067138e-05, 0.031354878155919204, 0.9978002314243577, -1.882163454415204e-05, -0.06629251703807795, 3.125274081007796e-05, 0.0, 0.0, 0.0, 2.0]}
data modify storage ps:ani_data data[-1].frames append value {}
data modify storage ps:ani_data data[-1].frames[-1].part_1 set value {interpolation_duration:1,start_interpolation:0,transformation:[0.06629192401541927, -4.7803505700257226e-05, 0.9978002698562267, -3.609118833948272e-05, -3.187870859548102e-05, -0.9999999984434692, -4.579093239222295e-05, 0.03135416983871329, 0.997800270492087, -2.8773015028498527e-05, -0.06629192543614788, 3.1253698182183475e-07, 0.0, 0.0, 0.0, 2.0]}
data modify storage ps:ani_data data[-1].frames append value {}
data modify storage ps:ani_data data[-1].frames[-1].part_1 set value {interpolation_duration:1,start_interpolation:0,transformation:[0.06628575230648309, -4.1600247187287425e-05, 0.9978006801513934, -8.884215221748521e-06, -2.2471832423822488e-05, -0.9999999989395251, -4.0199095493868813e-05, 0.03136512318719105, 0.997800680765543, -1.9757782389886965e-05, -0.06628575317102248, -1.0695632416808194e-05, 0.0, 0.0, 0.0, 2.0]}
data modify storage ps:ani_data data[-1].frames append value {}
data modify storage ps:ani_data data[-1].frames[-1].part_1 set value {interpolation_duration:1,start_interpolation:0,transformation:[0.06629389670508748, -1.62617963469454e-05, 0.9978001398051661, 1.5859699570177546e-06, -3.152151776736886e-05, -0.9999999994023292, -1.420335749515525e-05, 0.03135336973471026, 0.9978001394397824, -3.051057892050243e-05, -0.06629389717806206, -4.086339467974597e-05, 0.0, 0.0, 0.0, 2.0]}
data modify storage ps:ani_data data[-1].frames append value {}
data modify storage ps:ani_data data[-1].frames[-1].part_1 set value {interpolation_duration:1,start_interpolation:0,transformation:[0.06630185609951102, -3.362570754973095e-05, 0.9977996105165964, -9.392402389668704e-06, 3.221268930559808e-05, -0.9999999988389064, -3.584033128965785e-05, 0.03136026417663981, 0.9977996105632141, 3.4518089330543577e-05, -0.0663018549393539, -2.6923901703877848e-06, 0.0, 0.0, 0.0, 2.0]}
data modify storage ps:ani_data data[-1].frames append value {}
data modify storage ps:ani_data data[-1].frames[-1].part_1 set value {interpolation_duration:1,start_interpolation:0,transformation:[0.06630552198728096, -3.679094281083525e-05, 0.9977993668069852, -1.3220359841678534e-05, -4.087495560187659e-05, -0.9999999985813071, -3.415587203699181e-05, 0.03135737580935631, 0.997799366648041, -3.852028189347258e-05, -0.06630552339704195, -1.2469562183307599e-06, 0.0, 0.0, 0.0, 2.0]}
data modify storage ps:ani_data data[-1].frames append value {}
data modify storage ps:ani_data data[-1].frames[-1].part_1 set value {interpolation_duration:1,start_interpolation:0,transformation:[0.06631077641735733, -3.899901771659984e-05, 0.997799017543114, -1.3383022778199656e-05, -5.218348085932221e-05, -0.9999999980041538, -3.561708308185044e-05, 0.03135838143083701, 0.9977990169406916, -4.9706829500532554e-05, -0.06631077832011571, -2.158162556616979e-05, 0.0, 0.0, 0.0, 2.0]}
data modify storage ps:ani_data data[-1].frames append value {}
data modify storage ps:ani_data data[-1].frames[-1].part_1 set value {interpolation_duration:1,start_interpolation:0,transformation:[0.06631088209364135, -4.3783040004189235e-05, 0.9977990103217226, 4.238414861783298e-05, -3.512016063400943e-05, -0.9999999985202676, -4.154563261705817e-05, 0.03135784092219743, 0.9977990106642407, -3.228793397697903e-05, -0.06631088353318637, -2.688088100407415e-05, 0.0, 0.0, 0.0, 2.0]}
data modify storage ps:ani_data data[-1].frames append value {}
data modify storage ps:ani_data data[-1].frames[-1].part_1 set value {interpolation_duration:1,start_interpolation:0,transformation:[0.06630962555054429, -5.1610425071857516e-05, 0.9977990934530407, 4.8958410302212475e-05, -1.6692935213913048e-05, -0.9999999985797379, -5.0614921427125904e-05, 0.031358088750504665, 0.9977990946481623, -1.3299939136409846e-05, -0.06630962631789673, -3.380066029536569e-05, 0.0, 0.0, 0.0, 2.0]}
data modify storage ps:ani_data data[-1].frames append value {}
data modify storage ps:ani_data data[-1].frames[-1].part_1 set value {interpolation_duration:1,start_interpolation:0,transformation:[0.06631038208571051, -4.3361418923182745e-05, 0.9977990435691118, 3.252260110182227e-05, -1.848502595185733e-05, -0.9999999989375239, -4.2228613080908255e-05, 0.031356966341464024, 0.9977990443400667, -1.5644145746768795e-05, -0.06631038281679427, -3.810342272828316e-06, 0.0, 0.0, 0.0, 2.0]}
data modify storage ps:ani_data data[-1].frames append value {}
data modify storage ps:ani_data data[-1].frames[-1].part_1 set value {interpolation_duration:1,start_interpolation:0,transformation:[0.06630694514571342, -5.3311640122236066e-05, 0.9977992714886657, 5.601408888785714e-05, 7.637775796472764e-06, -0.9999999985162442, -5.3936777828683664e-05, 0.03135855366735937, 0.9977992728836337, 1.119735009433735e-05, -0.06630694464014777, 8.917165454259447e-06, 0.0, 0.0, 0.0, 2.0]}
data modify storage ps:ani_data data[-1].frames[-1].is_last set value 1
data modify storage ps:ani_data data[-1].frames[-1].keep_alive set value 1
