data modify storage ps:ani_data data append value {ani_tag:'coin',height:0.1,width:0.3}
data modify storage ps:ani_data data[-1].parts.part_1 set value {name:'coin',init_pos:[1.0, 0.0, 0.0, 0.0, 0.0, 1.0, 0.0, 0.03125, 0.0, 0.0, 1.0, 0.0, 0.0, 0.0, 0.0, 2.0],item_model:'cointosser:test_coin'}
data modify storage ps:ani_data data[-1].frames append value {}
data modify storage ps:ani_data data[-1].frames[-1].part_1 set value {interpolation_duration:1,start_interpolation:0,transformation:[0.9895833235896434, 0.10727254943409094, -0.09600752997127263, 0.00019639724413983027, -0.1434695026610909, 0.6797924205638651, -0.7192348481199308, 0.24719512890421455, -0.011888964608136932, 0.7255169640207121, 0.6881015822091349, -0.0002591507502938882, 0.0, 0.0, 0.0, 2.0]}
data modify storage ps:ani_data data[-1].frames append value {}
data modify storage ps:ani_data data[-1].frames[-1].part_1 set value {interpolation_duration:1,start_interpolation:0,transformation:[0.9433180727392496, 0.16581896461378123, -0.2874979732414141, 3.919784049431534e-05, -0.2951161268114996, 0.02275414559455012, -0.9551904106271383, 0.5310186078350977, -0.1518469141579314, 0.9858936655809669, 0.07040024735779155, -0.0001969210825724514, 0.0, 0.0, 0.0, 2.0]}
data modify storage ps:ani_data data[-1].frames append value {}
data modify storage ps:ani_data data[-1].frames[-1].part_1 set value {interpolation_duration:1,start_interpolation:0,transformation:[0.8770185345043837, 0.075226667401023, -0.47453075627141234, 9.299052636505245e-06, -0.32205078581445074, -0.6408918578675111, -0.6968076620384024, 0.788183390855345, -0.3565414162367079, 0.7639362375426795, -0.5378472306120546, -5.1008588335101506e-05, 0.0, 0.0, 0.0, 2.0]}
data modify storage ps:ani_data data[-1].frames append value {}
data modify storage ps:ani_data data[-1].frames[-1].part_1 set value {interpolation_duration:1,start_interpolation:0,transformation:[0.820921726001359, -0.13336128741529274, -0.5552497517314934, 2.222267326573923e-06, -0.21145631628227582, -0.9742184728546894, -0.07864218621711201, 1.0194100124293564, -0.5304467419857336, 0.18197014636366168, -0.8279571968097792, -1.2421853165817084e-05, 0.0, 0.0, 0.0, 2.0]}
data modify storage ps:ani_data data[-1].frames append value {}
data modify storage ps:ani_data data[-1].frames[-1].part_1 set value {interpolation_duration:1,start_interpolation:0,transformation:[0.8029282626517703, -0.36150507504774054, -0.4739412260499574, 5.235488088760586e-07, -0.02014649203111923, -0.8111065874686679, 0.5845513002498341, 1.2249786397673463, -0.5957351121881683, -0.45980450680659857, -0.6585434622152824, -2.978176298129777e-06, 0.0, 0.0, 0.0, 2.0]}
data modify storage ps:ani_data data[-1].frames append value {}
data modify storage ps:ani_data data[-1].frames[-1].part_1 set value {interpolation_duration:1,start_interpolation:0,transformation:[0.8332266931405079, -0.4901500296118206, -0.2559027672958322, 1.204824406650825e-07, 0.1551453584957528, -0.23697218091512903, 0.959048540590909, 1.4050250276769853, -0.5307195074381174, -0.8388069706099602, -0.12140704460937737, -7.026931548606557e-07, 0.0, 0.0, 0.0, 2.0]}
data modify storage ps:ani_data data[-1].frames append value {}
data modify storage ps:ani_data data[-1].frames[-1].part_1 set value {interpolation_duration:1,start_interpolation:0,transformation:[0.8971807757174901, -0.4416613840222662, -0.001370235928237262, 2.6726148277813348e-08, 0.22682884934505837, 0.4581084430968058, 0.8594680491258633, 1.5596374973382627, -0.3789661314520858, -0.771409020058073, 0.5111876318782403, -1.6202627144204836e-07, 0.0, 0.0, 0.0, 2.0]}
data modify storage ps:ani_data data[-1].frames append value {}
data modify storage ps:ani_data data[-1].frames[-1].part_1 set value {interpolation_duration:1,start_interpolation:0,transformation:[0.9609814311487518, -0.22468011194122822, 0.16134911306038663, 5.5728294468891515e-09, 0.15992648532696951, 0.927220038990402, 0.3386539806138404, 1.688888714596775, -0.2256949451765787, -0.2996361903921386, 0.926973540684429, -3.6053622293941594e-08, 0.0, 0.0, 0.0, 2.0]}
data modify storage ps:ani_data data[-1].frames append value {}
data modify storage ps:ani_data data[-1].frames[-1].part_1 set value {interpolation_duration:1,start_interpolation:0,transformation:[0.9879334749137223, 0.06353120123753198, 0.14124884287743183, 1.0307991691012164e-09, -0.011456375910043745, 0.9394737136030269, -0.3424293984165869, 1.792846103362468, -0.15445452598064255, 0.33667926564945166, 0.9288653677933313, -7.559036153596617e-09, 0.0, 0.0, 0.0, 2.0]}
data modify storage ps:ani_data data[-1].frames append value {}
data modify storage ps:ani_data data[-1].frames[-1].part_1 set value {interpolation_duration:1,start_interpolation:0,transformation:[0.9574131192676246, 0.28129671071403367, -0.06505597279037749, 1.3916884199604487e-10, -0.2020886196163288, 0.4919750285802382, -0.8468298300573973, 1.871575258159002, -0.20620453165680883, 0.82391306082313, 0.5278702106855973, -1.4143839435649487e-09, 0.0, 0.0, 0.0, 2.0]}
data modify storage ps:ani_data data[-1].frames append value {}
data modify storage ps:ani_data data[-1].frames[-1].part_1 set value {interpolation_duration:1,start_interpolation:0,transformation:[0.876672523760393, 0.3128368075538294, -0.36548381348988773, -3.992316070449886e-12, -0.3182882030717553, -0.19250627901473163, -0.9282423995515694, 1.9251410626340546, -0.36074631788687156, 0.9300937933237861, -0.06919270013255424, -1.9812287646878736e-10, 0.0, 0.0, 0.0, 2.0]}
data modify storage ps:ani_data data[-1].frames append value {}
data modify storage ps:ani_data data[-1].frames[-1].part_1 set value {interpolation_duration:1,start_interpolation:0,transformation:[0.7789268158468055, 0.12945448305158386, -0.6136078164207199, -1.3693060040841672e-11, -0.30382086619950716, -0.7780638079399472, -0.5498268746030608, 1.9536080563581741, -0.5486035880456287, 0.6147017549932942, -0.5667237912701619, 1.3404090044463801e-12, 0.0, 0.0, 0.0, 2.0]}
data modify storage ps:ani_data data[-1].frames append value {}
data modify storage ps:ani_data data[-1].frames[-1].part_1 set value {interpolation_duration:1,start_interpolation:0,transformation:[0.7079962660590241, -0.19053316560241534, -0.6800282347461771, -7.579650898665364e-12, -0.1666188584629975, -0.9808005498901323, 0.1013332982770311, 1.9570405553020909, -0.686279420681523, 0.04156193138843199, -0.7261495456228669, 1.6986056224298255e-11, 0.0, 0.0, 0.0, 2.0]}
data modify storage ps:ani_data data[-1].frames append value {}
data modify storage ps:ani_data data[-1].frames[-1].part_1 set value {interpolation_duration:1,start_interpolation:0,transformation:[0.696730979126347, -0.4953420017021455, -0.5188470334071051, -3.2559793306473854e-12, 0.026113243030376883, -0.7053069823521945, 0.7084208912671042, 1.9355026915986608, -0.7168570577626187, -0.5071275598850385, -0.47847423832529207, 9.69811195258223e-12, 0.0, 0.0, 0.0, 2.0]}
data modify storage ps:ani_data data[-1].frames append value {}
data modify storage ps:ani_data data[-1].frames[-1].part_1 set value {interpolation_duration:1,start_interpolation:0,transformation:[0.7499179815224463, -0.6320766514281502, -0.19519766317422108, -1.2597494116701147e-12, 0.1812282820220528, -0.08748615703559488, 0.9795419756817362, 1.8890584268552633, -0.636222705335667, -0.7699514783715398, 0.04894272334928644, 4.209767628586783e-12, 0.0, 0.0, 0.0, 2.0]}
data modify storage ps:ani_data data[-1].frames append value {}
data modify storage ps:ani_data data[-1].frames[-1].part_1 set value {interpolation_duration:1,start_interpolation:0,transformation:[0.8404875960326293, -0.5229765060733209, 0.14169041961485423, -4.60933565879433e-13, 0.22468945289033457, 0.5743685198217218, 0.7871565620622406, 1.8177715567984944, -0.49304690514710037, -0.6297589836859383, 0.6002569214858918, 1.6371333304032544e-12, 0.0, 0.0, 0.0, 2.0]}
data modify storage ps:ani_data data[-1].frames append value {}
data modify storage ps:ani_data data[-1].frames[-1].part_1 set value {interpolation_duration:1,start_interpolation:0,transformation:[0.9214325656757175, -0.20749447944914545, 0.328493634505134, -1.6305052065728027e-13, 0.13655339957449636, 0.9644677883437256, 0.22617483129652285, 1.721705713077898, -0.36375155804052905, -0.16354793256256947, 0.9170261052868651, 6.007910908226819e-13, 0.0, 0.0, 0.0, 2.0]}
data modify storage ps:ani_data data[-1].frames append value {}
data modify storage ps:ani_data data[-1].frames[-1].part_1 set value {interpolation_duration:1,start_interpolation:0,transformation:[0.9480711683870087, 0.1719414675972851, 0.26757651502660657, -5.64176423635658e-14, -0.040459934746230664, 0.8996446601372302, -0.43474415368915326, 1.600924364138048, -0.3154743307364687, 0.4013422693998965, 0.8598839046285947, 2.129379953012351e-13, 0.0, 0.0, 0.0, 2.0]}
data modify storage ps:ani_data data[-1].frames append value {}
data modify storage ps:ani_data data[-1].frames[-1].part_1 set value {interpolation_duration:1,start_interpolation:0,transformation:[0.8999996328705308, 0.43530813861840395, -0.022527434063607018, -1.921635334726486e-14, -0.22217243489254038, 0.4136503837027729, -0.8829115296769368, 1.4554908157846342, -0.37502009280414517, 0.7996250274441946, 0.46899866255464023, 7.382369107019494e-14, 0.0, 0.0, 0.0, 2.0]}
data modify storage ps:ani_data data[-1].frames append value {}
data modify storage ps:ani_data data[-1].frames[-1].part_1 set value {interpolation_duration:1,start_interpolation:0,transformation:[0.7919575661109034, 0.4509982500542955, -0.41158691904342304, -6.4523953100578595e-15, -0.3231859173723184, -0.26228631560446813, -0.9092616518136275, 1.285468211649554, -0.518029030356318, 0.8531157407377946, -0.06196334895320309, 2.5265352675628164e-14, 0.0, 0.0, 0.0, 2.0]}
data modify storage ps:ani_data data[-1].frames append value {}
data modify storage ps:ani_data data[-1].frames[-1].part_1 set value {interpolation_duration:1,start_interpolation:0,transformation:[0.6680025800630128, 0.2011432044623659, -0.716459324963929, -2.1184808410806616e-15, -0.2968348440919951, -0.8108448167861617, -0.5044003949481958, 1.090919533622197, -0.6823940418570772, 0.5496108572341215, -0.4819401179071264, 8.625699853644428e-15, 0.0, 0.0, 0.0, 2.0]}
data modify storage ps:ani_data data[-1].frames append value {}
data modify storage ps:ani_data data[-1].frames[-1].part_1 set value {interpolation_duration:1,start_interpolation:0,transformation:[0.5813823230627162, -0.20589469190692486, -0.7871479976946849, -6.572185483629225e-16, -0.15626159928829592, -0.9776971833971532, 0.14032294953120497, 0.8719076022689405, -0.7984841307240007, 0.04141972261888708, -0.6005892935776586, 2.9851091482740038e-15, 0.0, 0.0, 0.0, 2.0]}
data modify storage ps:ani_data data[-1].frames append value {}
data modify storage ps:ani_data data[-1].frames[-1].part_1 set value {interpolation_duration:1,start_interpolation:0,transformation:[0.5694412175693229, -0.5831162635104652, -0.579406699100693, -1.7071644196956146e-16, 0.03265826807131872, -0.6882424140518044, 0.724745346329817, 0.6284950772480633, -0.8213830636552893, -0.4316222917432999, -0.37287003099003907, 1.066215055677278e-15, 0.0, 0.0, 0.0, 2.0]}
data modify storage ps:ani_data data[-1].frames append value {}
data modify storage ps:ani_data data[-1].frames[-1].part_1 set value {interpolation_duration:1,start_interpolation:0,transformation:[0.6354395506405291, -0.7511347471042092, -0.17892224337532067, -1.6254199119235253e-17, 0.1825463355601476, -0.07901340630165847, 0.9800172023991064, 0.36074445772245367, -0.7502622293940459, -0.6554032905908423, 0.08690865220086821, 3.900889359470872e-16, 0.0, 0.0, 0.0, 2.0]}
data modify storage ps:ani_data data[-1].frames append value {}
data modify storage ps:ani_data data[-1].frames[-1].part_1 set value {interpolation_duration:1,start_interpolation:0,transformation:[0.5254266982172704, -0.8488011927564931, -0.05884997855269261, 0.0002275372529038626, 0.26879759516565377, 0.09997096114952124, 0.9579946031998314, 0.35250406641990567, -0.8072636729307587, -0.5191746739797655, 0.2806831314210838, -0.004624872774648297, 0.0, 0.0, 0.0, 2.0]}
data modify storage ps:ani_data data[-1].frames append value {}
data modify storage ps:ani_data data[-1].frames[-1].part_1 set value {interpolation_duration:1,start_interpolation:0,transformation:[0.3416026767621652, -0.9397036124941746, -0.01627058371176966, 6.551360354548262e-05, 0.3643611535718069, 0.11645542048650682, 0.9239475552254754, 0.3901790550196518, -0.8663420577328252, -0.32155132670338793, 0.3821729756256259, -0.0013316152741562942, 0.0, 0.0, 0.0, 2.0]}
data modify storage ps:ani_data data[-1].frames append value {}
data modify storage ps:ani_data data[-1].frames[-1].part_1 set value {interpolation_duration:1,start_interpolation:0,transformation:[0.14004269213642426, -0.9897363305161065, 0.02846120931539786, 1.6552136259311797e-05, 0.4560699638150367, 0.08999196131919421, 0.8853821971350425, 0.4027959133049187, -0.878856206944534, -0.11101100375384802, 0.46399172897868496, -0.00033643512598775116, 0.0, 0.0, 0.0, 2.0]}
data modify storage ps:ani_data data[-1].frames append value {}
data modify storage ps:ani_data data[-1].frames[-1].part_1 set value {interpolation_duration:1,start_interpolation:0,transformation:[-0.07160562090901353, -0.9946800040861156, 0.07405622543364869, 4.137639049530623e-06, 0.5276382465747794, 0.025233096404924684, 0.8490943243228704, 0.3904188678139703, -0.8464458138627223, 0.09987482323921544, 0.523024381723461, -8.4100752500605e-05, 0.0, 0.0, 0.0, 2.0]}
data modify storage ps:ani_data data[-1].frames append value {}
data modify storage ps:ani_data data[-1].frames[-1].part_1 set value {interpolation_duration:1,start_interpolation:0,transformation:[-0.2837234850987529, -0.9515325394048051, 0.11868786988256423, 1.0333436588080287e-06, 0.566393722227509, -0.06642190471942602, 0.8214537613248301, 0.3531119515490969, -0.7737565091323529, 0.30028978841659976, 0.5577875111079743, -2.1003518734337544e-05, 0.0, 0.0, 0.0, 2.0]}
data modify storage ps:ani_data data[-1].frames append value {}
data modify storage ps:ani_data data[-1].frames[-1].part_1 set value {interpolation_duration:1,start_interpolation:0,transformation:[-0.36067382871478304, -0.9262331216817403, 0.1095746028052038, 0.0008254642536545597, 0.5769923982034846, -0.12927545642819135, 0.8064537362928355, 0.3202227880705851, -0.7327988548678352, 0.3540904696048477, 0.5810557440034539, 0.0005298396514350764, 0.0, 0.0, 0.0, 2.0]}
data modify storage ps:ani_data data[-1].frames append value {}
data modify storage ps:ani_data data[-1].frames[-1].part_1 set value {interpolation_duration:1,start_interpolation:0,transformation:[-0.29436423173406584, -0.9549018540872614, 0.038886348971376515, 0.00012077040980051873, 0.5927722877950778, -0.15051267146909791, 0.7911807319123897, 0.30399289505121146, -0.7496470595538958, 0.2559460583559472, 0.6103449035703103, 0.00047632527500670647, 0.0, 0.0, 0.0, 2.0]}
data modify storage ps:ani_data data[-1].frames append value {}
data modify storage ps:ani_data data[-1].frames[-1].part_1 set value {interpolation_duration:1,start_interpolation:0,transformation:[-0.19582659680832754, -0.9787913551485364, -0.06016167441951552, -0.00011854295178678726, 0.6196250803442828, -0.17105266205586017, 0.7660324709905869, 0.2758332290030373, -0.760076774931855, 0.11273184949292167, 0.6399803327596055, 0.0003585615868202425, 0.0, 0.0, 0.0, 2.0]}
data modify storage ps:ani_data data[-1].frames append value {}
data modify storage ps:ani_data data[-1].frames[-1].part_1 set value {interpolation_duration:1,start_interpolation:0,transformation:[-0.1188911580957829, -0.9803691898885519, -0.15729317863120462, 0.0005264826756898752, 0.6405260309844811, -0.19677413167505578, 0.7422980161193989, 0.24151040192217157, -0.758677333362419, -0.012497704620941023, 0.6513466904969245, -0.000359084024093801, 0.0, 0.0, 0.0, 2.0]}
data modify storage ps:ani_data data[-1].frames append value {}
data modify storage ps:ani_data data[-1].frames[-1].part_1 set value {interpolation_duration:1,start_interpolation:0,transformation:[-0.1747810565715369, -0.9609075075371102, -0.21472853611608136, 0.0007014752710184089, 0.6090818784117038, -0.27686815176419455, 0.7432114718767121, 0.24239503195872483, -0.7736089759395293, -0.0008879738154794486, 0.6336626577669663, -0.00021240321950374315, 0.0, 0.0, 0.0, 2.0]}
data modify storage ps:ani_data data[-1].frames append value {}
data modify storage ps:ani_data data[-1].frames[-1].part_1 set value {interpolation_duration:1,start_interpolation:0,transformation:[-0.22115954977062904, -0.9338099968163661, -0.2812247204480268, 0.0003185019895891675, 0.5787565317229363, -0.35776866359692816, 0.7328318090367707, 0.24000612971306554, -0.7849390616686688, -0.000687890897084542, 0.6195725916087824, 0.00020469896427940696, 0.0, 0.0, 0.0, 2.0]}
data modify storage ps:ani_data data[-1].frames append value {}
data modify storage ps:ani_data data[-1].frames[-1].part_1 set value {interpolation_duration:1,start_interpolation:0,transformation:[-0.2750706592644603, -0.8906641300337723, -0.3620131763941725, 0.00027230663624030094, 0.5398496821914626, -0.4546615035457834, 0.708410359771273, 0.23260307110326128, -0.7955491518753518, -0.0005697935334583735, 0.6058887870605769, 0.00032875449834930275, 0.0, 0.0, 0.0, 2.0]}
data modify storage ps:ani_data data[-1].frames append value {}
data modify storage ps:ani_data data[-1].frames[-1].part_1 set value {interpolation_duration:1,start_interpolation:0,transformation:[-0.34545144953752627, -0.8139234225828694, -0.4671102205940366, 0.0002748433675219674, 0.4819395631205283, -0.5809703266041532, 0.6559022313612433, 0.2170705960829321, -0.8052313664479399, 0.0014634809364157957, 0.592958940156848, 0.00032518190883839784, 0.0, 0.0, 0.0, 2.0]}
data modify storage ps:ani_data data[-1].frames append value {}
data modify storage ps:ani_data data[-1].frames[-1].part_1 set value {interpolation_duration:1,start_interpolation:0,transformation:[-0.42515993585215234, -0.6818427228868433, -0.5952558527158289, 0.00018824466239975726, 0.3968894862034765, -0.7314986119927166, 0.5544262948254429, 0.18891533087673062, -0.8134603645460138, -0.0005309416012658258, 0.5816201109089005, 0.00026504248943799095, 0.0, 0.0, 0.0, 2.0]}
data modify storage ps:ani_data data[-1].frames append value {}
data modify storage ps:ani_data data[-1].frames[-1].part_1 set value {interpolation_duration:1,start_interpolation:0,transformation:[-0.5022468458705348, -0.47686305445566646, -0.7213527106127147, 0.00014296004345451652, 0.2729537926281835, -0.878977456298685, 0.3910177213485142, 0.1432592514551228, -0.8205146756170724, -0.0005085409575860675, 0.5716252342952545, 0.00017384381007564949, 0.0, 0.0, 0.0, 2.0]}
data modify storage ps:ani_data data[-1].frames append value {}
data modify storage ps:ani_data data[-1].frames[-1].part_1 set value {interpolation_duration:1,start_interpolation:0,transformation:[-0.5522596354988102, -0.19411438069683035, -0.8107582267269363, 8.002877915431389e-05, 0.10909289073989081, -0.9809788773455048, 0.16055897169565658, 0.07765032377895317, -0.826503500409245, 0.00022228053991781016, 0.5629315361592617, 0.0001119499294302752, 0.0, 0.0, 0.0, 2.0]}
data modify storage ps:ani_data data[-1].frames append value {}
data modify storage ps:ani_data data[-1].frames[-1].part_1 set value {interpolation_duration:1,start_interpolation:0,transformation:[-0.5576612741824122, 0.03480197418250742, -0.8293387280660709, 0.001482145235245144, -0.049623553828545615, -0.9987314590205172, -0.008542579714231458, 0.0344363685460853, -0.8285839765423136, 0.03639086912604109, 0.5586808556426267, 0.0003163993654224729, 0.0, 0.0, 0.0, 2.0]}
data modify storage ps:ani_data data[-1].frames append value {}
data modify storage ps:ani_data data[-1].frames[-1].part_1 set value {interpolation_duration:1,start_interpolation:0,transformation:[-0.5591862363382648, 0.00788870938599509, -0.8290045363893187, 0.0005205819610411595, -0.03541119672104705, -0.9992694091946367, 0.014376890991616372, 0.038535870538131886, -0.8282854581825214, 0.03739540228457004, 0.5590570486554529, 0.00010856527957232701, 0.0, 0.0, 0.0, 2.0]}
data modify storage ps:ani_data data[-1].frames append value {}
data modify storage ps:ani_data data[-1].frames[-1].part_1 set value {interpolation_duration:1,start_interpolation:0,transformation:[-0.5595551500163305, -0.0018934227693076465, -0.8287909561767779, -0.00011344860278418844, 0.002632113429052737, -0.9999964072098095, 0.0005074902650042665, 0.031331149469002534, -0.8287889393983838, -0.0018975030142640663, 0.5595581233555745, 0.00019871242953308223, 0.0, 0.0, 0.0, 2.0]}
data modify storage ps:ani_data data[-1].frames append value {}
data modify storage ps:ani_data data[-1].frames[-1].part_1 set value {interpolation_duration:1,start_interpolation:0,transformation:[-0.5595485774680717, -5.681612469230866e-05, -0.82879755442773, -1.097379250288539e-05, 2.2392459605793137e-06, -0.9999999977502663, 6.704068728944261e-05, 0.03135492212900196, -0.8287975563721475, 3.565663962939912e-05, 0.5595485763364614, 0.00019295255586879758, 0.0, 0.0, 0.0, 2.0]}
data modify storage ps:ani_data data[-1].frames append value {}
data modify storage ps:ani_data data[-1].frames[-1].part_1 set value {interpolation_duration:1,start_interpolation:0,transformation:[-0.5595998255636272, -3.8028428988701864e-05, -0.8287629539156514, 2.6928215396646452e-05, -8.31552645336509e-07, -0.9999999989209803, 4.6447256698763446e-05, 0.0313543573024525, -0.8287629547877163, 2.6681036773222506e-05, 0.5595998249281854, 0.00012095836854336464, 0.0, 0.0, 0.0, 2.0]}
data modify storage ps:ani_data data[-1].frames append value {}
data modify storage ps:ani_data data[-1].frames[-1].part_1 set value {interpolation_duration:1,start_interpolation:0,transformation:[-0.5595968868932751, -1.1163147981553104e-05, -0.8287649389632374, 3.331477830673605e-05, -3.877850207251663e-05, -0.9999999984619116, 3.965355610199827e-05, 0.03135234753680139, -0.8287649381311823, 5.432826945214111e-05, 0.5595968855996756, 0.00010259935097523116, 0.0, 0.0, 0.0, 2.0]}
data modify storage ps:ani_data data[-1].frames append value {}
data modify storage ps:ani_data data[-1].frames[-1].part_1 set value {interpolation_duration:1,start_interpolation:0,transformation:[-0.5596000968811389, -3.553880396138031e-05, -0.8287627708262557, 1.1418680670561186e-05, -1.6180170657997147e-06, -0.9999999990318222, 4.397428035698961e-05, 0.03135619873823126, -0.8287627715866596, 2.5948963854746098e-05, 0.5596000962818444, 0.00010866918599833006, 0.0, 0.0, 0.0, 2.0]}
data modify storage ps:ani_data data[-1].frames append value {}
data modify storage ps:ani_data data[-1].frames[-1].part_1 set value {interpolation_duration:1,start_interpolation:0,transformation:[-0.5596001822113237, -2.8260114049825685e-05, -0.828762713489464, -3.3551102198811755e-05, -2.0778170726761226e-05, -0.9999999986259299, 4.81290742048025e-05, 0.03135341318688598, -0.8287627137108188, 4.415321184752777e-05, 0.5596001808552002, 8.354220700942904e-05, 0.0, 0.0, 0.0, 2.0]}
data modify storage ps:ani_data data[-1].frames append value {}
data modify storage ps:ani_data data[-1].frames[-1].part_1 set value {interpolation_duration:1,start_interpolation:0,transformation:[-0.5595988261360312, -6.712235288358073e-05, -0.8287636269056249, -5.38637363289963e-05, 9.319145332095596e-06, -0.9999999971666463, 7.469846394696721e-05, 0.03136632838067759, -0.828763629571381, 3.407780405379932e-05, 0.5595988251760127, 3.10960653299551e-05, 0.0, 0.0, 0.0, 2.0]}
data modify storage ps:ani_data data[-1].frames append value {}
data modify storage ps:ani_data data[-1].frames[-1].part_1 set value {interpolation_duration:1,start_interpolation:0,transformation:[-0.559599252682524, -3.294916309088594e-05, -0.8287633409553737, -4.1739182439320746e-05, -7.398410699490494e-06, -0.9999999989712344, 4.4752592595018494e-05, 0.031358135613727425, -0.8287633415773311, 3.117504894084753e-05, 0.559599251863056, 3.2208164061134646e-05, 0.0, 0.0, 0.0, 2.0]}
data modify storage ps:ani_data data[-1].frames append value {}
data modify storage ps:ani_data data[-1].frames[-1].part_1 set value {interpolation_duration:1,start_interpolation:0,transformation:[-0.559603748852654, -3.0060203725036962e-05, -0.8287603051343856, 1.9559438164468115e-06, -5.724251130328478e-06, -0.9999999991781481, 4.013647358127754e-05, 0.0313501705149056, -0.828760305659778, 2.7204553195245308e-05, 0.5596037482206704, 2.2790946416499608e-07, 0.0, 0.0, 0.0, 2.0]}
data modify storage ps:ani_data data[-1].frames append value {}
data modify storage ps:ani_data data[-1].frames[-1].part_1 set value {interpolation_duration:1,start_interpolation:0,transformation:[-0.5596034131250621, -4.533997055141001e-05, -0.8287605311325266, 3.607590340286508e-05, -2.9173200553023484e-06, -0.9999999983895452, 5.667802818062297e-05, 0.03135926338318808, -0.8287605323676258, 3.4134977737591033e-05, 0.559603412091575, 8.501230451782188e-06, 0.0, 0.0, 0.0, 2.0]}
data modify storage ps:ani_data data[-1].frames append value {}
data modify storage ps:ani_data data[-1].frames[-1].part_1 set value {interpolation_duration:1,start_interpolation:0,transformation:[-0.5596069003007738, -4.4302297443596666e-05, -0.8287581765346665, 6.284748059868734e-05, -9.353057867161651e-06, -0.9999999981699284, 5.977175789809453e-05, 0.03135782109032897, -0.8287581776660063, 4.120011134589311e-05, 0.5596068988622913, 2.470325949300692e-05, 0.0, 0.0, 0.0, 2.0]}
data modify storage ps:ani_data data[-1].frames append value {}
data modify storage ps:ani_data data[-1].frames[-1].part_1 set value {interpolation_duration:1,start_interpolation:0,transformation:[-0.5596068415671509, -5.7755943446435245e-05, -0.8287582153653068, 5.675589585519776e-05, 2.8160489151561123e-06, -0.9999999976984116, 6.778824273812141e-05, 0.03135572832874676, -0.8287582173730209, 3.56009407407613e-05, 0.55960684044181, 4.979903589404322e-05, 0.0, 0.0, 0.0, 2.0]}
data modify storage ps:ani_data data[-1].frames append value {}
data modify storage ps:ani_data data[-1].frames[-1].part_1 set value {interpolation_duration:1,start_interpolation:0,transformation:[-0.5596036252518027, -3.5535208079885636e-05, -0.8287603883766939, 6.753252535254394e-05, -6.3935632199358416e-06, -0.9999999988658927, 4.719466536322877e-05, 0.03135320511338448, -0.8287603891138633, 3.170903776707348e-05, 0.5596036243899556, 9.650229997023271e-05, 0.0, 0.0, 0.0, 2.0]}
data modify storage ps:ani_data data[-1].frames append value {}
data modify storage ps:ani_data data[-1].frames[-1].part_1 set value {interpolation_duration:1,start_interpolation:0,transformation:[-0.55960533149334, -3.796594508172766e-05, -0.8287592361613934, -1.7150230718083195e-05, -1.3851705605376093e-05, -0.999999998382548, 5.516370899118541e-05, 0.03135508891318209, -0.828759236915257, 4.234963461345841e-05, 0.5596053300623118, 0.00012733023253745285, 0.0, 0.0, 0.0, 2.0]}
data modify storage ps:ani_data data[-1].frames append value {}
data modify storage ps:ani_data data[-1].frames[-1].part_1 set value {interpolation_duration:1,start_interpolation:0,transformation:[-0.5596059794780944, -9.880447487694535e-06, -0.8287587994312572, -4.75287032972719e-05, -3.479934779366136e-05, -0.9999999987672256, 3.541967892579794e-05, 0.03135732045111464, -0.8287587987595472, 4.8661329816536346e-05, 0.5596059784443936, 7.282071961084084e-05, 0.0, 0.0, 0.0, 2.0]}
data modify storage ps:ani_data data[-1].frames append value {}
data modify storage ps:ani_data data[-1].frames[-1].part_1 set value {interpolation_duration:1,start_interpolation:0,transformation:[-0.5596064917386552, -6.291015420098367e-05, -0.8287584512065422, -4.6570813008281e-05, 3.988145406755973e-06, -0.9999999973117571, 7.321597973922245e-05, 0.03135216822894862, -0.8287584535846672, 3.766692835058519e-05, 0.5596064904851923, 6.891557429802305e-05, 0.0, 0.0, 0.0, 2.0]}
data modify storage ps:ani_data data[-1].frames append value {}
data modify storage ps:ani_data data[-1].frames[-1].part_1 set value {interpolation_duration:1,start_interpolation:0,transformation:[-0.5596064762252949, -7.403836685826963e-05, -0.828758460762259, -4.2530149141846165e-05, 2.5896791970285638e-05, -0.999999997083462, 7.185007087292297e-05, 0.03136083774136635, -0.828758463664815, 1.8745579525759766e-05, 0.5596064765105373, 7.2261093038214175e-06, 0.0, 0.0, 0.0, 2.0]}
data modify storage ps:ani_data data[-1].frames append value {}
data modify storage ps:ani_data data[-1].frames[-1].part_1 set value {interpolation_duration:1,start_interpolation:0,transformation:[-0.5596081628840517, -4.308956181206527e-05, -0.8287573240562198, -6.720892205769444e-05, -8.776455475095757e-06, -0.9999999982841715, 5.791917183699818e-05, 0.0313579797930584, -0.8287573251299261, 3.968559310170718e-05, 0.5596081615456864, 1.1258556766053914e-06, 0.0, 0.0, 0.0, 2.0]}
data modify storage ps:ani_data data[-1].frames[-1].is_last set value 1
data modify storage ps:ani_data data[-1].frames[-1].keep_alive set value 1
