#0
data modify storage ps:ani_data data append value {ani_tag:'coin',height:0.1,width:0.3}
data modify storage ps:ani_data data[-1].parts.part_1 set value {name:'coin',init_pos:[1.0, 0.0, 0.0, 0.0, 0.0, 1.0, 0.0, 0.03125, 0.0, 0.0, 1.0, 0.0, 0.0, 0.0, 0.0, 2.0],item_model:'coin_test'}
#1
data modify storage ps:ani_data data[-1].frames append value {}
data modify storage ps:ani_data data[-1].frames[-1].part_1 set value {interpolation_duration:1,start_interpolation:0,transformation:[0.9908604607231426, 0.1245655173895093, -0.05175885675906349, 0.0004272315907612461, -0.13279222819005496, 0.833356547763861, -0.5365473776204852, 0.25096560146694324, -0.02370171951234282, 0.5385167557064338, 0.8422813854737472, 0.0008223410475207703, 0.0, 0.0, 0.0, 2.0]}
#2
data modify storage ps:ani_data data[-1].frames append value {}
data modify storage ps:ani_data data[-1].frames[-1].part_1 set value {interpolation_duration:1,start_interpolation:0,transformation:[0.9887965598511851, 0.11115661584041979, -0.0996271548392631, 0.00018353080294700324, -0.14275483175659556, 0.5091678172319292, -0.848745657959685, 0.5345175911154565, -0.043616754081514046, 0.8534590445066346, 0.5193315300588003, 0.000313903456231156, 0.0, 0.0, 0.0, 2.0]}
#3
data modify storage ps:ani_data data[-1].frames append value {}
data modify storage ps:ani_data data[-1].frames[-1].part_1 set value {interpolation_duration:1,start_interpolation:0,transformation:[0.9872174167630338, 0.08096122053152287, -0.13728456872412167, 4.727982936815551e-05, -0.14382843663263328, 0.08144168860032905, -0.9862457260610761, 0.7914726955478572, -0.06866697063024228, 0.9933843828689742, 0.09204517921375507, 7.977605069475421e-05, 0.0, 0.0, 0.0, 2.0]}
#4
data modify storage ps:ani_data data[-1].frames append value {}
data modify storage ps:ani_data data[-1].frames[-1].part_1 set value {interpolation_duration:1,start_interpolation:0,transformation:[0.9865409361307028, 0.040229011282138016, -0.15848851059183408, 1.175695709240492e-05, -0.13342205507213467, -0.3622847288296957, -0.9224686067705078, 1.022510201864313, -0.09452796707157389, 0.9311989056630466, -0.35204127816672287, 1.9621190662874873e-05, 0.0, 0.0, 0.0, 2.0]}
#5
data modify storage ps:ani_data data[-1].frames append value {}
data modify storage ps:ani_data data[-1].frames[-1].part_1 set value {interpolation_duration:1,start_interpolation:0,transformation:[0.9870490207965479, -0.0027403659218966647, -0.16039551408686561, 2.908053955052923e-06, -0.11120266786113235, -0.7323267849725857, -0.6718120620175576, 1.2278967605467446, -0.11562092027458737, 0.6809478470531575, -0.7231471720117054, 4.784651483277075e-06, 0.0, 0.0, 0.0, 2.0]}
#6
data modify storage ps:ani_data data[-1].frames append value {}
data modify storage ps:ani_data data[-1].frames[-1].part_1 set value {interpolation_duration:1,start_interpolation:0,transformation:[0.9887866110574692, -0.03930054623789738, -0.14407117983444118, 7.168033602320192e-07, -0.07962801696143641, -0.9549107060417947, -0.2860155981787545, 1.4077636964513394, -0.12633454281499656, 0.2942804963842567, -0.947332345451986, 1.1567217722363365e-06, 0.0, 0.0, 0.0, 2.0]}
#7
data modify storage ps:ani_data data[-1].frames append value {}
data modify storage ps:ani_data data[-1].frames[-1].part_1 set value {interpolation_duration:1,start_interpolation:0,transformation:[0.9915084478593655, -0.06219313309681935, -0.11420600693095306, 1.7591571460925144e-07, -0.043819960383559405, -0.9866475617011454, 0.15686427273655335, 1.5621978783636545, -0.12243695886248919, -0.1505277488863294, -0.9809946931149622, 2.763634809945945e-07, 0.0, 0.0, 0.0, 2.0]}
#8
data modify storage ps:ani_data data[-1].frames append value {}
data modify storage ps:ani_data data[-1].frames[-1].part_1 set value {interpolation_duration:1,start_interpolation:0,transformation:[0.9946925365004566, -0.06696754001659598, -0.07811598053159978, 4.2918863854510966e-08, -0.010740911050103224, -0.8226379222226592, 0.5684641428894177, 1.6912714954227648, -0.10232981315384791, -0.5646080034017515, -0.8189910938676845, 6.491961004367155e-08, 0.0, 0.0, 0.0, 2.0]}
#9
data modify storage ps:ani_data data[-1].frames append value {}
data modify storage ps:ani_data data[-1].frames[-1].part_1 set value {interpolation_duration:1,start_interpolation:0,transformation:[0.9976236952745126, -0.05281322256939645, -0.04424619925667683, 1.038647910944518e-08, 0.01218929681986887, -0.49677443575716174, 0.8677940890679022, 1.7950518145475236, -0.06781138304048435, -0.8662712759291911, -0.4949501922720585, 1.487024751120906e-08, 0.0, 0.0, 0.0, 2.0]}
#10
data modify storage ps:ani_data data[-1].frames append value {}
data modify storage ps:ani_data data[-1].frames[-1].part_1 set value {interpolation_duration:1,start_interpolation:0,transformation:[0.9995333849758714, -0.022656199805317797, -0.020486798897271792, 2.4851786928877947e-09, 0.018749664775312723, -0.0743946558132564, 0.9970525990424177, 1.873604378036857, -0.024113531252994418, -0.9969714799315015, -0.07393514599770687, 3.273824923194067e-09, 0.0, 0.0, 0.0, 2.0]}
#11
data modify storage ps:ani_data data[-1].frames append value {}
data modify storage ps:ani_data data[-1].frames[-1].part_1 set value {interpolation_duration:1,start_interpolation:0,transformation:[0.9997673657695781, 0.01747907623709158, -0.012637097612037592, 5.850350757728499e-10, 0.005474553445851746, 0.3610668604791054, 0.9325238611040096, 1.9269940516455537, 0.020862492821490396, -0.9323761065995095, 0.3608871738308429, 6.73500725212097e-10, 0.0, 0.0, 0.0, 2.0]}
#12
data modify storage ps:ani_data data[-1].frames append value {}
data modify storage ps:ani_data data[-1].frames[-1].part_1 set value {interpolation_duration:1,start_interpolation:0,transformation:[0.9979441955610805, 0.059697995863689665, -0.023313769232076814, 1.3444150758911827e-10, -0.02726362385625111, 0.7246590353777708, 0.6885680629099664, 1.9552853683031273, 0.058000666894204723, -0.6865168837947232, 0.7247968618203378, 1.2098808729323103e-10, 0.0, 0.0, 0.0, 2.0]}
#13
data modify storage ps:ani_data data[-1].frames append value {}
data modify storage ps:ani_data data[-1].frames[-1].part_1 set value {interpolation_duration:1,start_interpolation:0,transformation:[0.9940673544286659, 0.09579965564968959, -0.0515026294143646, 2.9754152066157505e-11, -0.07493295550294057, 0.9464197420415593, 0.3141253317604019, 1.9585426410282751, 0.07883620385829597, -0.30840249326389885, 0.9479835204843087, 1.4747164097025796e-11, 0.0, 0.0, 0.0, 2.0]}
#14
data modify storage ps:ani_data data[-1].frames append value {}
data modify storage ps:ani_data data[-1].frames[-1].part_1 set value {interpolation_duration:1,start_interpolation:0,transformation:[0.9885621434596349, 0.11886502837265248, -0.0928223763349155, 6.178943695025904e-12, -0.12941224604324184, 0.9846192148491646, -0.11737747792425125, 1.936830000212618, 0.07744261806354165, 0.12804728337525628, 0.9887398718205315, -1.3852236108904464e-12, 0.0, 0.0, 0.0, 2.0]}
#15
data modify storage ps:ani_data data[-1].frames append value {}
data modify storage ps:ani_data data[-1].frames[-1].part_1 set value {interpolation_duration:1,start_interpolation:0,transformation:[0.9822237932053667, 0.12456346091169057, -0.14042921443546874, 1.1329999039137375e-12, -0.18038987120482383, 0.8332841041488787, -0.5225869268739008, 1.8902114061210384, 0.05192219590857271, 0.5386293214990273, 0.8409414602655341, -2.006550120988903e-12, 0.0, 0.0, 0.0, 2.0]}
#16
data modify storage ps:ani_data data[-1].frames append value {}
data modify storage ps:ani_data data[-1].frames[-1].part_1 set value {interpolation_duration:1,start_interpolation:0,transformation:[0.9760821720991275, 0.11193525128906562, -0.18637084758379668, 1.485908157866049e-13, -0.21734097238131764, 0.5227184752268078, -0.824335063782261, 1.8187506532702704, 0.005147332764874778, 0.845124780831455, 0.5345443010546391, -1.0452038246033388e-12, 0.0, 0.0, 0.0, 2.0]}
#17
data modify storage ps:ani_data data[-1].frames append value {}
data modify storage ps:ani_data data[-1].frames[-1].part_1 set value {interpolation_duration:1,start_interpolation:0,transformation:[0.9712069937253031, 0.08351561088820175, -0.22311906704051399, -6.905343932318446e-15, -0.2316933232162838, 0.113113021126677, -0.9661902754781743, 1.722511372145429, -0.055454299346881446, 0.9900659509293138, 0.12920616662675213, -4.392621492636996e-13, 0.0, 0.0, 0.0, 2.0]}
#18
data modify storage ps:ani_data data[-1].frames append value {}
data modify storage ps:ani_data data[-1].frames[-1].part_1 set value {interpolation_duration:1,start_interpolation:0,transformation:[0.9684914150677849, 0.044794448730771805, -0.24498537977378462, -1.6136036617331878e-14, -0.21873249995407604, -0.3173593510275426, -0.9227345966090229, 1.6015570300435165, -0.1190817887161567, 0.9472467997719932, -0.29756180520671227, -1.6803976400806229e-13, 0.0, 0.0, 0.0, 2.0]}
#19
data modify storage ps:ani_data data[-1].frames append value {}
data modify storage ps:ani_data data[-1].frames[-1].part_1 set value {interpolation_duration:1,start_interpolation:0,transformation:[0.9684582596945192, 0.0031318269378954886, -0.2491561576391289, -8.742266983461162e-15, -0.17883176461647507, -0.6875686298143977, -0.7037532090579124, 1.4559509316301333, -0.1735159911755138, 0.726112643434325, -0.6653214485128194, -6.100686297557082e-14, 0.0, 0.0, 0.0, 2.0]}
#20
data modify storage ps:ani_data data[-1].frames append value {}
data modify storage ps:ani_data data[-1].frames[-1].part_1 set value {interpolation_duration:1,start_interpolation:0,transformation:[0.971130262869697, -0.03365278735921466, -0.23616414300564043, -3.718809709083659e-15, -0.11771600374953171, -0.9286718708775829, -0.3517264543675529, 1.285756219401499, -0.20748242094180733, 0.36937250323174514, -0.9058228297279998, -2.1394459638781298e-14, 0.0, 0.0, 0.0, 2.0]}
#21
data modify storage ps:ani_data data[-1].frames append value {}
data modify storage ps:ani_data data[-1].frames[-1].part_1 set value {interpolation_duration:1,start_interpolation:0,transformation:[0.9759941267004053, -0.05874545495187093, -0.20972466752580773, -1.4247169867949796e-15, -0.04565783404375315, -0.996726999463389, 0.0667131975784556, 1.0910358741147221, -0.2129573357194956, -0.055536114945201734, -0.9754818876330036, -7.283198095405403e-15, 0.0, 0.0, 0.0, 2.0]}
#22
data modify storage ps:ani_data data[-1].frames append value {}
data modify storage ps:ani_data data[-1].frames[-1].part_1 set value {interpolation_duration:1,start_interpolation:0,transformation:[0.982070046914715, -0.06758352815068608, -0.17598548143422016, -5.126874069911604e-16, 0.02428059049469652, -0.880406787341929, 0.47359723576842383, 0.8718527152069585, -0.18694618444396685, -0.4693786909574919, -0.8629801669777082, -2.3866998991088226e-15, 0.0, 0.0, 0.0, 2.0]}
#23
data modify storage ps:ani_data data[-1].frames append value {}
data modify storage ps:ani_data data[-1].frames[-1].part_1 set value {interpolation_duration:1,start_interpolation:0,transformation:[0.9880773577260719, -0.058658165516053844, -0.14234589831587985, -1.7508781560322561e-16, 0.07864850823211993, -0.6025218637802785, 0.7942177382932222, 0.6282694012102109, -0.13235387150335173, -0.7959438568674491, -0.5907248339227356, -7.2948598262853885e-16, 0.0, 0.0, 0.0, 2.0]}
#24
data modify storage ps:ani_data data[-1].frames append value {}
data modify storage ps:ani_data data[-1].frames[-1].part_1 set value {interpolation_duration:1,start_interpolation:0,transformation:[0.9926672885572286, -0.033738211307585135, -0.1160749211768161, -5.556571736170408e-17, 0.10619882984941975, -0.21524140930449687, 0.9707692538699539, 0.360348430163993, -0.05773614783697771, -0.975977903857653, -0.21008014759745355, -1.9113795113140725e-16, 0.0, 0.0, 0.0, 2.0]}
#25
data modify storage ps:ani_data data[-1].frames append value {}
data modify storage ps:ani_data data[-1].frames[-1].part_1 set value {interpolation_duration:1,start_interpolation:0,transformation:[0.9922423285522822, -0.12421007393893076, 0.005197976647704043, 0.0010252030284978238, 0.013457648635149512, 0.14888338730187786, 0.9887631812920278, 0.22462814301011857, -0.12358824022680144, -0.9810227288486256, 0.14939997443118264, 0.0016063094600769566, 0.0, 0.0, 0.0, 2.0]}
#26
data modify storage ps:ani_data data[-1].frames append value {}
data modify storage ps:ani_data data[-1].frames[-1].part_1 set value {interpolation_duration:1,start_interpolation:0,transformation:[0.9607050343591027, -0.27302941769819367, 0.05000773968557856, 0.00025729027047837535, 0.08340049091680803, 0.45577200584031935, 0.8861807021184376, 0.2533250957184037, -0.2647455288988102, -0.8471875918376501, 0.46063324800150074, 0.00071127659795729, 0.0, 0.0, 0.0, 2.0]}
#27
data modify storage ps:ani_data data[-1].frames append value {}
data modify storage ps:ani_data data[-1].frames[-1].part_1 set value {interpolation_duration:1,start_interpolation:0,transformation:[0.9061697216898038, -0.39890673793528364, 0.14046298417182504, 6.427865832597407e-05, 0.1979564723791304, 0.6935794554784852, 0.6926476550031614, 0.2569864281012191, -0.3737240566726123, -0.59985077591681, 0.7074668727906395, 0.0001844734875724937, 0.0, 0.0, 0.0, 2.0]}
#28
data modify storage ps:ani_data data[-1].frames append value {}
data modify storage ps:ani_data data[-1].frames[-1].part_1 set value {interpolation_duration:1,start_interpolation:0,transformation:[0.8332228789938961, -0.4850235483829028, 0.2655029028752427, 1.60522687786876e-05, 0.34413841567693165, 0.8307230549160748, 0.43757051647280265, 0.23567663589635182, -0.43279138713298565, -0.27322401714520245, 0.8590926909702723, 4.621811290433503e-05, 0.0, 0.0, 0.0, 2.0]}
#29
data modify storage ps:ani_data data[-1].frames append value {}
data modify storage ps:ani_data data[-1].frames[-1].part_1 set value {interpolation_duration:1,start_interpolation:0,transformation:[0.7493699521550253, -0.5201083722922937, 0.40979501690312886, 4.008581012000115e-06, 0.5034658237573783, 0.8495286527336203, 0.1575539034518172, 0.18945980086420025, -0.4300777128792881, 0.0882516246652768, 0.8984680359525649, 1.1544918688905487e-05, 0.0, 0.0, 0.0, 2.0]}
#30
data modify storage ps:ani_data data[-1].frames append value {}
data modify storage ps:ani_data data[-1].frames[-1].part_1 set value {interpolation_duration:1,start_interpolation:0,transformation:[0.7374231493889936, -0.3969278382313498, 0.5464937236439273, 0.0007482542774970954, 0.4827652925893151, 0.8756133639209132, -0.015456687687061587, 0.1409836536109711, -0.47238201809168273, 0.2752263217065001, 0.8373205484302525, -0.0004910155574469946, 0.0, 0.0, 0.0, 2.0]}
#31
data modify storage ps:ani_data data[-1].frames append value {}
data modify storage ps:ani_data data[-1].frames[-1].part_1 set value {interpolation_duration:1,start_interpolation:0,transformation:[0.7447827984012856, -0.20030519420503662, 0.6365346906336152, 0.000329017270510255, 0.2316794830696282, 0.9721679458313496, 0.03484396967401933, 0.09452880274800275, -0.6257980507561042, 0.1215208388406561, 0.7704605670618863, -0.0002375782743846096, 0.0, 0.0, 0.0, 2.0]}
#32
data modify storage ps:ani_data data[-1].frames append value {}
data modify storage ps:ani_data data[-1].frames[-1].part_1 set value {interpolation_duration:1,start_interpolation:0,transformation:[0.7012378930184767, 0.018609100374568973, 0.7126844454443045, 0.0005920268523246918, -0.0134534619990197, 0.9998266768569469, -0.012869366939933735, 0.0307028494776323, -0.7128004080773576, -0.0005635853466366066, 0.7013667090875564, 2.4577249443005035e-05, 0.0, 0.0, 0.0, 2.0]}
#33
data modify storage ps:ani_data data[-1].frames append value {}
data modify storage ps:ani_data data[-1].frames[-1].part_1 set value {interpolation_duration:1,start_interpolation:0,transformation:[0.694314160895044, -0.014794737865053025, 0.7195199522682569, 0.0001552732398045917, 0.021630578008055432, 0.9997659818370503, -0.00031568407650855193, 0.030230172377484047, -0.7193469010676615, 0.01578281638057982, 0.6944716975021002, 0.00023885091987668885, 0.0, 0.0, 0.0, 2.0]}
#34
data modify storage ps:ani_data data[-1].frames append value {}
data modify storage ps:ani_data data[-1].frames[-1].part_1 set value {interpolation_duration:1,start_interpolation:0,transformation:[0.6941555226112689, -0.0016914862976296881, 0.7198230680537964, 0.00018307800883946473, 0.00445337659879249, 0.999988192639405, -0.0019447412799140076, 0.030772114109548533, -0.7198112793400396, 0.004555596106044209, 0.6941548592921996, -5.2875217957677756e-05, 0.0, 0.0, 0.0, 2.0]}
#35
data modify storage ps:ani_data data[-1].frames append value {}
data modify storage ps:ani_data data[-1].frames[-1].part_1 set value {interpolation_duration:1,start_interpolation:0,transformation:[0.6941536265353231, -0.0004303560884247711, 0.719826755241493, 0.00016610627292366336, 0.0012026975075047144, 0.999999118869371, -0.0005619423344424675, 0.03119865191429812, -0.7198258791447864, 0.0012558081537211141, 0.6941535324834962, -8.080576221947585e-05, 0.0, 0.0, 0.0, 2.0]}
#36
data modify storage ps:ani_data data[-1].frames append value {}
data modify storage ps:ani_data data[-1].frames[-1].part_1 set value {interpolation_duration:1,start_interpolation:0,transformation:[0.6941533559466027, 4.440644588398016e-06, 0.7198271448121065, 0.00014602760861522459, 4.542231284627671e-05, 0.9999999977198415, -4.9971296212733656e-05, 0.031355462913532854, -0.7198271433926914, 6.738395673396849e-05, 0.6941533541621188, -8.167996118115924e-05, 0.0, 0.0, 0.0, 2.0]}
#37
data modify storage ps:ani_data data[-1].frames append value {}
data modify storage ps:ani_data data[-1].frames[-1].part_1 set value {interpolation_duration:1,start_interpolation:0,transformation:[0.6941542985504506, 6.456890040995232e-05, 0.7198262329443049, 0.0001279995258513857, -5.720929360981479e-05, 0.999999997767329, -3.4531699529526195e-05, 0.031358165145177475, -0.7198262335668438, -1.7210422643884506e-05, 0.6941543006945736, -7.953582795669382e-05, 0.0, 0.0, 0.0, 2.0]}
#38
data modify storage ps:ani_data data[-1].frames append value {}
data modify storage ps:ani_data data[-1].frames[-1].part_1 set value {interpolation_duration:1,start_interpolation:0,transformation:[0.6941546079804188, 6.280250749767676e-05, 0.7198259347060203, 9.316548169390333e-05, -5.173380150512476e-05, 0.9999999979639971, -3.735799082824999e-05, 0.0313583646161641, -0.7198259355866281, -1.13071105460022e-05, 0.6941546098161305, -6.837783711075062e-05, 0.0, 0.0, 0.0, 2.0]}
#39
data modify storage ps:ani_data data[-1].frames append value {}
data modify storage ps:ani_data data[-1].frames[-1].part_1 set value {interpolation_duration:1,start_interpolation:0,transformation:[0.6941655399353486, 5.488473242917984e-05, 0.719815393107102, 3.9339782817643055e-05, -3.114320940045154e-05, 0.999999998447142, -4.621489050348479e-05, 0.03136681042149217, -0.7198153945258229, 9.663422902201719e-06, 0.6941655405666949, -3.630373361618907e-05, 0.0, 0.0, 0.0, 2.0]}
#40
data modify storage ps:ani_data data[-1].frames append value {}
data modify storage ps:ani_data data[-1].frames[-1].part_1 set value {interpolation_duration:1,start_interpolation:0,transformation:[0.6941656374558646, 6.149665950186948e-05, 0.719815298527097, 5.9199385184965534e-05, -4.4116764424786534e-05, 0.9999999981071129, -4.288922109492912e-05, 0.031362315646167094, -0.7198152998021117, -1.983698453130342e-06, 0.694165638854921, -1.6714582508872724e-05, 0.0, 0.0, 0.0, 2.0]}
#41
data modify storage ps:ani_data data[-1].frames append value {}
data modify storage ps:ani_data data[-1].frames[-1].part_1 set value {interpolation_duration:1,start_interpolation:0,transformation:[0.6941658482112992, 6.139774566368012e-05, 0.7198150952900364, 3.161775733967241e-05, -4.94083497695674e-05, 0.9999999980706924, -3.76487749368373e-05, 0.0313603618433456, -0.7198150962128415, -9.430382209358638e-06, 0.6941658499056012, 2.0660490001765043e-05, 0.0, 0.0, 0.0, 2.0]}
#42
data modify storage ps:ani_data data[-1].frames append value {}
data modify storage ps:ani_data data[-1].frames[-1].part_1 set value {interpolation_duration:1,start_interpolation:0,transformation:[0.6941649212467569, 5.431398739332666e-05, 0.719815989792165, 3.452494374680712e-05, -2.7395078656163168e-05, 0.9999999984224638, -4.903653876865343e-05, 0.031366186472372444, -0.7198159913199991, 1.4320029414235555e-05, 0.6941649216396226, -2.3633526375792457e-05, 0.0, 0.0, 0.0, 2.0]}
#43
data modify storage ps:ani_data data[-1].frames append value {}
data modify storage ps:ani_data data[-1].frames[-1].part_1 set value {interpolation_duration:1,start_interpolation:0,transformation:[0.6941931682731279, -3.358349738128476e-06, 0.7197887503369566, 3.2190050404356485e-05, 3.9027537919262706e-05, 0.9999999986947838, -3.297398084259683e-05, 0.03136110261432238, -0.7197887492867386, 5.098189497933402e-05, 0.6941931674981241, 1.9484965237402757e-05, 0.0, 0.0, 0.0, 2.0]}
#44
data modify storage ps:ani_data data[-1].frames append value {}
data modify storage ps:ani_data data[-1].frames[-1].part_1 set value {interpolation_duration:1,start_interpolation:0,transformation:[0.6942026408962275, -8.158449921499915e-06, 0.7197796144002293, 2.7339880508066e-07, 4.5457977213974056e-05, 0.9999999984384009, -3.25080030815807e-05, 0.0313589182828848, -0.7197796130110075, 5.528686689998469e-05, 0.6942026401830279, -2.0038804814004927e-06, 0.0, 0.0, 0.0, 2.0]}
#45
data modify storage ps:ani_data data[-1].frames append value {}
data modify storage ps:ani_data data[-1].frames[-1].part_1 set value {interpolation_duration:1,start_interpolation:0,transformation:[0.6942028501727541, -2.161947317901505e-05, 0.7197794122817232, -1.6386058649146807e-05, 5.590674202151165e-05, 0.9999999981519974, -2.388390974069067e-05, 0.03135423647656002, -0.7197794104352115, 5.6820800130085846e-05, 0.6942028500985398, 3.634275541717575e-06, 0.0, 0.0, 0.0, 2.0]}
#46
data modify storage ps:ani_data data[-1].frames append value {}
data modify storage ps:ani_data data[-1].frames[-1].part_1 set value {interpolation_duration:1,start_interpolation:0,transformation:[0.6942029633905387, -8.471592686715082e-06, 0.7197793033618196, 7.354308857357957e-06, 4.4138632927230046e-05, 0.9999999985515545, -3.08005203818727e-05, 0.03135874182733872, -0.7197793020583291, 5.3151886982771444e-05, 0.694202962758948, 2.7692839034489454e-05, 0.0, 0.0, 0.0, 2.0]}
#47
data modify storage ps:ani_data data[-1].frames append value {}
data modify storage ps:ani_data data[-1].frames[-1].part_1 set value {interpolation_duration:1,start_interpolation:0,transformation:[0.6942028103195034, -2.104087557096988e-05, 0.719779450735977, -2.835342882347782e-05, 5.497998430430749e-05, 0.9999999982055249, -2.3793933078595275e-05, 0.031354362731327995, -0.7197794489437056, 5.6091278115742135e-05, 0.6942028102306008, 1.1305052546753789e-05, 0.0, 0.0, 0.0, 2.0]}
#48
data modify storage ps:ani_data data[-1].frames append value {}
data modify storage ps:ani_data data[-1].frames[-1].part_1 set value {interpolation_duration:1,start_interpolation:0,transformation:[0.6942024566258077, -1.2049524505944839e-05, 0.7197797920680339, -1.6240707812599938e-05, 4.753806265638608e-05, 0.9999999984464216, -2.9108229520966455e-05, 0.03135751726524753, -0.7197797905990594, 5.442394129561353e-05, 0.694202456120121, 2.6607816439979433e-05, 0.0, 0.0, 0.0, 2.0]}
#49
data modify storage ps:ani_data data[-1].frames append value {}
data modify storage ps:ani_data data[-1].frames[-1].part_1 set value {interpolation_duration:1,start_interpolation:0,transformation:[0.6942024423244018, -1.4925258712063217e-05, 0.7197798058073538, 5.929553329625599e-05, 4.935413053533048e-05, 0.9999999984212352, -2.6864464815367933e-05, 0.03135713031091545, -0.7197798042700317, 5.417348357907736e-05, 0.6942024419650427, -1.1845918434826402e-05, 0.0, 0.0, 0.0, 2.0]}
#50
data modify storage ps:ani_data data[-1].frames append value {}
data modify storage ps:ani_data data[-1].frames[-1].part_1 set value {interpolation_duration:1,start_interpolation:0,transformation:[0.6942020677397095, -2.1971850517617703e-05, 0.7197801669003873, 4.429131387712865e-05, 5.601299910362873e-05, 0.9999999981552236, -2.349674261488452e-05, 0.03135408759536323, -0.7197801650562867, 5.662853315180173e-05, 0.6942020676897711, 4.214153812139351e-05, 0.0, 0.0, 0.0, 2.0]}
#51
data modify storage ps:ani_data data[-1].frames append value {}
data modify storage ps:ani_data data[-1].frames[-1].part_1 set value {interpolation_duration:1,start_interpolation:0,transformation:[0.6942023803350043, 7.929577575604012e-06, 0.7197798657050193, 4.7337747502968016e-05, 2.9820600481044875e-05, 0.9999999987642374, -3.9777591409453354e-05, 0.03136540238583102, -0.7197798651309618, 4.907796644992526e-05, 0.6942023792406702, 3.536323104443022e-05, 0.0, 0.0, 0.0, 2.0]}
#52
data modify storage ps:ani_data data[-1].frames append value {}
data modify storage ps:ani_data data[-1].frames[-1].part_1 set value {interpolation_duration:1,start_interpolation:0,transformation:[0.6942020104413968, 6.38843549109198e-06, 0.719780222469547, -4.496774480295707e-06, 3.175875501668544e-05, 0.9999999987153403, -3.950570768257935e-05, 0.03136402969310724, -0.7197802217972539, 5.0284265448422413e-05, 0.6942020093466948, 4.1942625803646153e-05, 0.0, 0.0, 0.0, 2.0]}
#53
data modify storage ps:ani_data data[-1].frames append value {}
data modify storage ps:ani_data data[-1].frames[-1].part_1 set value {interpolation_duration:1,start_interpolation:0,transformation:[0.6942010425954291, -3.585463729764057e-05, 0.7197811550560794, -7.128753170553636e-06, 6.791701781944155e-05, 0.9999999975705498, -1.5690084813091927e-05, 0.03134981724907674, -0.7197811527448448, 5.9777462769701114e-05, 0.6942010433440424, 1.8263912772009802e-06, 0.0, 0.0, 0.0, 2.0]}
#54
data modify storage ps:ani_data data[-1].frames append value {}
data modify storage ps:ani_data data[-1].frames[-1].part_1 set value {interpolation_duration:1,start_interpolation:0,transformation:[0.6942012814681743, 1.8066254081904855e-06, 0.7197809255632444, -4.0164752596505546e-05, 3.6281674543348045e-05, 0.9999999986386103, -3.7502258546809214e-05, 0.031362972408188625, -0.7197809246510944, 5.214897322494121e-05, 0.6942012804575486, -5.2280319603181025e-05, 0.0, 0.0, 0.0, 2.0]}
#55
data modify storage ps:ani_data data[-1].frames append value {}
data modify storage ps:ani_data data[-1].frames[-1].part_1 set value {interpolation_duration:1,start_interpolation:0,transformation:[0.6942024693910859, 6.042241186366842e-05, 0.7197797773211265, -1.7076619993374152e-05, -4.295887179342028e-05, 0.9999999981735748, -4.2513360108493024e-05, 0.03136277401625589, -0.7197797785752623, -1.4080476040065427e-06, 0.6942024707188557, -7.901454872344597e-06, 0.0, 0.0, 0.0, 2.0]}
#56
data modify storage ps:ani_data data[-1].frames append value {}
data modify storage ps:ani_data data[-1].frames[-1].part_1 set value {interpolation_duration:1,start_interpolation:0,transformation:[0.6942035461055758, 6.2267120463229e-05, 0.7197787387088128, -7.1666279513728414e-06, -4.7920234596805e-05, 0.9999999980401366, -4.0291164484664066e-05, 0.031360604166830716, -0.7197787398069594, -6.521696754741892e-06, 0.6942035477288867, -5.718154353268108e-05, 0.0, 0.0, 0.0, 2.0]}
#57
data modify storage ps:ani_data data[-1].frames append value {}
data modify storage ps:ani_data data[-1].frames[-1].part_1 set value {interpolation_duration:1,start_interpolation:0,transformation:[0.6942041576140061, 6.484853678147987e-05, 0.7197781487000666, 1.32963154128632e-05, -5.317504577067963e-05, 0.9999999978331203, -3.8809456547256564e-05, 0.03135948612985721, -0.7197781496571303, -1.1332549912015483e-05, 0.6942041595580734, -2.8649410341437197e-05, 0.0, 0.0, 0.0, 2.0]}
#58
data modify storage ps:ani_data data[-1].frames append value {}
data modify storage ps:ani_data data[-1].frames[-1].part_1 set value {interpolation_duration:1,start_interpolation:0,transformation:[0.6942040758377859, 6.697267947260776e-05, 0.7197782273762283, 9.252395673060856e-07, -5.9664141430702006e-05, 0.999999997589898, -3.550203128787394e-05, 0.03135718670793927, -0.7197782280191556, -1.829929513635259e-05, 0.6942040781605507, 1.323874853009655e-05, 0.0, 0.0, 0.0, 2.0]}
#59
data modify storage ps:ani_data data[-1].frames append value {}
data modify storage ps:ani_data data[-1].frames[-1].part_1 set value {interpolation_duration:1,start_interpolation:0,transformation:[0.694204133636271, 7.017068094167716e-05, 0.7197781713266869, 4.422150480700705e-05, -6.85559641494951e-05, 0.9999999971580273, -3.13691744814064e-05, 0.03135405563133264, -0.7197781714822934, -2.7568475915311752e-05, 0.6942041364739806, -7.65569949034332e-06, 0.0, 0.0, 0.0, 2.0]}
data modify storage ps:ani_data data[-1].frames[-1].is_last set value 1
data modify storage ps:ani_data data[-1].frames[-1].keep_alive set value 1
