data modify storage ps:ani_data data append value {ani_tag:'coin',height:0.1,width:0.3}
data modify storage ps:ani_data data[-1].parts.part_1 set value {name:'coin',init_pos:[1.0, 0.0, 0.0, 0.0, 0.0, 1.0, 0.0, 0.03125, 0.0, 0.0, 1.0, 0.0, 0.0, 0.0, 0.0, 2.0],item_model:'cointosser:test_coin'}
data modify storage ps:ani_data data[-1].frames append value {}
data modify storage ps:ani_data data[-1].frames[-1].part_1 set value {interpolation_duration:1,start_interpolation:0,transformation:[0.9893553140259979, -0.12838088132142086, 0.06851577861817039, -0.0003598349843260002, 0.13726157461129765, 0.6669392191563004, -0.7323601150297653, 0.24785756153659155, 0.048325177120689906, 0.7339689552442386, 0.6774616225247999, -0.0003804301069718183, 0.0, 0.0, 0.0, 2.0]}
data modify storage ps:ani_data data[-1].frames append value {}
data modify storage ps:ani_data data[-1].frames[-1].part_1 set value {interpolation_duration:1,start_interpolation:0,transformation:[0.9635070914406357, -0.17646270275368378, 0.20128338053717085, -7.706016427837284e-05, 0.20842722452353601, 0.022732984814690663, -0.9777736463409262, 0.5331156322040669, 0.16796480828144328, 0.9840447784213276, 0.05868302344543878, -0.00023186187471181197, 0.0, 0.0, 0.0, 2.0]}
data modify storage ps:ani_data data[-1].frames append value {}
data modify storage ps:ani_data data[-1].frames[-1].part_1 set value {interpolation_duration:1,start_interpolation:0,transformation:[0.9339916412696365, -0.12429166458652191, 0.3349793966093461, -1.8731971517549467e-05, 0.18623255737333522, -0.6307643334541315, -0.7532952875309606, 0.791724470256652, 0.30492138103556715, 0.76595557165966, -0.5659814605010358, -5.9936450473009165e-05, 0.0, 0.0, 0.0, 2.0]}
data modify storage ps:ani_data data[-1].frames append value {}
data modify storage ps:ani_data data[-1].frames[-1].part_1 set value {interpolation_duration:1,start_interpolation:0,transformation:[0.9145459262414172, 0.006613426366315504, 0.4044280051961354, -4.591511457792425e-06, 0.0819046424344063, -0.9821807814823643, -0.1691524224904395, 1.0243957530947563, 0.3961027371060697, 0.18782219005854822, -0.8987911028591073, -1.4688424639469728e-05, 0.0, 0.0, 0.0, 2.0]}
data modify storage ps:ani_data data[-1].frames append value {}
data modify storage ps:ani_data data[-1].frames[-1].part_1 set value {interpolation_duration:1,start_interpolation:0,transformation:[0.9144669520486058, 0.15580252597376193, 0.37346454518619054, -1.120132855027483e-06, -0.054525502931935005, -0.8670499207407503, 0.4952286385837135, 1.2314067520357397, 0.4009702771290566, -0.4732335658463523, -0.7843932872069936, -3.5556975567338136e-06, 0.0, 0.0, 0.0, 2.0]}
data modify storage ps:ani_data data[-1].frames append value {}
data modify storage ps:ani_data data[-1].frames[-1].part_1 set value {interpolation_duration:1,start_interpolation:0,transformation:[0.9339927035222991, 0.25205840416728187, 0.25322754718977525, -2.710892264112694e-07, -0.15847683678798893, -0.3429527600375262, 0.9258879503397351, 1.412892279334609, 0.3202229254266155, -0.9049032905627461, -0.2803699569496241, -8.506701327544213e-07, 0.0, 0.0, 0.0, 2.0]}
data modify storage ps:ani_data data[-1].frames append value {}
data modify storage ps:ani_data data[-1].frames[-1].part_1 set value {interpolation_duration:1,start_interpolation:0,transformation:[0.963948226364527, 0.24736524350780156, 0.09805229825459476, -6.486931837530788e-08, -0.18138244780481536, 0.34122939527787655, 0.922313887690426, 1.5689403536728799, 0.19469007298014807, -0.9068478020608641, 0.3737951837308286, -2.0021032300752417e-07, 0.0, 0.0, 0.0, 2.0]}
data modify storage ps:ani_data data[-1].frames append value {}
data modify storage ps:ani_data data[-1].frames[-1].part_1 set value {interpolation_duration:1,start_interpolation:0,transformation:[0.9898954316869132, 0.14046281936994012, -0.019422427758314747, -1.5272814901123698e-08, -0.11311213149619986, 0.864791907909068, 0.48922449010999053, 1.6996235481143473, 0.0855142095430097, -0.4820841756266651, 0.8719416078938959, -4.5992393032088575e-08, 0.0, 0.0, 0.0, 2.0]}
data modify storage ps:ani_data data[-1].frames append value {}
data modify storage ps:ani_data data[-1].frames[-1].part_1 set value {interpolation_duration:1,start_interpolation:0,transformation:[0.9988728087865544, -0.02141723915481557, -0.042360520934527406, -3.510382963015253e-09, 0.01396110932350131, 0.9855068977966776, -0.16905987643916645, 1.805009262490875, 0.04536738138041853, 0.16827791376813064, 0.9846950514979391, -1.0173148980182264e-08, 0.0, 0.0, 0.0, 2.0]}
data modify storage ps:ani_data data[-1].frames append value {}
data modify storage ps:ani_data data[-1].frames[-1].part_1 set value {interpolation_duration:1,start_interpolation:0,transformation:[0.9855613192964771, -0.16376332388132311, 0.0430169694182218, -7.771479232761875e-10, 0.14064913208490093, 0.6503712682267487, -0.7464817714511818, 1.8851630897446736, 0.09426933515386351, 0.7417538589157936, 0.6640139345173242, -2.1105006971144287e-09, 0.0, 0.0, 0.0, 2.0]}
data modify storage ps:ani_data data[-1].frames append value {}
data modify storage ps:ani_data data[-1].frames[-1].part_1 set value {interpolation_duration:1,start_interpolation:0,transformation:[0.9549578032996402, -0.21922826021112796, 0.19998640914303836, -1.6147685327894987e-10, 0.20864541691694244, 0.016838993488983472, -0.977846377657469, 1.9401499192975127, 0.21100399028615574, 0.9755282764856589, 0.06182149998374335, -3.8615247726447545e-10, 0.0, 0.0, 0.0, 2.0]}
data modify storage ps:ani_data data[-1].frames append value {}
data modify storage ps:ani_data data[-1].frames[-1].part_1 set value {interpolation_duration:1,start_interpolation:0,transformation:[0.9202583708574263, -0.15929451675305503, 0.3574210231635034, -2.964412901168165e-11, 0.1872205357724532, -0.6228334032093074, -0.759622947804888, 1.9700342988881767, 0.3436175226205883, 0.7659659318658517, -0.5433444481808628, -5.0265885798534095e-11, 0.0, 0.0, 0.0, 2.0]}
data modify storage ps:ani_data data[-1].frames append value {}
data modify storage ps:ani_data data[-1].frames[-1].part_1 set value {interpolation_duration:1,start_interpolation:0,transformation:[0.8968862668652566, -0.008344116628832984, 0.4421825415212452, -3.903178869809461e-12, 0.08676820720597785, -0.9770710576216992, -0.19443103295583744, 1.9748805534240712, 0.43366611872126193, 0.21274990969609803, -0.8755976092918125, 2.57471544935396e-12, 0.0, 0.0, 0.0, 2.0]}
data modify storage ps:ani_data data[-1].frames append value {}
data modify storage ps:ani_data data[-1].frames[-1].part_1 set value {interpolation_duration:1,start_interpolation:0,transformation:[0.8953973158632303, 0.1665824782611081, 0.4129333174754852, 1.7201275094043404e-13, -0.04659863465219922, -0.8872319231345491, 0.45896414001479574, 1.954752824210493, 0.4428230052667468, -0.4301973878434846, -0.7866625664788996, 5.599868664458911e-12, 0.0, 0.0, 0.0, 2.0]}
data modify storage ps:ani_data data[-1].frames append value {}
data modify storage ps:ani_data data[-1].frames[-1].part_1 set value {interpolation_duration:1,start_interpolation:0,transformation:[0.916528441532786, 0.2858414232353418, 0.279768290955706, 4.1869841722660965e-13, -0.15246145162851762, -0.3969872278710899, 0.9050727300469019, 1.9097150820885265, 0.36977171556084104, -0.8721787785024473, -0.32027028694708937, 3.022712857202199e-12, 0.0, 0.0, 0.0, 2.0]}
data modify storage ps:ani_data data[-1].frames append value {}
data modify storage ps:ani_data data[-1].frames[-1].part_1 set value {interpolation_duration:1,start_interpolation:0,transformation:[0.9506821070179066, 0.29342463814944275, 0.10052618128060824, 2.2767538119905726e-13, -0.18347424101010243, 0.2706871293745997, 0.9450215240282653, 1.8398311320225953, 0.25008145529359027, -0.9168590184525686, 0.3111732732746062, 1.2870917823557502e-12, 0.0, 0.0, 0.0, 2.0]}
data modify storage ps:ani_data data[-1].frames append value {}
data modify storage ps:ani_data data[-1].frames[-1].part_1 set value {interpolation_duration:1,start_interpolation:0,transformation:[0.9821176547653422, 0.18287942068720578, -0.044721691463274496, 9.719684209668648e-14, -0.1263062206059578, 0.8161807449990564, 0.5638224278343528, 1.745164614885508, 0.13961250242891365, -0.5480913327009439, 0.8246843275967111, 4.958128179149323e-13, 0.0, 0.0, 0.0, 2.0]}
data modify storage ps:ani_data data[-1].frames append value {}
data modify storage ps:ani_data data[-1].frames[-1].part_1 set value {interpolation_duration:1,start_interpolation:0,transformation:[0.9959796246209698, 0.0010582638870691749, -0.08957380988557243, 3.7489615759216206e-14, -0.007000150028869877, 0.9977919594664816, -0.06604697967062603, 1.6257790083244634, 0.08930613214916801, 0.06640847612755545, 0.9937878692452282, 1.809559432639748e-13, 0.0, 0.0, 0.0, 2.0]}
data modify storage ps:ani_data data[-1].frames append value {}
data modify storage ps:ani_data data[-1].frames[-1].part_1 set value {interpolation_duration:1,start_interpolation:0,transformation:[0.9850059299403807, -0.17214091352621988, -0.011437826395089055, 1.3687521683446143e-14, 0.12121466553535572, 0.7377288629107356, -0.6641258387441232, 1.481737627325181, 0.1227612432383998, 0.6527814570886581, 0.74753330791328, 6.392939156176671e-14, 0.0, 0.0, 0.0, 2.0]}
data modify storage ps:ani_data data[-1].frames append value {}
data modify storage ps:ani_data data[-1].frames[-1].part_1 set value {interpolation_duration:1,start_interpolation:0,transformation:[0.9528992337939222, -0.25908017754501844, 0.15767216570529258, 4.823724621058202e-15, 0.20182146108855642, 0.15361725278956992, -0.9673002829987521, 1.3131036246763936, 0.2263871641216344, 0.9535613253737942, 0.19866970245192672, 2.2153128639407288e-14, 0.0, 0.0, 0.0, 2.0]}
data modify storage ps:ani_data data[-1].frames append value {}
data modify storage ps:ani_data data[-1].frames[-1].part_1 set value {interpolation_duration:1,start_interpolation:0,transformation:[0.9128370648517591, -0.21902936127230302, 0.34460793945217216, 1.6476829109094196e-15, 0.19983928868897793, -0.49633028022198933, -0.8448198101554225, 1.1199399914009782, 0.35607969856354954, 0.840049041327593, -0.40929800443623365, 7.632629395248629e-15, 0.0, 0.0, 0.0, 2.0]}
data modify storage ps:ani_data data[-1].frames append value {}
data modify storage ps:ani_data data[-1].frames[-1].part_1 set value {interpolation_duration:1,start_interpolation:0,transformation:[0.8817608059195841, -0.06674809766802062, 0.46695028921904097, 5.362413085797619e-16, 0.11671595459809436, -0.9282797783383235, -0.35309211131149454, 0.9023095571754393, 0.45702873770289465, 0.36584333338992747, -0.810730157529523, 2.6755697642745677e-15, 0.0, 0.0, 0.0, 2.0]}
data modify storage ps:ani_data data[-1].frames append value {}
data modify storage ps:ani_data data[-1].frames[-1].part_1 set value {interpolation_duration:1,start_interpolation:0,transformation:[0.8729524821160314, 0.1332796631486823, 0.4692446007770713, 1.5549022154339837e-16, -0.010912485253475655, -0.9563743392491714, 0.29194013237529215, 0.6602749907448597, 0.48768317751697354, -0.25997048797254696, -0.8334149409209455, 9.902160115875107e-16, 0.0, 0.0, 0.0, 2.0]}
data modify storage ps:ani_data data[-1].frames append value {}
data modify storage ps:ani_data data[-1].frames[-1].part_1 set value {interpolation_duration:1,start_interpolation:0,transformation:[0.8901590382317024, 0.29450472197377453, 0.3476835563979988, 3.110686166699944e-17, -0.1276330613088807, -0.5713415829039923, 0.8107272027665557, 0.3938988003356605, 0.4374090629094626, -0.7660520637527911, -0.4709963347041626, 3.965902499113016e-16, 0.0, 0.0, 0.0, 2.0]}
data modify storage ps:ani_data data[-1].frames append value {}
data modify storage ps:ani_data data[-1].frames[-1].part_1 set value {interpolation_duration:1,start_interpolation:0,transformation:[0.9486332434084233, -0.04735241208685004, 0.31281419176560993, -0.0017755287499504144, -0.31225288499147413, -0.2992729426984802, 0.9016284387612745, 0.25647055802376617, 0.050922542306093686, -0.9529918440564688, -0.2986861895818666, 0.004444789863127576, 0.0, 0.0, 0.0, 2.0]}
data modify storage ps:ani_data data[-1].frames append value {}
data modify storage ps:ani_data data[-1].frames[-1].part_1 set value {interpolation_duration:1,start_interpolation:0,transformation:[0.9758964358670559, -0.084151747858983, 0.20135697105949785, -0.0006352770076256031, -0.21812849609770807, -0.3474187208713885, 0.9119869470437832, 0.28008373349226445, -0.006790114294284194, -0.9339265044533035, -0.3574005856563531, 0.0013897231271942686, 0.0, 0.0, 0.0, 2.0]}
data modify storage ps:ani_data data[-1].frames append value {}
data modify storage ps:ani_data data[-1].frames[-1].part_1 set value {interpolation_duration:1,start_interpolation:0,transformation:[0.9893341047534855, -0.11543326143820072, 0.0888436341296271, -0.00016288163446370976, -0.12844054755074694, -0.4036065361378913, 0.9058723915274365, 0.27867781174256634, -0.06870993317187377, -0.907621576506703, -0.4141280224073272, 0.0003532236352568716, 0.0, 0.0, 0.0, 2.0]}
data modify storage ps:ani_data data[-1].frames append value {}
data modify storage ps:ani_data data[-1].frames[-1].part_1 set value {interpolation_duration:1,start_interpolation:0,transformation:[0.9934875136141966, -0.11130688972594957, -0.024358501436176176, -5.243767162141006e-05, -0.03179185043372845, -0.47608589637656745, 0.878823928621268, 0.25647984699957815, -0.1094158971022051, -0.8723261979161552, -0.4765240454483529, 0.000299049717657083, 0.0, 0.0, 0.0, 2.0]}
data modify storage ps:ani_data data[-1].frames append value {}
data modify storage ps:ani_data data[-1].frames[-1].part_1 set value {interpolation_duration:1,start_interpolation:0,transformation:[0.9903288691908003, -0.009284915350167304, -0.1384287585518647, -8.74645105125387e-06, 0.10834728130297093, -0.5714498296997904, 0.8134531079111664, 0.22154866825334701, -0.0866579337483022, -0.8205844761406473, -0.56491726831055, 0.0002221168884548571, 0.0, 0.0, 0.0, 2.0]}
data modify storage ps:ani_data data[-1].frames append value {}
data modify storage ps:ani_data data[-1].frames[-1].part_1 set value {interpolation_duration:1,start_interpolation:0,transformation:[0.9827971872353604, -0.008550710396457155, -0.18449003798031974, 0.00026356357805153326, 0.11546875099668928, -0.7511719648548842, 0.6499289551630372, 0.1842995462270687, -0.14414109859970012, -0.660051183293969, -0.7372623543398259, 0.00021493007042765433, 0.0, 0.0, 0.0, 2.0]}
data modify storage ps:ani_data data[-1].frames append value {}
data modify storage ps:ani_data data[-1].frames[-1].part_1 set value {interpolation_duration:1,start_interpolation:0,transformation:[0.976463343202265, -0.006801210851897266, -0.2155761649932646, 9.209758226386539e-05, 0.08255513472558045, -0.9116024744285753, 0.40269787477231556, 0.12996944727715504, -0.19925859859162023, -0.41101663244526526, -0.8895849249738084, 0.00010821533038891082, 0.0, 0.0, 0.0, 2.0]}
data modify storage ps:ani_data data[-1].frames append value {}
data modify storage ps:ani_data data[-1].frames[-1].part_1 set value {interpolation_duration:1,start_interpolation:0,transformation:[0.9703850760513505, 0.0008285551162126531, -0.24156182991779576, 7.039079191714534e-05, 0.023964253593680384, -0.9953913681897573, 0.0928533181045316, 0.05348721599457194, -0.2403716262925233, -0.09589232310118968, -0.9659327842265965, 0.0001091928688371296, 0.0, 0.0, 0.0, 2.0]}
data modify storage ps:ani_data data[-1].frames append value {}
data modify storage ps:ani_data data[-1].frames[-1].part_1 set value {interpolation_duration:1,start_interpolation:0,transformation:[0.966137763072456, -0.0008940740769045418, -0.2580252379068678, 0.0005223402968815128, -0.0036564187764617857, -0.9999410273572232, -0.010226065201830774, 0.028398380682326807, -0.25800087861687965, 0.010823236083813557, -0.9660840564845236, 0.0002858341236447632, 0.0, 0.0, 0.0, 2.0]}
data modify storage ps:ani_data data[-1].frames append value {}
data modify storage ps:ani_data data[-1].frames[-1].part_1 set value {interpolation_duration:1,start_interpolation:0,transformation:[0.9651770323329428, 1.459434643824038e-05, -0.2615975841707597, 0.0002784045340414464, 6.165122992734818e-05, -0.9999999833632527, 0.00017167591622788294, 0.03137607710691282, -0.26159757731312905, -0.00018182546415801738, -0.9651770171752959, 0.00012227543381457018, 0.0, 0.0, 0.0, 2.0]}
data modify storage ps:ani_data data[-1].frames append value {}
data modify storage ps:ani_data data[-1].frames[-1].part_1 set value {interpolation_duration:1,start_interpolation:0,transformation:[0.9651902429406483, -2.641423645248372e-05, -0.26154883718812505, 0.0002370554601034096, -1.5921199331022566e-05, -0.999999998981241, 4.223781032301756e-05, 0.03135653648222425, -0.2615488380373494, -3.660335123528503e-05, -0.9651902423778986, 9.632442138647883e-05, 0.0, 0.0, 0.0, 2.0]}
data modify storage ps:ani_data data[-1].frames append value {}
data modify storage ps:ani_data data[-1].frames[-1].part_1 set value {interpolation_duration:1,start_interpolation:0,transformation:[0.9651894379429451, -2.2754834270980823e-05, -0.2615518081864445, 0.00015874369701028148, -1.1518985672119397e-05, -0.9999999989439101, 4.4491494901494695e-05, 0.03135882259139678, -0.2615518089226188, -3.9929909426198495e-05, -0.9651894371857308, 0.0001100142996851498, 0.0, 0.0, 0.0, 2.0]}
data modify storage ps:ani_data data[-1].frames append value {}
data modify storage ps:ani_data data[-1].frames[-1].part_1 set value {interpolation_duration:1,start_interpolation:0,transformation:[0.9651898199685512, -2.6115661311367155e-05, -0.2615503981014894, 0.00011576522528549034, -1.163100070344463e-05, -0.999999998311962, 5.692798749437772e-05, 0.03135678266675966, -0.2615503991466944, -5.190422113656573e-05, -0.9651898186430254, 3.986046249105549e-05, 0.0, 0.0, 0.0, 2.0]}
data modify storage ps:ani_data data[-1].frames append value {}
data modify storage ps:ani_data data[-1].frames[-1].part_1 set value {interpolation_duration:1,start_interpolation:0,transformation:[0.9651897128882201, -3.596822395720805e-05, -0.2615507920864352, 9.850290295871492e-05, -2.5506628604404507e-05, -0.9999999987332271, 4.339305678134646e-05, 0.03135972689344391, -0.26155079331588094, -3.521125310119349e-05, -0.9651897125829721, 3.030965676560087e-05, 0.0, 0.0, 0.0, 2.0]}
data modify storage ps:ani_data data[-1].frames append value {}
data modify storage ps:ani_data data[-1].frames[-1].part_1 set value {interpolation_duration:1,start_interpolation:0,transformation:[0.965189736830506, -3.097885465494643e-05, -0.2615507043717701, 4.4897177201913205e-06, -1.496366494683341e-05, -0.9999999978894567, 6.322322395280461e-05, 0.031356951733201466, -0.261550705778339, -5.710864978175617e-05, -0.965189735256988, 3.091374337349705e-05, 0.0, 0.0, 0.0, 2.0]}
data modify storage ps:ani_data data[-1].frames append value {}
data modify storage ps:ani_data data[-1].frames[-1].part_1 set value {interpolation_duration:1,start_interpolation:0,transformation:[0.9651889627374528, -3.214548311608498e-05, -0.26155356081779346, -4.003497824272162e-05, -2.0645385190527173e-05, -0.9999999986956825, 4.671618737895512e-05, 0.03136137379283646, -0.26155356197835905, -3.969007442830486e-05, -0.965188962142196, -2.7476930092005776e-05, 0.0, 0.0, 0.0, 2.0]}
data modify storage ps:ani_data data[-1].frames append value {}
data modify storage ps:ani_data data[-1].frames[-1].part_1 set value {interpolation_duration:1,start_interpolation:0,transformation:[0.9651891582981983, -5.1148981889148336e-05, -0.2615528361295228, -9.823121718075133e-05, -4.073766657153124e-05, -0.99999999814745, 4.5227678889803294e-05, 0.031356784064795674, -0.26155283795833273, -3.299821309034758e-05, -0.9651891585938271, -6.141261624322225e-06, 0.0, 0.0, 0.0, 2.0]}
data modify storage ps:ani_data data[-1].frames append value {}
data modify storage ps:ani_data data[-1].frames[-1].part_1 set value {interpolation_duration:1,start_interpolation:0,transformation:[0.9651891750527023, -2.9461216093321566e-05, -0.26155277764367235, -3.5625477007881875e-05, -1.3127633802193616e-05, -0.9999999978532881, 6.419570895560626e-05, 0.031356312434988466, -0.2615527789734775, -5.85274342839323e-05, -0.9651891733674753, -1.088601638198361e-05, 0.0, 0.0, 0.0, 2.0]}
data modify storage ps:ani_data data[-1].frames append value {}
data modify storage ps:ani_data data[-1].frames[-1].part_1 set value {interpolation_duration:1,start_interpolation:0,transformation:[0.9651889528450034, -4.96715763958645e-05, -0.2615535945818762, -8.87021657722663e-06, -4.661126067809325e-05, -0.9999999987534153, 1.7904179282095256e-05, 0.031351279606291804, -0.2615535951451563, -5.0895732744865745e-06, -0.9651889539570684, -2.242853257554523e-05, 0.0, 0.0, 0.0, 2.0]}
data modify storage ps:ani_data data[-1].frames append value {}
data modify storage ps:ani_data data[-1].frames[-1].part_1 set value {interpolation_duration:1,start_interpolation:0,transformation:[0.965189186792626, -3.4214720985621406e-05, -0.26155273374205357, 2.0243929865703394e-05, -2.130307996917571e-05, -0.9999999984106361, 5.220063390000637e-05, 0.03135174312332836, -0.26155273511238136, -4.481160858094325e-05, -0.9651891859874685, 2.4775041869851393e-05, 0.0, 0.0, 0.0, 2.0]}
data modify storage ps:ani_data data[-1].frames append value {}
data modify storage ps:ani_data data[-1].frames[-1].part_1 set value {interpolation_duration:1,start_interpolation:0,transformation:[0.9651888157028462, -4.280555866735516e-05, -0.26155410187917383, -2.150746162787136e-05, -3.503096508671261e-05, -0.9999999987951826, 3.4387007682889353e-05, 0.0313579478976651, -0.261554103036004, -2.4027462609796836e-05, -0.9651888160394901, 9.178626449710122e-06, 0.0, 0.0, 0.0, 2.0]}
data modify storage ps:ani_data data[-1].frames append value {}
data modify storage ps:ani_data data[-1].frames[-1].part_1 set value {interpolation_duration:1,start_interpolation:0,transformation:[0.9651886532287636, -3.3657458309374846e-05, -0.2615547027786367, 9.287563258196872e-06, -2.5818431687346723e-05, -0.9999999991086851, 3.340716445837166e-05, 0.03136478816207411, -0.2615547036699093, -2.5491283845573043e-05, -0.9651886532374591, 2.7312116440400997e-05, 0.0, 0.0, 0.0, 2.0]}
data modify storage ps:ani_data data[-1].frames append value {}
data modify storage ps:ani_data data[-1].frames[-1].part_1 set value {interpolation_duration:1,start_interpolation:0,transformation:[0.9651890435998511, -4.054782291343512e-05, -0.26155326125032125, -4.347573265864501e-05, -2.830657500058285e-05, -0.99999999832073, 5.056953497622704e-05, 0.031366075077727054, -0.2615532628615872, -4.140548409276453e-05, -0.9651890431268082, -1.904810620100174e-05, 0.0, 0.0, 0.0, 2.0]}
data modify storage ps:ani_data data[-1].frames append value {}
data modify storage ps:ani_data data[-1].frames[-1].part_1 set value {interpolation_duration:1,start_interpolation:0,transformation:[0.9651894778071334, -2.103280293367594e-05, -0.26155166122205015, -8.653138070059628e-05, -7.778365244154034e-06, -0.9999999986327134, 5.17114154562274e-05, 0.03135604692894115, -0.26155166195207, -4.787686972966351e-05, -0.9651894766510435, -3.250674053611394e-05, 0.0, 0.0, 0.0, 2.0]}
data modify storage ps:ani_data data[-1].frames append value {}
data modify storage ps:ani_data data[-1].frames[-1].part_1 set value {interpolation_duration:1,start_interpolation:0,transformation:[0.9651895247803464, -2.7709225080529537e-05, -0.26155148725726535, -2.7179316045117023e-05, -1.6547630644799765e-05, -0.999999998856119, 4.4876920462674426e-05, 0.031359645655017185, -0.2615514882015864, -3.8986676129242854e-05, -0.9651895241348067, -5.845357637254524e-05, 0.0, 0.0, 0.0, 2.0]}
data modify storage ps:ani_data data[-1].frames append value {}
data modify storage ps:ani_data data[-1].frames[-1].part_1 set value {interpolation_duration:1,start_interpolation:0,transformation:[0.9651885211641339, -3.385175534376097e-05, -0.2615551900977117, -5.3194388933008635e-05, -2.2422307596761674e-05, -0.9999999986590007, 4.668231352395895e-05, 0.0313625057138574, -0.2615551913272447, -3.919256222881004e-05, -0.9651885206288515, -0.0001163428110878708, 0.0, 0.0, 0.0, 2.0]}
data modify storage ps:ani_data data[-1].frames append value {}
data modify storage ps:ani_data data[-1].frames[-1].part_1 set value {interpolation_duration:1,start_interpolation:0,transformation:[0.9651872083410713, -4.9903103374136115e-05, -0.26156003204704137, -3.634543868953428e-05, -4.650425847869783e-05, -0.9999999987346624, 1.9184077378700718e-05, 0.031352356188717456, -0.2615600326734247, -6.3525707517351436e-06, -0.9651872094404909, -5.42720712849093e-05, 0.0, 0.0, 0.0, 2.0]}
data modify storage ps:ani_data data[-1].frames append value {}
data modify storage ps:ani_data data[-1].frames[-1].part_1 set value {interpolation_duration:1,start_interpolation:0,transformation:[0.9651869625415933, -2.9377226390973564e-05, -0.26156094218501175, -1.3105825282541032e-05, -1.7420038591522684e-05, -0.9999999986946723, 4.803328857957247e-05, 0.03136059796045321, -0.2615609432546739, -4.180470219810344e-05, -0.9651869617934609, -5.666271495921219e-05, 0.0, 0.0, 0.0, 2.0]}
data modify storage ps:ani_data data[-1].frames append value {}
data modify storage ps:ani_data data[-1].frames[-1].part_1 set value {interpolation_duration:1,start_interpolation:0,transformation:[0.9651869270204804, -2.5901484498208922e-05, -0.2615610736288469, -1.3667404018405651e-05, -9.733601653622454e-06, -0.9999999979612841, 6.310854726007422e-05, 0.031367321960207015, -0.2615610747302033, -5.8365613499880774e-05, -0.9651869253048532, -2.4783602635475973e-06, 0.0, 0.0, 0.0, 2.0]}
data modify storage ps:ani_data data[-1].frames append value {}
data modify storage ps:ani_data data[-1].frames[-1].part_1 set value {interpolation_duration:1,start_interpolation:0,transformation:[0.965184229077053, -2.029481261530787e-05, -0.26157102960583306, -4.809234297506479e-06, -1.1842163654417605e-05, -0.9999999993555768, 3.38911500183902e-05, 0.03135418071883337, -0.2615710301250851, -2.9613636563187896e-05, -0.9651842286954001, 2.0181107114256225e-05, 0.0, 0.0, 0.0, 2.0]}
data modify storage ps:ani_data data[-1].frames append value {}
data modify storage ps:ani_data data[-1].frames[-1].part_1 set value {interpolation_duration:1,start_interpolation:0,transformation:[0.9651841733158145, -4.553256510169631e-05, -0.2615712321862882, -4.330068175087591e-05, -3.354588138155457e-05, -0.9999999981727575, 5.029074152819137e-05, 0.031359432135793626, -0.26157123399820065, -3.976519025957839e-05, -0.965184173079619, 1.609337483442698e-05, 0.0, 0.0, 0.0, 2.0]}
data modify storage ps:ani_data data[-1].frames append value {}
data modify storage ps:ani_data data[-1].frames[-1].part_1 set value {interpolation_duration:1,start_interpolation:0,transformation:[0.9651857688560768, -3.1945924499709385e-05, -0.2615653466672556, -4.9512031610450304e-05, -1.6740472163895664e-05, -0.9999999980381732, 6.036066757955631e-05, 0.03135657752011712, -0.2615653480823871, -5.38805299415172e-05, -0.9651857674973393, 2.027766392777834e-05, 0.0, 0.0, 0.0, 2.0]}
data modify storage ps:ani_data data[-1].frames append value {}
data modify storage ps:ani_data data[-1].frames[-1].part_1 set value {interpolation_duration:1,start_interpolation:0,transformation:[0.9651857832197984, -3.556149237973812e-05, -0.2615652931980162, -4.882272243809451e-05, -2.4792439756690612e-05, -0.9999999987038136, 4.447142740893622e-05, 0.03136029399042525, -0.26156529444044907, -3.6438347720543574e-05, -0.9651857828503936, 5.6026864335034814e-05, 0.0, 0.0, 0.0, 2.0]}
data modify storage ps:ani_data data[-1].frames append value {}
data modify storage ps:ani_data data[-1].frames[-1].part_1 set value {interpolation_duration:1,start_interpolation:0,transformation:[0.9651841120678631, -3.442977378725344e-05, -0.26157145988498165, -3.6507349539662176e-05, -2.032146777989762e-05, -0.9999999981893856, 5.6641561339960526e-05, 0.03135946945532288, -0.26157146136153275, -4.935401909385378e-05, -0.9651841110199507, 1.0986715084492231e-05, 0.0, 0.0, 0.0, 2.0]}
data modify storage ps:ani_data data[-1].frames append value {}
data modify storage ps:ani_data data[-1].frames[-1].part_1 set value {interpolation_duration:1,start_interpolation:0,transformation:[0.9651846316761475, -3.93156880174821e-05, -0.26156954186306924, -3.534157774515675e-06, -2.787573988913911e-05, -0.9999999984859058, 4.744609074879387e-05, 0.03136197274360933, -0.261569543332404, -3.850279311195148e-05, -0.9651846313107209, 7.728489571905371e-05, 0.0, 0.0, 0.0, 2.0]}
data modify storage ps:ani_data data[-1].frames append value {}
data modify storage ps:ani_data data[-1].frames[-1].part_1 set value {interpolation_duration:1,start_interpolation:0,transformation:[0.9651842998231207, -2.759279042637391e-05, -0.26157076788813793, -4.336574661328964e-05, -1.7721313929811964e-05, -0.9999999990390541, 4.009796854307851e-05, 0.031356002425323014, -0.2615707687431973, -3.406655199997307e-05, -0.965184299384611, 5.2529777956573474e-05, 0.0, 0.0, 0.0, 2.0]}
data modify storage ps:ani_data data[-1].frames[-1].is_last set value 1
data modify storage ps:ani_data data[-1].frames[-1].keep_alive set value 1
