#0
data modify storage ps:ani_data data append value {ani_tag:'coin',height:0.1,width:0.3}
data modify storage ps:ani_data data[-1].parts.part_1 set value {name:'coin',init_pos:[1.0, 0.0, 0.0, 0.0, 0.0, 1.0, 0.0, 0.03125, 0.0, 0.0, 1.0, 0.0, 0.0, 0.0, 0.0, 2.0],item_model:'coin_test'}
#1
data modify storage ps:ani_data data[-1].frames append value {}
data modify storage ps:ani_data data[-1].frames[-1].part_1 set value {interpolation_duration:1,start_interpolation:0,transformation:[0.6872957533091483, -0.722820466028835, 0.07179917390240598, -0.0009079689671700713, 0.7258295837448308, 0.6795746458770711, -0.10653504607338875, 0.24763544698724488, 0.02821281347217647, 0.12533504925164063, 0.9917132461478333, -0.00013672224034161524, 0.0, 0.0, 0.0, 2.0]}
#2
data modify storage ps:ani_data data[-1].frames append value {}
data modify storage ps:ani_data data[-1].frames[-1].part_1 set value {interpolation_duration:1,start_interpolation:0,transformation:[0.05632328790710777, -0.9700990206977024, 0.23608383528037633, -0.00024428139071483625, 0.9844015832357499, 0.014483090046262954, -0.17533899459521496, 0.5314461072032448, 0.16667696350210495, 0.24227696990029954, 0.955782747120729, -0.00011917375442719607, 0.0, 0.0, 0.0, 2.0]}
#3
data modify storage ps:ani_data data[-1].frames append value {}
data modify storage ps:ani_data data[-1].frames[-1].part_1 set value {interpolation_duration:1,start_interpolation:0,transformation:[-0.5708207851643065, -0.7173494996335598, 0.39946630220819135, -6.1928846247756e-05, 0.7452899341868611, -0.6568304788840685, -0.11452788310568429, 0.7885999350171352, 0.3445381622174078, 0.23234331792501906, 0.909565851047325, -3.1197404879086976e-05, 0.0, 0.0, 0.0, 2.0]}
#4
data modify storage ps:ani_data data[-1].frames append value {}
data modify storage ps:ani_data data[-1].frames[-1].part_1 set value {interpolation_duration:1,start_interpolation:0,transformation:[-0.8725707273205383, -0.09767895831254293, 0.47862213376136603, -1.5662051786619108e-05, 0.13424845351062337, -0.9900273704116488, 0.04269846093013217, 1.019816229320788, 0.46967827132337353, 0.10151170838269116, 0.8769821517613198, -7.677644113777514e-06, 0.0, 0.0, 0.0, 2.0]}
#5
data modify storage ps:ani_data data[-1].frames append value {}
data modify storage ps:ani_data data[-1].frames[-1].part_1 set value {interpolation_duration:1,start_interpolation:0,transformation:[-0.6970818273295856, 0.5701015764792365, 0.43481158966008954, -3.9733865602209e-06, -0.5344756878966359, -0.8174109569005057, 0.21488384440533562, 1.2253747524076959, 0.47792537603088464, -0.08260460056732845, 0.874507755775127, -1.8673390779533784e-06, 0.0, 0.0, 0.0, 2.0]}
#6
data modify storage ps:ani_data data[-1].frames append value {}
data modify storage ps:ani_data data[-1].frames[-1].part_1 set value {interpolation_duration:1,start_interpolation:0,transformation:[-0.1366748761387676, 0.9465132848670355, 0.2922885215034398, -1.0125834694703071e-06, -0.9208354576858184, -0.23017127122744283, 0.3147749128664662, 1.405411126358215, 0.3652150573306102, -0.2261278122473157, 0.9030416238619576, -4.496684555301849e-07, 0.0, 0.0, 0.0, 2.0]}
#7
data modify storage ps:ani_data data[-1].frames append value {}
data modify storage ps:ani_data data[-1].frames[-1].part_1 set value {interpolation_duration:1,start_interpolation:0,transformation:[0.522751912856839, 0.8433547778304255, 0.1244313317260122, -2.5952937428920955e-07, -0.8313415595782571, 0.4720202254936712, 0.2933736832827625, 1.5600136288161601, 0.1886839922264377, -0.25680659149542306, 0.9478653520632537, -1.068312302887875e-07, 0.0, 0.0, 0.0, 2.0]}
#8
data modify storage ps:ani_data data[-1].frames append value {}
data modify storage ps:ani_data data[-1].frames[-1].part_1 set value {interpolation_duration:1,start_interpolation:0,transformation:[0.9486790746915985, 0.31585025702211944, 0.01570440643111209, -6.699432640267612e-08, -0.3140755038089338, 0.9352212950270886, 0.16345552066241056, 1.6892549113172175, 0.03694037289277036, -0.15999920145712093, 0.9864257014005798, -2.4888643944708198e-08, 0.0, 0.0, 0.0, 2.0]}
#9
data modify storage ps:ani_data data[-1].frames append value {}
data modify storage ps:ani_data data[-1].frames[-1].part_1 set value {interpolation_duration:1,start_interpolation:0,transformation:[0.9292099853294975, -0.36904870018635927, 0.019283673268156824, -1.7445695075128072e-08, 0.36925538162539223, 0.9292896935314373, -0.008433779516493161, 1.7932023930383987, -0.014807643453305687, 0.014957352272565458, 0.9997784811188694, -5.628890717747708e-09, 0.0, 0.0, 0.0, 2.0]}
#10
data modify storage ps:ani_data data[-1].frames append value {}
data modify storage ps:ani_data data[-1].frames[-1].part_1 set value {interpolation_duration:1,start_interpolation:0,transformation:[0.4767175494095394, -0.8691614295807912, 0.13152485473870848, -4.591117370554241e-09, 0.8771417263186292, 0.4604545319000497, -0.1363965395583067, 1.8719216669087235, 0.05798939589043674, 0.18038856222549504, 0.9818845128539713, -1.213528100121985e-09, 0.0, 0.0, 0.0, 2.0]}
#11
data modify storage ps:ani_data data[-1].frames append value {}
data modify storage ps:ani_data data[-1].frames[-1].part_1 set value {interpolation_duration:1,start_interpolation:0,transformation:[-0.1818882246326934, -0.937939847405685, 0.2952719363376184, -1.2233608791185675e-09, 0.9588808738313507, -0.23571215694546205, -0.1580735552473665, 1.9254776160097005, 0.21786267128719225, 0.25437889400796915, 0.9422458462327605, -2.4008905266915835e-10, 0.0, 0.0, 0.0, 2.0]}
#12
data modify storage ps:ani_data data[-1].frames append value {}
data modify storage ps:ani_data data[-1].frames[-1].part_1 set value {interpolation_duration:1,start_interpolation:0,transformation:[-0.7205606159608913, -0.5444809363261395, 0.42934008513469935, -3.306856012429007e-10, 0.5768149642023932, -0.8143140856013417, -0.06463023335438421, 1.9539347796828272, 0.384807608810237, 0.2010797850820929, 0.9008274109023804, -3.9326582562559686e-11, 0.0, 0.0, 0.0, 2.0]}
#13
data modify storage ps:ani_data data[-1].frames append value {}
data modify storage ps:ani_data data[-1].frames[-1].part_1 set value {interpolation_duration:1,start_interpolation:0,transformation:[-0.8757909549827353, 0.1149030866749579, 0.46881497826220864, -9.083244220510776e-11, -0.07860200816071614, -0.992238663655775, 0.09635433908083169, 1.9573574737803645, 0.4762477585076183, 0.047536459893099806, 0.8780252601704012, -3.0611059459584013e-12, 0.0, 0.0, 0.0, 2.0]}
#14
data modify storage ps:ani_data data[-1].frames append value {}
data modify storage ps:ani_data data[-1].frames[-1].part_1 set value {interpolation_duration:1,start_interpolation:0,transformation:[-0.5743469702041241, 0.7163602378186522, 0.3961736582481815, -2.538725536572525e-11, -0.6855217892993316, -0.6854043758691301, 0.24552131869817512, 1.9358098303530415, 0.4474208692195587, -0.1305712495607373, 0.8847404786574207, 1.4505465197876843e-12, 0.0, 0.0, 0.0, 2.0]}
#15
data modify storage ps:ani_data data[-1].frames append value {}
data modify storage ps:ani_data data[-1].frames[-1].part_1 set value {interpolation_duration:1,start_interpolation:0,transformation:[0.03418364317669208, 0.9680299914933553, 0.24849429391546027, -7.225950455516171e-12, -0.949291570824158, -0.04630401077066884, 0.31096857099834463, 1.8893558109381337, 0.31253318560013965, -0.24652357728202054, 0.9173598714477892, 1.0880330768752705e-12, 0.0, 0.0, 0.0, 2.0]}
#16
data modify storage ps:ani_data data[-1].frames append value {}
data modify storage ps:ani_data data[-1].frames[-1].part_1 set value {interpolation_duration:1,start_interpolation:0,transformation:[0.6533496976743828, 0.7506671368845202, 0.0981479605004066, -2.0948668202077244e-12, -0.7445685482998666, 0.6136994718693871, 0.26266068436266643, 1.8180592111961826, 0.13693739237849456, -0.244687163187675, 0.959883504775317, 5.095344372453734e-13, 0.0, 0.0, 0.0, 2.0]}
#17
data modify storage ps:ani_data data[-1].frames append value {}
data modify storage ps:ani_data data[-1].frames[-1].part_1 set value {interpolation_duration:1,start_interpolation:0,transformation:[0.9849210855207261, 0.1721481791389603, 0.01718894167231596, -6.182849432737732e-13, -0.172936311166864, 0.9768798009724007, 0.12569362247990198, 1.7219836627121137, 0.004846398319516795, -0.12677089126161015, 0.9919201850713922, 2.0517173554061344e-13, 0.0, 0.0, 0.0, 2.0]}
#18
data modify storage ps:ani_data data[-1].frames append value {}
data modify storage ps:ani_data data[-1].frames[-1].part_1 set value {interpolation_duration:1,start_interpolation:0,transformation:[0.8717890899557137, -0.4879887630925643, 0.04302034088169632, -1.8558153723646748e-13, 0.48941750305980286, 0.8714194613833325, -0.033145588259827115, 1.6011926338664657, -0.02131408766276672, 0.04995087004018284, 0.9985242211630783, 7.677120071842475e-14, 0.0, 0.0, 0.0, 2.0]}
#19
data modify storage ps:ani_data data[-1].frames append value {}
data modify storage ps:ani_data data[-1].frames[-1].part_1 set value {interpolation_duration:1,start_interpolation:0,transformation:[0.37058674594488306, -0.9146341867652087, 0.16158517299037042, -5.657761059984169e-14, 0.9261799269352381, 0.35085395925697316, -0.13817468008265077, 1.4557494304011918, 0.0696864884480438, 0.20086264877784396, 0.9771376513335921, 2.754114524068121e-14, 0.0, 0.0, 0.0, 2.0]}
#20
data modify storage ps:ani_data data[-1].frames append value {}
data modify storage ps:ani_data data[-1].frames[-1].part_1 set value {interpolation_duration:1,start_interpolation:0,transformation:[-0.2786257136027378, -0.9071384852772273, 0.31538465442741936, -1.7510331178708445e-14, 0.9316117687280426, -0.3350854332735712, -0.14077380713495802, 1.2857171958846605, 0.2333821417477617, 0.254592853271259, 0.9384643067141264, 9.626033563850757e-15, 0.0, 0.0, 0.0, 2.0]}
#21
data modify storage ps:ani_data data[-1].frames append value {}
data modify storage ps:ani_data data[-1].frames[-1].part_1 set value {interpolation_duration:1,start_interpolation:0,transformation:[-0.7686430039884058, -0.47208577857875234, 0.43165142196380235, -5.514856991429012e-15, 0.5058812215901772, -0.8616047559982484, -0.04149016851771778, 1.0911589121429102, 0.39149983660546933, 0.18647322087874174, 0.9010857982639603, 3.3127061358664596e-15, 0.0, 0.0, 0.0, 2.0]}
#22
data modify storage ps:ani_data data[-1].frames append value {}
data modify storage ps:ani_data data[-1].frames[-1].part_1 set value {interpolation_duration:1,start_interpolation:0,transformation:[-0.8705040790217116, 0.18326600932306167, 0.45676713786497447, -1.7822555718733387e-15, -0.14834208722708314, -0.9826253889325002, 0.11154357974515985, 0.8721373996791346, 0.46927313322165964, 0.029341350549214072, 0.8825654715567985, 1.1335866527614346e-15, 0.0, 0.0, 0.0, 2.0]}
#23
data modify storage ps:ani_data data[-1].frames append value {}
data modify storage ps:ani_data data[-1].frames[-1].part_1 set value {interpolation_duration:1,start_interpolation:0,transformation:[-0.539249680768639, 0.7511944324712201, 0.38067926974707006, -5.980089908117635e-16, -0.7238943249412129, -0.6444568187195613, 0.24627711043409656, 0.628715318088592, 0.4303333453368757, -0.14276670981045975, 0.8913085203570476, 3.899085683093311e-16, 0.0, 0.0, 0.0, 2.0]}
#24
data modify storage ps:ani_data data[-1].frames append value {}
data modify storage ps:ani_data data[-1].frames[-1].part_1 set value {interpolation_duration:1,start_interpolation:0,transformation:[0.06814240586371058, 0.9682853675169586, 0.24037483141055765, -2.0667949992809817e-16, -0.9536796750891541, -0.007540924888657337, 0.30072946608815865, 0.3609551664713119, 0.29300459014314206, -0.24973302045258716, 0.9229202179228047, 1.35444637410348e-16, 0.0, 0.0, 0.0, 2.0]}
#25
data modify storage ps:ani_data data[-1].frames append value {}
data modify storage ps:ani_data data[-1].frames[-1].part_1 set value {interpolation_duration:1,start_interpolation:0,transformation:[0.32642808699130094, 0.8582297148818061, 0.39608895530813926, -0.0032931398782014994, -0.9315767202239356, 0.36305268213554853, -0.01890937151254424, 0.2533301402127413, -0.16002974211069232, -0.3628146999338337, 0.9180174154948846, 0.0043503414504734664, 0.0, 0.0, 0.0, 2.0]}
#26
data modify storage ps:ani_data data[-1].frames append value {}
data modify storage ps:ani_data data[-1].frames[-1].part_1 set value {interpolation_duration:1,start_interpolation:0,transformation:[0.5698882870870257, 0.5898723096343939, 0.5720821606793917, -0.0011662102944311002, -0.7442735716941306, 0.6655960230428722, 0.055125171992241324, 0.21663714540246495, -0.3482587984799199, -0.45720082287338254, 0.8183417481988954, 0.0015220375632996974, 0.0, 0.0, 0.0, 2.0]}
#27
data modify storage ps:ani_data data[-1].frames append value {}
data modify storage ps:ani_data data[-1].frames[-1].part_1 set value {interpolation_duration:1,start_interpolation:0,transformation:[0.688688999096915, 0.23767817840990585, 0.684993829191649, -0.0003425644479526509, -0.4303646158059121, 0.8943212149629934, 0.12237590420235855, 0.16187880750700828, -0.583518431572747, -0.379076045108187, 0.7181974603408292, 0.00043157869502174313, 0.0, 0.0, 0.0, 2.0]}
#28
data modify storage ps:ani_data data[-1].frames append value {}
data modify storage ps:ani_data data[-1].frames[-1].part_1 set value {interpolation_duration:1,start_interpolation:0,transformation:[0.6521045816375086, -0.12501992642972692, 0.7477497125394803, -7.100601639629016e-05, -0.030848091589546305, 0.9811168668438731, 0.19094001372091932, 0.08409319481733808, -0.757501161618022, -0.1475795093838151, 0.6359341778497046, 0.000143047612887493, 0.0, 0.0, 0.0, 2.0]}
#29
data modify storage ps:ani_data data[-1].frames append value {}
data modify storage ps:ani_data data[-1].frames[-1].part_1 set value {interpolation_duration:1,start_interpolation:0,transformation:[0.5569087240002617, 0.009294708670316076, 0.8305216923856559, 0.0008304209932878924, 0.025377936344472357, 0.9992800840672563, -0.02820060165019548, 0.028792227684226103, -0.8301859029634845, 0.036782087723116676, 0.5562719160117943, 0.0015577521513876933, 0.0, 0.0, 0.0, 2.0]}
#30
data modify storage ps:ani_data data[-1].frames append value {}
data modify storage ps:ani_data data[-1].frames[-1].part_1 set value {interpolation_duration:1,start_interpolation:0,transformation:[0.5357545228988951, -0.00420790230567275, 0.8443633014002698, 0.0004313435406103173, 0.0004198119641730802, 0.9999887863399234, 0.004717091510856357, 0.030449002430907427, -0.8443736820574712, -0.002172729295832763, 0.5357502816575229, 0.0008437207780045261, 0.0, 0.0, 0.0, 2.0]}
#31
data modify storage ps:ani_data data[-1].frames append value {}
data modify storage ps:ani_data data[-1].frames[-1].part_1 set value {interpolation_duration:1,start_interpolation:0,transformation:[0.5353644323386406, -0.0012280591238163685, 0.8446202794495957, 0.0002640474932552258, 0.0003049789557006662, 0.9999991588554722, 0.00126066497721451, 0.031117962761367184, -0.8446211171729967, -0.00041732377910550894, 0.535364356551967, 0.0004840832757701379, 0.0, 0.0, 0.0, 2.0]}
#32
data modify storage ps:ani_data data[-1].frames append value {}
data modify storage ps:ani_data data[-1].frames[-1].part_1 set value {interpolation_duration:1,start_interpolation:0,transformation:[0.5353285575992052, -5.8386706855959554e-05, 0.8446439084074109, 0.0001762966418445937, 1.6283840020980804e-05, 0.999999998138389, 5.880525705833948e-05, 0.031348678285415, -0.8446439102684582, -1.7726087161089113e-05, 0.5353285575533914, 0.0003558678449463327, 0.0, 0.0, 0.0, 2.0]}
#33
data modify storage ps:ani_data data[-1].frames append value {}
data modify storage ps:ani_data data[-1].frames[-1].part_1 set value {interpolation_duration:1,start_interpolation:0,transformation:[0.5353323120819252, -5.610436592948799e-05, 0.844641528989263, 0.00010631072027852395, 3.304096869343273e-05, 0.999999998419815, 4.548257024814038e-05, 0.03135071197689877, -0.8446415302063438, 3.559484826141816e-06, 0.5353323130897438, 0.00023265962085219737, 0.0, 0.0, 0.0, 2.0]}
#34
data modify storage ps:ani_data data[-1].frames append value {}
data modify storage ps:ani_data data[-1].frames[-1].part_1 set value {interpolation_duration:1,start_interpolation:0,transformation:[0.5353496680645139, -4.887879206350227e-05, 0.8446305289971933, 5.7200368010661734e-05, 3.4711831988495134e-05, 0.9999999987542615, 3.586872985236449e-05, 0.031356073111089657, -0.8446305296982247, 1.0116360394545295e-05, 0.5353496690942806, 0.0001489892283438684, 0.0, 0.0, 0.0, 2.0]}
#35
data modify storage ps:ani_data data[-1].frames append value {}
data modify storage ps:ani_data data[-1].frames[-1].part_1 set value {interpolation_duration:1,start_interpolation:0,transformation:[0.5353452751974741, -5.2475352437892e-05, 0.8446333130833034, 8.393384671749732e-05, 4.2500363522835975e-05, 0.9999999984776773, 3.519039930284016e-05, 0.031354983351208655, -0.8446333136441279, 1.7058208850449764e-05, 0.5353452766127275, 0.0001451144096541283, 0.0, 0.0, 0.0, 2.0]}
#36
data modify storage ps:ani_data data[-1].frames append value {}
data modify storage ps:ani_data data[-1].frames[-1].part_1 set value {interpolation_duration:1,start_interpolation:0,transformation:[0.5353440081667159, -4.50151758986551e-05, 0.8446341165816288, 7.45631626802271e-05, 2.052778144694014e-05, 0.9999999989778803, 4.0284604168934875e-05, 0.03135817209599616, -0.8446341175317302, -4.227656915390152e-06, 0.5353440085435921, 0.0001051007314807295, 0.0, 0.0, 0.0, 2.0]}
#37
data modify storage ps:ani_data data[-1].frames append value {}
data modify storage ps:ani_data data[-1].frames[-1].part_1 set value {interpolation_duration:1,start_interpolation:0,transformation:[0.535356808775812, -4.857363029931501e-05, 0.8446260029965813, 4.939553299940992e-05, 3.725578770763419e-05, 0.9999999987315719, 3.389487242938998e-05, 0.03135004926877306, -0.844626003571631, 1.3321356322326752e-05, 0.5353568099063992, 7.772832804742273e-05, 0.0, 0.0, 0.0, 2.0]}
#38
data modify storage ps:ani_data data[-1].frames append value {}
data modify storage ps:ani_data data[-1].frames[-1].part_1 set value {interpolation_duration:1,start_interpolation:0,transformation:[0.5353709050734142, -4.64196867440188e-05, 0.8446170681711835, -4.533971246776102e-06, 3.179839015695053e-05, 0.9999999988887843, 3.480364638839448e-05, 0.03135244216392241, -0.8446170688482061, 8.224603400117165e-06, 0.5353709059545729, 6.518982903247533e-05, 0.0, 0.0, 0.0, 2.0]}
#39
data modify storage ps:ani_data data[-1].frames append value {}
data modify storage ps:ani_data data[-1].frames[-1].part_1 set value {interpolation_duration:1,start_interpolation:0,transformation:[0.5353888474506425, -5.581840167872977e-05, 0.844605694338949, -9.264536418183002e-07, 2.698523354552855e-05, 0.9999999984362611, 4.898239353891317e-05, 0.03135202773043866, -0.8446056957523251, -3.4327453065526835e-06, 0.5353888481197069, 6.15580334582728e-05, 0.0, 0.0, 0.0, 2.0]}
#40
data modify storage ps:ani_data data[-1].frames append value {}
data modify storage ps:ani_data data[-1].frames[-1].part_1 set value {interpolation_duration:1,start_interpolation:0,transformation:[0.5353847936741476, -5.871188097001836e-05, 0.8446082637858837, -3.2561657143098775e-06, 3.5439428833911785e-05, 0.9999999982652095, 4.704920763605744e-05, 0.03135633418063425, -0.8446082650830129, 4.743004134210879e-06, 0.5353847948260827, 4.459815475270006e-05, 0.0, 0.0, 0.0, 2.0]}
#41
data modify storage ps:ani_data data[-1].frames append value {}
data modify storage ps:ani_data data[-1].frames[-1].part_1 set value {interpolation_duration:1,start_interpolation:0,transformation:[0.5353826518962695, -4.3834052427350534e-05, 0.8446096223268436, -5.344468160154656e-05, 1.3050048686811952e-05, 0.9999999989632163, 4.362640648951105e-05, 0.031353686254213156, -0.8446096233634885, -1.2334624506343883e-05, 0.53538265191323, 7.485951025392235e-06, 0.0, 0.0, 0.0, 2.0]}
#42
data modify storage ps:ani_data data[-1].frames append value {}
data modify storage ps:ani_data data[-1].frames[-1].part_1 set value {interpolation_duration:1,start_interpolation:0,transformation:[0.5353849398222416, -5.355776688796407e-05, 0.8446081714872877, -4.4885361204446115e-05, 2.2524740339961506e-05, 0.9999999985392789, 4.9133268489735157e-05, 0.03135260893686901, -0.8446081728850191, -7.28063224188606e-06, 0.5353849402465682, -1.8652361982663957e-05, 0.0, 0.0, 0.0, 2.0]}
#43
data modify storage ps:ani_data data[-1].frames append value {}
data modify storage ps:ani_data data[-1].frames[-1].part_1 set value {interpolation_duration:1,start_interpolation:0,transformation:[0.5353854770081885, -4.554372757814977e-05, 0.8446078314427847, -4.706489056837802e-05, 2.1059843307383404e-05, 0.999999998955142, 4.057337855509014e-05, 0.031355156592778634, -0.8446078324081521, -3.935089045176803e-06, 0.5353854774079305, -3.228506880334031e-05, 0.0, 0.0, 0.0, 2.0]}
#44
data modify storage ps:ani_data data[-1].frames append value {}
data modify storage ps:ani_data data[-1].frames[-1].part_1 set value {interpolation_duration:1,start_interpolation:0,transformation:[0.535391337227646, -7.225164551468818e-05, 0.8446041148380063, -3.0337037673547043e-05, 1.6364663862493997e-05, 0.9999999970407227, 7.517148557159375e-05, 0.03135856762517045, -0.8446041177698524, -2.642449974536103e-05, 0.5353913368256484, -2.9091955822519047e-05, 0.0, 0.0, 0.0, 2.0]}
#45
data modify storage ps:ani_data data[-1].frames append value {}
data modify storage ps:ani_data data[-1].frames[-1].part_1 set value {interpolation_duration:1,start_interpolation:0,transformation:[0.5353929416641429, -4.901655183013358e-05, 0.8446030994577236, -2.205299000837191e-05, 2.744000987833817e-05, 0.9999999987976848, 4.064082192592258e-05, 0.03135126182538158, -0.8446031004343174, 1.4171081898266825e-06, 0.5353929423654464, -4.689425756002914e-06, 0.0, 0.0, 0.0, 2.0]}
#46
data modify storage ps:ani_data data[-1].frames append value {}
data modify storage ps:ani_data data[-1].frames[-1].part_1 set value {interpolation_duration:1,start_interpolation:0,transformation:[0.5353951647598113, -4.4335900978974324e-05, 0.8446016904944851, -6.412719967456107e-06, 1.8316091268376295e-05, 0.9999999989965648, 4.088264873337181e-05, 0.03136461680818582, -0.8446016914595513, -6.418570805899191e-06, 0.5353951650346374, -1.1790869326276713e-05, 0.0, 0.0, 0.0, 2.0]}
#47
data modify storage ps:ani_data data[-1].frames append value {}
data modify storage ps:ani_data data[-1].frames[-1].part_1 set value {interpolation_duration:1,start_interpolation:0,transformation:[0.5353954101192986, -4.6133978096336115e-05, 0.8446015348641297, 1.5207974025814452e-05, 4.044406287884708e-05, 0.9999999987620862, 2.8984570115958073e-05, 0.031358610879012844, -0.8446015351557594, 1.864091177925068e-05, 0.5353954113223708, -4.082603689692928e-05, 0.0, 0.0, 0.0, 2.0]}
#48
data modify storage ps:ani_data data[-1].frames append value {}
data modify storage ps:ani_data data[-1].frames[-1].part_1 set value {interpolation_duration:1,start_interpolation:0,transformation:[0.5353964008199377, -2.905770511757725e-05, 0.8446009076153698, 4.558756635653134e-06, 4.740213255399056e-05, 0.9999999988670331, 4.355635769379246e-06, 0.031364380982786315, -0.8446009067850295, 3.7703892463796266e-05, 0.5353964015907486, -1.75389336345342e-05, 0.0, 0.0, 0.0, 2.0]}
#49
data modify storage ps:ani_data data[-1].frames append value {}
data modify storage ps:ani_data data[-1].frames[-1].part_1 set value {interpolation_duration:1,start_interpolation:0,transformation:[0.5353957069832203, -5.3351485795592993e-05, 0.8446013462560644, 2.2243711501002294e-05, 3.441240171255493e-05, 0.9999999985528366, 4.135351397357539e-05, 0.031359014668588835, -0.8446013472400598, 6.9242669642055155e-06, 0.5353957080443682, -1.6821387087201072e-05, 0.0, 0.0, 0.0, 2.0]}
#50
data modify storage ps:ani_data data[-1].frames append value {}
data modify storage ps:ani_data data[-1].frames[-1].part_1 set value {interpolation_duration:1,start_interpolation:0,transformation:[0.5353947872080957, -4.5595419437176926e-05, 0.8446019297583065, -1.2024052552596703e-05, 4.072022515827218e-05, 0.9999999987741043, 2.8171878679476573e-05, 0.031354750567781524, -0.844601930007421, 1.9309303758018776e-05, 0.5353947884084134, 2.2280391456702265e-05, 0.0, 0.0, 0.0, 2.0]}
#51
data modify storage ps:ani_data data[-1].frames append value {}
data modify storage ps:ani_data data[-1].frames[-1].part_1 set value {interpolation_duration:1,start_interpolation:0,transformation:[0.5354179504614062, -4.271880295910836e-05, 0.8445872462326263, -1.5358392205167545e-05, 3.9571598386582314e-05, 0.9999999988920858, 2.5493469032592213e-05, 0.03135425372831478, -0.8445872463859466, 1.977200637076515e-05, 0.5354179515586603, 3.117803157200157e-05, 0.0, 0.0, 0.0, 2.0]}
#52
data modify storage ps:ani_data data[-1].frames append value {}
data modify storage ps:ani_data data[-1].frames[-1].part_1 set value {interpolation_duration:1,start_interpolation:0,transformation:[0.5353741839586641, -4.9061552357725405e-05, 0.8446149896512364, -2.1126003851975946e-05, 3.714970358057688e-05, 0.999999998713462, 3.4539477055568635e-05, 0.03135663395423064, -0.8446149902591672, 1.288565216227139e-05, 0.5353741850925071, 2.3971912182920234e-05, 0.0, 0.0, 0.0, 2.0]}
#53
data modify storage ps:ani_data data[-1].frames append value {}
data modify storage ps:ani_data data[-1].frames[-1].part_1 set value {interpolation_duration:1,start_interpolation:0,transformation:[0.5354050766237319, -6.082803947778064e-05, 0.8445954062303944, -5.501106714389953e-06, 3.773602783491588e-05, 0.9999999981312514, 4.809874431000422e-05, 0.03135914799157461, -0.8445954075778104, 6.11936387594915e-06, 0.5354050779186031, -8.197441654127996e-06, 0.0, 0.0, 0.0, 2.0]}
#54
data modify storage ps:ani_data data[-1].frames append value {}
data modify storage ps:ani_data data[-1].frames[-1].part_1 set value {interpolation_duration:1,start_interpolation:0,transformation:[0.5354041496207005, -4.718355884535092e-05, 0.8445959947469832, 9.141083988330926e-06, 3.887608717329141e-05, 0.9999999987569491, 3.12210104678539e-05, 0.03135523352151567, -0.8445959951702258, 1.6118728958156184e-05, 0.5354041507894781, -2.5201668609519836e-05, 0.0, 0.0, 0.0, 2.0]}
#55
data modify storage ps:ani_data data[-1].frames append value {}
data modify storage ps:ani_data data[-1].frames[-1].part_1 set value {interpolation_duration:1,start_interpolation:0,transformation:[0.5353960005385728, -5.927728153210924e-05, 0.8446011597751355, 1.7849446848811792e-05, 4.913002101748791e-05, 0.9999999980310581, 3.904004188797865e-05, 0.03135925646835535, -0.8446011604263525, 2.059339044346496e-05, 0.5353960023967033, -6.750412363560461e-05, 0.0, 0.0, 0.0, 2.0]}
#56
data modify storage ps:ani_data data[-1].frames append value {}
data modify storage ps:ani_data data[-1].frames[-1].part_1 set value {interpolation_duration:1,start_interpolation:0,transformation:[0.5353946143768872, -4.524228951084087e-05, 0.8446020393353069, 4.553125776715361e-05, 3.077895712309483e-05, 0.999999998946437, 3.4055567289382426e-05, 0.03135310002091285, -0.844602039986217, 7.762802638494832e-06, 0.5353946152053259, -1.962435012047474e-05, 0.0, 0.0, 0.0, 2.0]}
#57
data modify storage ps:ani_data data[-1].frames append value {}
data modify storage ps:ani_data data[-1].frames[-1].part_1 set value {interpolation_duration:1,start_interpolation:0,transformation:[0.5353955653800371, -4.289369452049448e-05, 0.8446014366146445, 5.365506628164487e-05, 2.9887558057866902e-05, 0.9999999990464771, 3.183990373395932e-05, 0.03135825530451272, -0.8446014371750287, 8.196131211288873e-06, 0.5353955661515131, -2.1024734579510786e-05, 0.0, 0.0, 0.0, 2.0]}
#58
data modify storage ps:ani_data data[-1].frames append value {}
data modify storage ps:ani_data data[-1].frames[-1].part_1 set value {interpolation_duration:1,start_interpolation:0,transformation:[0.5353983506005378, -4.1028289975890116e-05, 0.8445996711406548, 8.991134318923289e-05, 4.694744150626007e-05, 0.9999999987209319, 1.8816852195291183e-05, 0.03135428844983433, -0.8445996708323775, 2.9577282028229392e-05, 0.5353983518419002, -6.612310100437251e-05, 0.0, 0.0, 0.0, 2.0]}
#59
data modify storage ps:ani_data data[-1].frames append value {}
data modify storage ps:ani_data data[-1].frames[-1].part_1 set value {interpolation_duration:1,start_interpolation:0,transformation:[0.5353981568316757, -5.320527906480152e-05, 0.8445997932929195, 3.698859644722003e-05, 5.9267524895414026e-05, 0.9999999979204767, 2.542453305779159e-05, 0.0313544581906358, -0.8445997928892738, 3.644509113820202e-05, 0.535398158871648, -6.388985330890816e-05, 0.0, 0.0, 0.0, 2.0]}
data modify storage ps:ani_data data[-1].frames[-1].is_last set value 1
data modify storage ps:ani_data data[-1].frames[-1].keep_alive set value 1
