data modify storage ps:ani_data data append value {ani_tag:'coin',height:0.1,width:0.3}
data modify storage ps:ani_data data[-1].parts.part_1 set value {name:'coin',init_pos:[1.0, 0.0, 0.0, 0.0, 0.0, 1.0, 0.0, 0.03125, 0.0, 0.0, 1.0, 0.0, 0.0, 0.0, 0.0, 2.0],item_model:'cointosser:test_coin'}
data modify storage ps:ani_data data[-1].frames append value {}
data modify storage ps:ani_data data[-1].frames[-1].part_1 set value {interpolation_duration:1,start_interpolation:0,transformation:[0.932170873673451, -0.3613914700105624, -0.021299476014202467, 0.00011621173712263804, 0.3551088168530724, 0.9013544395737816, 0.24790704397786947, 0.27192195914103245, -0.0703931137831387, -0.23865535750164707, 0.9685496527631793, 0.00020115103058566093, 0.0, 0.0, 0.0, 2.0]}
data modify storage ps:ani_data data[-1].frames append value {}
data modify storage ps:ani_data data[-1].frames[-1].part_1 set value {interpolation_duration:1,start_interpolation:0,transformation:[0.7469954325889063, -0.6521758261710069, -0.129091112976368, 3.808026202036337e-05, 0.6267265383085487, 0.6259909989546129, 0.46405723290084516, 0.5419286376068072, -0.22183703448950062, -0.4275534597988546, 0.8763483149655357, 6.591316970231911e-05, 0.0, 0.0, 0.0, 2.0]}
data modify storage ps:ani_data data[-1].frames append value {}
data modify storage ps:ani_data data[-1].frames[-1].part_1 set value {interpolation_duration:1,start_interpolation:0,transformation:[0.4873593814746259, -0.819297857796621, -0.30204611154348204, 1.2478140258864405e-05, 0.7616718228796333, 0.2297151146068285, 0.6058770505245995, 0.7944383403016495, -0.4270092124531816, -0.5253398769663685, 0.7359899089994876, 2.1598427448075686e-05, 0.0, 0.0, 0.0, 2.0]}
data modify storage ps:ani_data data[-1].frames append value {}
data modify storage ps:ani_data data[-1].frames[-1].part_1 set value {interpolation_duration:1,start_interpolation:0,transformation:[0.20859167880285762, -0.8362765180100403, -0.5070809570070718, 4.088837000070617e-06, 0.7343434763730051, -0.20851363473450185, 0.6459579884467844, 1.0240123208148952, -0.645932790809241, -0.5071130540173552, 0.5706199963220495, 7.077372706216243e-06, 0.0, 0.0, 0.0, 2.0]}
data modify storage ps:ani_data data[-1].frames append value {}
data modify storage ps:ani_data data[-1].frames[-1].part_1 set value {interpolation_duration:1,start_interpolation:0,transformation:[-0.03301307296351829, -0.7069988925633277, -0.7064437011735142, 1.3398301082400612e-06, 0.5512749301427394, -0.6024645723856893, 0.577176221284493, 1.228912472362536, -0.8336702516040876, -0.37039034130813464, 0.4096399719949463, 2.3191134884136923e-06, 0.0, 0.0, 0.0, 2.0]}
data modify storage ps:ani_data data[-1].frames append value {}
data modify storage ps:ani_data data[-1].frames[-1].part_1 set value {interpolation_duration:1,start_interpolation:0,transformation:[-0.19120754607550033, -0.46332597361014416, -0.8653142299199735, 4.3903552993041257e-07, 0.24931347719120175, -0.8755928252569265, 0.4137390414856028, 1.4086132008948749, -0.9493589755274963, -0.13662447268628392, 0.2829333650324354, 7.59927107931141e-07, 0.0, 0.0, 0.0, 2.0]}
data modify storage ps:ani_data data[-1].frames append value {}
data modify storage ps:ani_data data[-1].frames[-1].part_1 set value {interpolation_duration:1,start_interpolation:0,transformation:[-0.2381917852037791, -0.15736374856404287, -0.9583847474262669, 1.438631625083416e-07, -0.11205207721650239, -0.9757441604237758, 0.18806292933581673, 1.5629861159655227, -0.9647326082666138, 0.15218404659087648, 0.21478130856832536, 2.490129147773235e-07, 0.0, 0.0, 0.0, 2.0]}
data modify storage ps:ani_data data[-1].frames append value {}
data modify storage ps:ani_data data[-1].frames[-1].part_1 set value {interpolation_duration:1,start_interpolation:0,transformation:[-0.16891212058117505, 0.14974307235275355, -0.9741897699129918, 4.714108114294689e-08, -0.4625750459870533, -0.8848222948575079, -0.05580173252838069, 1.6920328705236747, -0.8703407507125276, 0.4412102886441469, 0.21872461874170107, 8.159655196260067e-08, 0.0, 0.0, 0.0, 2.0]}
data modify storage ps:ani_data data[-1].frames append value {}
data modify storage ps:ani_data data[-1].frames[-1].part_1 set value {interpolation_duration:1,start_interpolation:0,transformation:[-0.000681725040965919, 0.40007380218389615, -0.916482671989541, 1.5447189506995167e-08, -0.7349455002970031, -0.6216913145691773, -0.2708413206703054, 1.7957976181448474, -0.6781258340781272, 0.6733801765684586, 0.29445626323866075, 2.6737558189036276e-08, 0.0, 0.0, 0.0, 2.0]}
data modify storage ps:ani_data data[-1].frames append value {}
data modify storage ps:ani_data data[-1].frames[-1].part_1 set value {interpolation_duration:1,start_interpolation:0,transformation:[0.23149272017435993, 0.5497878176277533, -0.8025861175564821, 5.0617350784614775e-09, -0.8776237653534114, -0.23793717590289415, -0.41612789717856635, 1.8743383273030965, -0.41974712267408776, 0.800699229368598, 0.4274261305715374, 8.761363099816273e-09, 0.0, 0.0, 0.0, 2.0]}
data modify storage ps:ani_data data[-1].frames append value {}
data modify storage ps:ani_data data[-1].frames[-1].part_1 set value {interpolation_duration:1,start_interpolation:0,transformation:[0.48267760459198483, 0.5765596205182494, -0.6592430007312898, 1.6586293540689979e-09, -0.8643888387709877, 0.19251345026875016, -0.4645110406371033, 1.927717381917868, -0.14090516467996062, 0.7940513682712683, 0.5912936318894695, 2.8709234823376542e-09, 0.0, 0.0, 0.0, 2.0]}
data modify storage ps:ani_data data[-1].frames append value {}
data modify storage ps:ani_data data[-1].frames[-1].part_1 set value {interpolation_duration:1,start_interpolation:0,transformation:[0.7071524747558255, 0.4823924092646234, -0.516945781422562, 5.434996562592989e-10, -0.6988776465107527, 0.5877838299967205, -0.4075293908443632, 1.955998501626572, 0.10726328660964428, 0.6494672683655877, 0.7527860616851503, 9.40744218872175e-10, 0.0, 0.0, 0.0, 2.0]}
data modify storage ps:ani_data data[-1].frames append value {}
data modify storage ps:ani_data data[-1].frames[-1].part_1 set value {interpolation_duration:1,start_interpolation:0,transformation:[0.8670622438469053, 0.2915987884436178, -0.4039470409266335, 1.780939486826864e-10, -0.41339159500433803, 0.8736236586863397, -0.25668870673105754, 1.959245732904168, 0.2780475759199107, 0.3895533975743347, 0.8780305780343608, 3.082630712613085e-10, 0.0, 0.0, 0.0, 2.0]}
data modify storage ps:ani_data data[-1].frames append value {}
data modify storage ps:ani_data data[-1].frames[-1].part_1 set value {interpolation_duration:1,start_interpolation:0,transformation:[0.9389546354861885, 0.04469230011078002, -0.34112576978265163, 5.835780562515598e-11, -0.06234736954355698, 0.99721353082062, -0.040963147575249964, 1.9375231187571533, 0.33834449605394473, 0.059730831729355095, 0.9391247146843286, 1.0101164677475831e-10, 0.0, 0.0, 0.0, 2.0]}
data modify storage ps:ani_data data[-1].frames append value {}
data modify storage ps:ani_data data[-1].frames[-1].part_1 set value {interpolation_duration:1,start_interpolation:0,transformation:[0.9171105745874135, -0.21033142629246446, -0.338627944939164, 1.912267304228312e-11, 0.2882609784550262, 0.9366639962436843, 0.19891245924014492, 1.890894590772096, 0.27534306288718224, -0.28003794252670294, 0.9196547985332951, 3.309950311659243e-11, 0.0, 0.0, 0.0, 2.0]}
data modify storage ps:ani_data data[-1].frames append value {}
data modify storage ps:ani_data data[-1].frames[-1].part_1 set value {interpolation_duration:1,start_interpolation:0,transformation:[0.8132805543432317, -0.4274570159840758, -0.39478505469831965, 6.266117890916011e-12, 0.5733220585178458, 0.7045569422515414, 0.4182120662319751, 1.8194239340245768, 0.0993808691048009, -0.56646272128989, 0.8180729968925918, 1.0846059826402315e-11, 0.0, 0.0, 0.0, 2.0]}
data modify storage ps:ani_data data[-1].frames append value {}
data modify storage ps:ani_data data[-1].frames[-1].part_1 set value {interpolation_duration:1,start_interpolation:0,transformation:[0.6531635312061282, -0.570995111886164, -0.49733488084433425, 2.053298858001911e-12, 0.7406316096047405, 0.34503261118117523, 0.5765564292207579, 1.7231747758623, -0.1576141502423946, -0.7449275665617476, 0.6482597474930561, 3.5540630630754366e-12, 0.0, 0.0, 0.0, 2.0]}
data modify storage ps:ani_data data[-1].frames append value {}
data modify storage ps:ani_data data[-1].frames[-1].part_1 set value {interpolation_duration:1,start_interpolation:0,transformation:[0.4705632833898419, -0.621319091760921, -0.6265243670750206, 6.728599439380293e-13, 0.7602781746031485, -0.07486906854803323, 0.6452687190596288, 1.6022105825105812, -0.44782507025341434, -0.7799725692536461, 0.4371447102097775, 1.1646347726444178e-12, 0.0, 0.0, 0.0, 2.0]}
data modify storage ps:ani_data data[-1].frames append value {}
data modify storage ps:ani_data data[-1].frames[-1].part_1 set value {interpolation_duration:1,start_interpolation:0,transformation:[0.30052388802050767, -0.5771262987982085, -0.7593488183730309, 2.2053266651649135e-13, 0.6297400755664673, -0.4778725459003678, 0.6124257237414513, 1.4565946582403433, -0.7163189442940744, -0.6622409418860945, 0.2198274435443425, 3.8167955469345146e-13, 0.0, 0.0, 0.0, 2.0]}
data modify storage ps:ani_data data[-1].frames append value {}
data modify storage ps:ani_data data[-1].frames[-1].part_1 set value {interpolation_duration:1,start_interpolation:0,transformation:[0.17282924182026008, -0.4540973544550518, -0.8740284010538544, 7.23234523382603e-14, 0.3738784854828124, -0.7907194896907093, 0.4847448470240221, 1.2863901453750795, -0.9112326438758173, -0.4105584992424188, 0.0331177812496583, 1.251307192448206e-13, 0.0, 0.0, 0.0, 2.0]}
data modify storage ps:ani_data data[-1].frames append value {}
data modify storage ps:ani_data data[-1].frames[-1].part_1 set value {interpolation_duration:1,start_interpolation:0,transformation:[0.10705979153963756, -0.28052682535530643, -0.9538568557658759, 2.3760212618768194e-14, 0.039964047621087566, -0.9573812822901827, 0.2860488685839274, 1.091660024572013, -0.9934490806947425, -0.06874431304827276, -0.09128605309844588, 4.1070351235919054e-14, 0.0, 0.0, 0.0, 2.0]}
data modify storage ps:ani_data data[-1].frames append value {}
data modify storage ps:ani_data data[-1].frames[-1].part_1 set value {interpolation_duration:1,start_interpolation:0,transformation:[0.10999452319479458, -0.09102510141008696, -0.9897553413750456, 7.84100467920396e-15, -0.3112322347975285, -0.9488728171880524, 0.05267706165442818, 0.8724671151923952, -0.943946873976542, 0.30224957851896456, -0.13270075883363436, 1.3525757845192106e-14, 0.0, 0.0, 0.0, 2.0]}
data modify storage ps:ani_data data[-1].frames append value {}
data modify storage ps:ani_data data[-1].frames[-1].part_1 set value {interpolation_duration:1,start_interpolation:0,transformation:[0.17562581579369207, 0.08034223751599659, -0.9811731232039143, 2.611543505109009e-15, -0.6165777528770459, -0.7679947322113326, -0.17325116436184868, 0.6288740757002919, -0.7674551762050293, 0.6353968965666787, -0.0853424651011463, 4.4950856440913106e-15, 0.0, 0.0, 0.0, 2.0]}
data modify storage ps:ani_data data[-1].frames append value {}
data modify storage ps:ani_data data[-1].frames[-1].part_1 set value {interpolation_duration:1,start_interpolation:0,transformation:[0.2875308235367812, 0.2061332605131273, -0.9353262021490082, 8.800312028217809e-16, -0.8218953158127618, -0.4482914838032561, -0.3514581559652802, 0.3609434040700008, -0.4917459866244976, 0.8697952773266255, 0.04052234172647522, 1.5268976571388787e-15, 0.0, 0.0, 0.0, 2.0]}
data modify storage ps:ani_data data[-1].frames append value {}
data modify storage ps:ani_data data[-1].frames[-1].part_1 set value {interpolation_duration:1,start_interpolation:0,transformation:[0.4790701431757473, 0.005503158426305986, -0.8777593708784331, -3.8208832191176095e-05, -0.6075418334201447, -0.7196729620857513, -0.33610080078335075, 0.15969761759388756, -0.633549302392527, 0.6942913962379597, -0.34143043002621576, -2.8935675672670422e-05, 0.0, 0.0, 0.0, 2.0]}
data modify storage ps:ani_data data[-1].frames append value {}
data modify storage ps:ani_data data[-1].frames[-1].part_1 set value {interpolation_duration:1,start_interpolation:0,transformation:[0.7126468633194709, -0.4206215114114147, -0.5614374340377528, -7.869380106171958e-06, -0.099451972544499, -0.8528045985420198, 0.5126730165150031, 0.17869892577728969, -0.6944377246074174, -0.3095187568525717, -0.6495801611799048, -4.313630671894573e-06, 0.0, 0.0, 0.0, 2.0]}
data modify storage ps:ani_data data[-1].frames append value {}
data modify storage ps:ani_data data[-1].frames[-1].part_1 set value {interpolation_duration:1,start_interpolation:0,transformation:[0.906433625154399, 0.08878625967540549, -0.41291050275126934, -2.5786384731775486e-06, 0.13953333469362908, -0.9857117421457675, 0.09435470261323611, 0.20395878450273405, -0.398633329889424, -0.14314105451898831, -0.9058709106779297, -1.4134904984580355e-06, 0.0, 0.0, 0.0, 2.0]}
data modify storage ps:ani_data data[-1].frames append value {}
data modify storage ps:ani_data data[-1].frames[-1].part_1 set value {interpolation_duration:1,start_interpolation:0,transformation:[0.8138432038175716, 0.5781218958986027, -0.058603012572353244, -8.44968254891696e-07, 0.5711285321970723, -0.8144097224123072, -0.10270834314079222, 0.2323209768636311, -0.10710480526273422, 0.05011863448772218, -0.9929837275437691, -4.631725664298172e-07, 0.0, 0.0, 0.0, 2.0]}
data modify storage ps:ani_data data[-1].frames append value {}
data modify storage ps:ani_data data[-1].frames[-1].part_1 set value {interpolation_duration:1,start_interpolation:0,transformation:[0.511837776327415, 0.8243368306600822, 0.24184887914046196, -2.768709017654739e-07, 0.8212213927283243, -0.5521455611982685, 0.14398160776432953, 0.24663507784471816, 0.2522251273159731, 0.12491624740737384, -0.9595719964046999, -1.5165844932406867e-07, 0.0, 0.0, 0.0, 2.0]}
data modify storage ps:ani_data data[-1].frames append value {}
data modify storage ps:ani_data data[-1].frames[-1].part_1 set value {interpolation_duration:1,start_interpolation:0,transformation:[0.3021972311250247, 0.9005390506557218, 0.312579992553041, -8.300613770775522e-08, 0.6683828210868763, -0.43397485944692343, 0.6040945504173757, 0.2399801397042989, 0.6796625912732851, 0.026367396764068733, -0.7330508320789011, -4.566032038755718e-08, 0.0, 0.0, 0.0, 2.0]}
data modify storage ps:ani_data data[-1].frames append value {}
data modify storage ps:ani_data data[-1].frames[-1].part_1 set value {interpolation_duration:1,start_interpolation:0,transformation:[0.11221419883870329, 0.928104434792362, 0.35500722766971665, -2.763391189565962e-08, 0.30316500492857246, -0.3722066109070161, 0.8772418244610611, 0.2368222503227607, 0.9463080647260946, 0.009186779406468119, -0.3231356521934563, -1.6812151599487145e-08, 0.0, 0.0, 0.0, 2.0]}
data modify storage ps:ani_data data[-1].frames append value {}
data modify storage ps:ani_data data[-1].frames[-1].part_1 set value {interpolation_duration:1,start_interpolation:0,transformation:[-0.005465336504385921, 0.8619487604239288, 0.5069659401779835, -9.14999659935916e-06, -0.032672917953021, -0.5068567509303032, 0.8614108859706916, 0.2271750695448816, 0.9994511546490549, -0.011856156208040362, 0.030932523832392998, 0.00031501800521715535, 0.0, 0.0, 0.0, 2.0]}
data modify storage ps:ani_data data[-1].frames append value {}
data modify storage ps:ani_data data[-1].frames[-1].part_1 set value {interpolation_duration:1,start_interpolation:0,transformation:[-0.11147059471594467, 0.715378497017972, 0.6897883099313736, -3.0158608555993493e-06, -0.13785973646752891, -0.6985346129848341, 0.7021709816869612, 0.2042182678834727, 0.9841590316482272, -0.016822617704597087, 0.17648795981252624, 0.00010323092198948091, 0.0, 0.0, 0.0, 2.0]}
data modify storage ps:ani_data data[-1].frames append value {}
data modify storage ps:ani_data data[-1].frames[-1].part_1 set value {interpolation_duration:1,start_interpolation:0,transformation:[-0.23599639243367243, 0.5209145584726131, 0.8203375680349975, -9.88237285200949e-07, -0.190114471346098, -0.8526191012268264, 0.486720819369741, 0.16432778025419503, 0.9529754406820174, -0.04109368557869726, 0.3002484279100782, 3.382670851753887e-05, 0.0, 0.0, 0.0, 2.0]}
data modify storage ps:ani_data data[-1].frames append value {}
data modify storage ps:ani_data data[-1].frames[-1].part_1 set value {interpolation_duration:1,start_interpolation:0,transformation:[-0.3729872841551072, 0.2564633346827749, 0.8916877501805149, -3.2414611909694806e-07, -0.13708196757717153, -0.9657250306056081, 0.22041710329956066, 0.104522886275762, 0.9176540851670464, -0.04002153451816753, 0.3953596549359108, 1.1084449748692841e-05, 0.0, 0.0, 0.0, 2.0]}
data modify storage ps:ani_data data[-1].frames append value {}
data modify storage ps:ani_data data[-1].frames[-1].part_1 set value {interpolation_duration:1,start_interpolation:0,transformation:[-0.47890967432400716, -0.05396506061002646, 0.8762039123812616, -1.062197663287258e-07, 0.008798883174214135, -0.9983536810887731, -0.056678982977664785, 0.024475012270233357, 0.8778200860619214, -0.0194344974170173, 0.47859606853419506, 3.632150573267296e-06, 0.0, 0.0, 0.0, 2.0]}
data modify storage ps:ani_data data[-1].frames append value {}
data modify storage ps:ani_data data[-1].frames[-1].part_1 set value {interpolation_duration:1,start_interpolation:0,transformation:[-0.4782961313365723, -0.0031719805088791797, 0.8781928884294835, 5.538008716596699e-05, 0.0002417352681232819, -0.9999939146563787, -0.0034802606614164843, 0.031154586936186654, 0.8781985836429753, -0.0014523050170499043, 0.47829398751981905, -6.232713205287385e-05, 0.0, 0.0, 0.0, 2.0]}
data modify storage ps:ani_data data[-1].frames append value {}
data modify storage ps:ani_data data[-1].frames[-1].part_1 set value {interpolation_duration:1,start_interpolation:0,transformation:[-0.47819876519565363, -0.00028806214807180184, 0.8782515915075536, 2.0234280873852706e-05, -9.702069320409207e-05, -0.9999999227808896, -0.00038082174259703084, 0.03132432065939286, 0.8782516333900762, -0.00026731706528521716, 0.478198700321581, -2.5861609574181342e-05, 0.0, 0.0, 0.0, 2.0]}
data modify storage ps:ani_data data[-1].frames append value {}
data modify storage ps:ani_data data[-1].frames[-1].part_1 set value {interpolation_duration:1,start_interpolation:0,transformation:[-0.47818750404243543, -2.8429771525229343e-05, 0.8782577697745769, 7.752526066689054e-06, 3.9836981030804386e-05, -0.999999999149471, -1.0680491873986409e-05, 0.031374200556717254, 0.8782577693312371, 2.987986036349931e-05, 0.4781875047682793, -1.36703299131575e-05, 0.0, 0.0, 0.0, 2.0]}
data modify storage ps:ani_data data[-1].frames append value {}
data modify storage ps:ani_data data[-1].frames[-1].part_1 set value {interpolation_duration:1,start_interpolation:0,transformation:[-0.4781583204034553, 0.00015793401226286353, 0.8782736451048696, 2.5398281293559263e-06, -3.730286498728588e-05, -0.9999999865818187, 0.00015951444707007077, 0.03138841871414666, 0.8782736585127913, 4.3511036885872514e-05, 0.4781583198788314, -4.476361165732002e-06, 0.0, 0.0, 0.0, 2.0]}
data modify storage ps:ani_data data[-1].frames append value {}
data modify storage ps:ani_data data[-1].frames[-1].part_1 set value {interpolation_duration:1,start_interpolation:0,transformation:[-0.47816164069664413, -9.587829064721735e-07, 0.8782718516298779, 8.30442219559339e-07, -4.3207038955533225e-05, -0.9999999987636246, -2.4615079604098406e-05, 0.0313679518086181, 0.8782718505676048, -4.971751295629462e-05, 0.4781616400640307, -1.4637169239106e-06, 0.0, 0.0, 0.0, 2.0]}
data modify storage ps:ani_data data[-1].frames append value {}
data modify storage ps:ani_data data[-1].frames[-1].part_1 set value {interpolation_duration:1,start_interpolation:0,transformation:[-0.4781578295439761, -4.3579719071306975e-06, 0.8782739265324923, 1.6484628028231563e-07, -4.476791835559535e-06, -0.9999999999626048, -7.3992689274473775e-06, 0.03136276643655896, 0.8782739265318951, -7.4698679142459e-06, 0.4781578295065857, -4.889540265278283e-07, 0.0, 0.0, 0.0, 2.0]}
data modify storage ps:ani_data data[-1].frames append value {}
data modify storage ps:ani_data data[-1].frames[-1].part_1 set value {interpolation_duration:1,start_interpolation:0,transformation:[-0.47816211285580973, 4.1666106128110244e-05, 0.8782715935820781, 1.4174622678623721e-07, -5.427257423095611e-05, -0.999999998367162, 1.7893118040609676e-05, 0.031358268763819586, 0.8782715928935395, -3.911024912974714e-05, 0.47816211433637523, -1.9574217691055278e-07, 0.0, 0.0, 0.0, 2.0]}
data modify storage ps:ani_data data[-1].frames append value {}
data modify storage ps:ani_data data[-1].frames[-1].part_1 set value {interpolation_duration:1,start_interpolation:0,transformation:[-0.4781678424641218, 2.018305484174164e-05, 0.878268474912911, 2.8089377118764328e-08, -7.01574285913917e-05, -0.9999999974232, -1.5216271395791235e-05, 0.03137518876150271, 0.8782684723426781, -6.889298947644708e-05, 0.47816784264797024, 4.908067203105843e-07, 0.0, 0.0, 0.0, 2.0]}
data modify storage ps:ani_data data[-1].frames append value {}
data modify storage ps:ani_data data[-1].frames[-1].part_1 set value {interpolation_duration:1,start_interpolation:0,transformation:[-0.478170785568808, 1.8782663943150598e-05, 0.8782668725824292, 9.428456410805391e-10, -3.074576373748081e-05, -0.9999999995165536, 4.64658074009618e-06, 0.031360494793315576, 0.878266872245109, -2.4781126600174837e-05, 0.4781707859151253, 1.6309510267510103e-07, 0.0, 0.0, 0.0, 2.0]}
data modify storage ps:ani_data data[-1].frames append value {}
data modify storage ps:ani_data data[-1].frames[-1].part_1 set value {interpolation_duration:1,start_interpolation:0,transformation:[-0.4781724035027228, -4.608450248179749e-05, 0.8782659906911164, 1.646246740093688e-07, -1.0177805806741484e-05, -0.9999999982654254, -5.801345925595956e-05, 0.03136566941403598, 0.8782659918412199, -3.667925594784906e-05, 0.478172402204258, 1.1151433375647903e-07, 0.0, 0.0, 0.0, 2.0]}
data modify storage ps:ani_data data[-1].frames append value {}
data modify storage ps:ani_data data[-1].frames[-1].part_1 set value {interpolation_duration:1,start_interpolation:0,transformation:[-0.4781724035027228, -4.608450248179749e-05, 0.8782659906911164, 1.646246740093688e-07, -1.0177805806741484e-05, -0.9999999982654254, -5.801345925595956e-05, 0.03136566941403598, 0.8782659918412199, -3.667925594784906e-05, 0.478172402204258, 1.1151433375647903e-07, 0.0, 0.0, 0.0, 2.0]}
data modify storage ps:ani_data data[-1].frames append value {}
data modify storage ps:ani_data data[-1].frames[-1].part_1 set value {interpolation_duration:1,start_interpolation:0,transformation:[-0.4781724035027228, -4.608450248179749e-05, 0.8782659906911164, 1.646246740093688e-07, -1.0177805806741484e-05, -0.9999999982654254, -5.801345925595956e-05, 0.03136566941403598, 0.8782659918412199, -3.667925594784906e-05, 0.478172402204258, 1.1151433375647903e-07, 0.0, 0.0, 0.0, 2.0]}
data modify storage ps:ani_data data[-1].frames append value {}
data modify storage ps:ani_data data[-1].frames[-1].part_1 set value {interpolation_duration:1,start_interpolation:0,transformation:[-0.4781719437046499, -2.1735104616758806e-05, 0.8782662419684034, 2.7060860789270035e-07, -3.400133990671657e-05, -0.9999999984862509, -4.325976516012022e-05, 0.03137049067811214, 0.878266241579184, -5.054783501258365e-05, 0.4781719422417948, -8.952105579396327e-08, 0.0, 0.0, 0.0, 2.0]}
data modify storage ps:ani_data data[-1].frames append value {}
data modify storage ps:ani_data data[-1].frames[-1].part_1 set value {interpolation_duration:1,start_interpolation:0,transformation:[-0.4781727067106582, -4.392830977071324e-05, 0.878265825719814, -1.9272705377380429e-07, -1.0541910676061072e-05, -0.9999999983900322, -5.575665388292864e-05, 0.03136026578376752, 0.8782658267551295, -3.59199099889046e-05, 0.478172705477727, 4.009028711418967e-08, 0.0, 0.0, 0.0, 2.0]}
data modify storage ps:ani_data data[-1].frames append value {}
data modify storage ps:ani_data data[-1].frames[-1].part_1 set value {interpolation_duration:1,start_interpolation:0,transformation:[-0.4781694325175331, -3.191249529126596e-05, 0.8782676088684203, -2.1890669366898836e-07, -2.8580488535241904e-05, -0.9999999982449664, -5.189626801556953e-05, 0.031368323393341925, 0.8782676089831708, -4.991652635292089e-05, 0.478169430766255, -5.6389358958430874e-08, 0.0, 0.0, 0.0, 2.0]}
data modify storage ps:ani_data data[-1].frames append value {}
data modify storage ps:ani_data data[-1].frames[-1].part_1 set value {interpolation_duration:1,start_interpolation:0,transformation:[-0.4781683691433428, -4.06803282940022e-05, 0.8782681874552364, 1.414900676617667e-07, -2.20901116560956e-05, -0.9999999980539064, -5.83456415836943e-05, 0.0313613440641891, 0.8782681881195643, -4.7300082607579995e-05, 0.47816836731414947, -1.6043663711046082e-08, 0.0, 0.0, 0.0, 2.0]}
data modify storage ps:ani_data data[-1].frames append value {}
data modify storage ps:ani_data data[-1].frames[-1].part_1 set value {interpolation_duration:1,start_interpolation:0,transformation:[-0.4781649684056543, -2.658473648643859e-05, 0.8782700394997379, 3.6345988993634656e-07, -2.6195904493520195e-05, -0.9999999986653592, -4.453152053067478e-05, 0.03136806798544008, 0.8782700395114217, -4.4300491181861195e-05, 0.4781649670710646, -1.195766893206515e-07, 0.0, 0.0, 0.0, 2.0]}
data modify storage ps:ani_data data[-1].frames append value {}
data modify storage ps:ani_data data[-1].frames[-1].part_1 set value {interpolation_duration:1,start_interpolation:0,transformation:[-0.4781657750437244, -3.3376884705107134e-05, 0.87826960010171, 2.3491469600969158e-07, -1.8698162377068615e-05, -0.9999999986643859, -4.8183047620630633e-05, 0.031361753494712166, 0.8782696005368809, -3.9461511903032435e-05, 0.4781657737809931, -1.0356234469084752e-07, 0.0, 0.0, 0.0, 2.0]}
data modify storage ps:ani_data data[-1].frames append value {}
data modify storage ps:ani_data data[-1].frames[-1].part_1 set value {interpolation_duration:1,start_interpolation:0,transformation:[-0.4781657750437244, -3.3376884705107134e-05, 0.87826960010171, 2.3491469600969158e-07, -1.8698162377068615e-05, -0.9999999986643859, -4.8183047620630633e-05, 0.031361753494712166, 0.8782696005368809, -3.9461511903032435e-05, 0.4781657737809931, -1.0356234469084752e-07, 0.0, 0.0, 0.0, 2.0]}
data modify storage ps:ani_data data[-1].frames append value {}
data modify storage ps:ani_data data[-1].frames[-1].part_1 set value {interpolation_duration:1,start_interpolation:0,transformation:[-0.4781657750437244, -3.3376884705107134e-05, 0.87826960010171, 2.3491469600969158e-07, -1.8698162377068615e-05, -0.9999999986643859, -4.8183047620630633e-05, 0.031361753494712166, 0.8782696005368809, -3.9461511903032435e-05, 0.4781657737809931, -1.0356234469084752e-07, 0.0, 0.0, 0.0, 2.0]}
data modify storage ps:ani_data data[-1].frames append value {}
data modify storage ps:ani_data data[-1].frames[-1].part_1 set value {interpolation_duration:1,start_interpolation:0,transformation:[-0.47815871012417654, -3.449689937714767e-05, 0.8782734464518142, 2.940924697277655e-07, -2.6073026631745413e-05, -0.9999999982304162, -5.347303199146402e-05, 0.03136755011765091, 0.8782734467422895, -4.8467842962760225e-05, 0.47815870837859603, 1.8770686915942261e-07, 0.0, 0.0, 0.0, 2.0]}
data modify storage ps:ani_data data[-1].frames append value {}
data modify storage ps:ani_data data[-1].frames[-1].part_1 set value {interpolation_duration:1,start_interpolation:0,transformation:[-0.47815871012417654, -3.449689937714767e-05, 0.8782734464518142, 2.940924697277655e-07, -2.6073026631745413e-05, -0.9999999982304162, -5.347303199146402e-05, 0.03136755011765091, 0.8782734467422895, -4.8467842962760225e-05, 0.47815870837859603, 1.8770686915942261e-07, 0.0, 0.0, 0.0, 2.0]}
data modify storage ps:ani_data data[-1].frames append value {}
data modify storage ps:ani_data data[-1].frames[-1].part_1 set value {interpolation_duration:1,start_interpolation:0,transformation:[-0.4781570454346373, -3.427416080049337e-05, 0.8782743527659793, 1.4417137212165625e-07, -1.6144255838905467e-05, -0.9999999987266006, -4.781381842389975e-05, 0.03136109310827693, 0.8782743532863637, -3.704159999632321e-05, 0.47815704427242156, 2.4848956953720117e-08, 0.0, 0.0, 0.0, 2.0]}
data modify storage ps:ani_data data[-1].frames append value {}
data modify storage ps:ani_data data[-1].frames[-1].part_1 set value {interpolation_duration:1,start_interpolation:0,transformation:[-0.4781570104011699, -2.4931063256895177e-05, 0.8782743721540878, 1.763481966331841e-07, -2.3694807908174463e-05, -0.999999998866989, -4.128653059876482e-05, 0.03136651875439005, 0.8782743721883106, -4.0551986579805466e-05, 0.4781570092686761, 3.258002986245208e-08, 0.0, 0.0, 0.0, 2.0]}
data modify storage ps:ani_data data[-1].frames[-1].is_last set value 1
data modify storage ps:ani_data data[-1].frames[-1].keep_alive set value 1
