#0
data modify storage ps:ani_data data append value {ani_tag:'coin',height:0.1,width:0.3}
data modify storage ps:ani_data data[-1].parts.part_1 set value {name:'coin',init_pos:[1.0, 0.0, 0.0, 0.0, 0.0, 1.0, 0.0, 0.03125, 0.0, 0.0, 1.0, 0.0, 0.0, 0.0, 0.0, 2.0],item_model:'coin_test'}
#1
data modify storage ps:ani_data data[-1].frames append value {}
data modify storage ps:ani_data data[-1].frames[-1].part_1 set value {interpolation_duration:1,start_interpolation:0,transformation:[0.67846089666072, -0.7308892060758627, -0.07410654589256431, -0.0012565107956783717, 0.7335946677837494, 0.6686724030511639, 0.12130985449266589, 0.24827047834772736, -0.03911106111552067, -0.1366681595675325, 0.9898445024643217, 0.00034136248540667444, 0.0, 0.0, 0.0, 2.0]}
#2
data modify storage ps:ani_data data[-1].frames append value {}
data modify storage ps:ani_data data[-1].frames[-1].part_1 set value {interpolation_duration:1,start_interpolation:0,transformation:[0.052000262392666294, -0.9740187523436529, -0.22041652114577892, -0.00037852891212158176, 0.9851991976462289, 0.013935401495137016, 0.17084597022580358, 0.5330730751209309, -0.16333558604395032, -0.22603821506126595, 0.9603271378356418, 0.00016890721578276897, 0.0, 0.0, 0.0, 2.0]}
#3
data modify storage ps:ani_data data[-1].frames append value {}
data modify storage ps:ani_data data[-1].frames[-1].part_1 set value {interpolation_duration:1,start_interpolation:0,transformation:[-0.5735679245525601, -0.7328776847954829, -0.3659373376047889, -9.587046083753381e-05, 0.7558969391639562, -0.645667978394343, 0.1083174918409962, 0.7912296131027118, -0.31565749363357515, -0.2144834744332882, 0.9243144410361627, 4.343443471099865e-05, 0.0, 0.0, 0.0, 2.0]}
#4
data modify storage ps:ani_data data[-1].frames append value {}
data modify storage ps:ani_data data[-1].frames[-1].part_1 set value {interpolation_duration:1,start_interpolation:0,transformation:[-0.890377334971641, -0.12946092025184808, -0.43642647891293507, -2.394207501956534e-05, 0.1636619968686121, -0.9856425114022009, -0.04151614743374669, 1.02345041209531, -0.42478577206608065, -0.10839146573557731, 0.8987815852619127, 1.067958861626327e-05, 0.0, 0.0, 0.0, 2.0]}
#5
data modify storage ps:ani_data data[-1].frames append value {}
data modify storage ps:ani_data data[-1].frames[-1].part_1 set value {interpolation_duration:1,start_interpolation:0,transformation:[-0.7462675307999806, 0.5383311734435291, -0.39151541498721676, -5.969539528398327e-06, -0.4980377169599638, -0.8418002898663012, -0.20816028551651775, 1.2300122965701072, -0.44163696058981133, 0.03964618115183551, 0.8963174523354263, 2.5994574670840602e-06, 0.0, 0.0, 0.0, 2.0]}
#6
data modify storage ps:ani_data data[-1].frames append value {}
data modify storage ps:ani_data data[-1].frames[-1].part_1 set value {interpolation_duration:1,start_interpolation:0,transformation:[-0.2155999797092881, 0.9447616876732048, -0.2468643397784144, -1.4874601914221655e-06, -0.9066012386526148, -0.28758523166374966, -0.30881860145148626, 1.4110499303765014, -0.36275452143687886, 0.1572262320154793, 0.9185254863874576, 6.267527062920957e-07, 0.0, 0.0, 0.0, 2.0]}
#7
data modify storage ps:ani_data data[-1].frames append value {}
data modify storage ps:ani_data data[-1].frames[-1].part_1 set value {interpolation_duration:1,start_interpolation:0,transformation:[0.44142102997578897, 0.8946474502047868, -0.0689450080657549, -3.703779602548943e-07, -0.8670461108352946, 0.4054929739313786, -0.2894935055880808, 1.566651281588419, -0.2310379102669159, 0.18756702251291327, 0.9546937184695081, 1.4917179473895046e-07, 0.0, 0.0, 0.0, 2.0]}
#8
data modify storage ps:ani_data data[-1].frames append value {}
data modify storage ps:ani_data data[-1].frames[-1].part_1 set value {interpolation_duration:1,start_interpolation:0,transformation:[0.9079410969364963, 0.4153514726018288, 0.05591170451027149, -9.213990454900647e-08, -0.40326247972185264, 0.902151632739009, -0.15330298103729859, 1.6968889047135884, -0.11411545444125466, 0.11664298416035222, 0.9865962078296437, 3.4845598193008366e-08, 0.0, 0.0, 0.0, 2.0]}
#9
data modify storage ps:ani_data data[-1].frames append value {}
data modify storage ps:ani_data data[-1].frames[-1].part_1 set value {interpolation_duration:1,start_interpolation:0,transformation:[0.9634961929507958, -0.2600637109462141, 0.0635763510922604, -2.2894208094983664e-08, 0.2580212795820609, 0.9653675258688952, 0.038607761921717554, 1.8018301915355022, -0.07141502259439744, -0.02079438016994219, 0.9972299074442108, 7.913383154069282e-09, 0.0, 0.0, 0.0, 2.0]}
#10
data modify storage ps:ani_data data[-1].frames append value {}
data modify storage ps:ani_data data[-1].frames[-1].part_1 set value {interpolation_duration:1,start_interpolation:0,transformation:[0.5871164277769976, -0.8076124345004401, -0.05528522293208103, -5.679471015244254e-09, 0.799636891358531, 0.567977013553802, 0.19489216006029852, 1.881540730396203, -0.12599659603672755, -0.158632492619818, 0.9792653318035827, 1.7178342228709605e-09, 0.0, 0.0, 0.0, 2.0]}
#11
data modify storage ps:ani_data data[-1].frames append value {}
data modify storage ps:ani_data data[-1].frames[-1].part_1 set value {interpolation_duration:1,start_interpolation:0,transformation:[-0.03695413605592289, -0.967930705906971, -0.24848448722363561, -1.4059341864042103e-09, 0.966397814883164, -0.09791054624894067, 0.23767370136866106, 1.936085407252227, -0.25438092541974483, -0.23135183918799268, 0.9390243187942084, 3.443394789204663e-10, 0.0, 0.0, 0.0, 2.0]}
#12
data modify storage ps:ani_data data[-1].frames append value {}
data modify storage ps:ani_data data[-1].frames[-1].part_1 set value {interpolation_duration:1,start_interpolation:0,transformation:[-0.6106314840237167, -0.667900611380578, -0.42548556266510723, -3.470453681583733e-10, 0.6842692056393035, -0.7154568782089524, 0.14105711480551508, 1.9655287667540342, -0.3986287056055412, -0.20501275263004964, 0.8939043160911017, 5.825432265563105e-11, 0.0, 0.0, 0.0, 2.0]}
#13
data modify storage ps:ani_data data[-1].frames append value {}
data modify storage ps:ani_data data[-1].frames[-1].part_1 set value {interpolation_duration:1,start_interpolation:0,transformation:[-0.8644861608051662, -0.05196359550569461, -0.4999634611833798, -8.53388900520552e-11, 0.09126356962414635, -0.9943366310438111, -0.05445755249644366, 1.969935130849215, -0.4943021734079297, -0.09270625063373497, 0.8643326399353619, 5.459370070735142e-12, 0.0, 0.0, 0.0, 2.0]}
#14
data modify storage ps:ani_data data[-1].frames append value {}
data modify storage ps:ani_data data[-1].frames[-1].part_1 set value {interpolation_duration:1,start_interpolation:0,transformation:[-0.6830855478909978, 0.5891790913691487, -0.4315809687137279, -2.0876564144988493e-11, -0.5316605815438654, -0.806303915420127, -0.25925088622917375, 1.9493686379303485, -0.5007306264798412, 0.05236405514852342, 0.8640178501822217, -1.6146021522806456e-12, 0.0, 0.0, 0.0, 2.0]}
#15
data modify storage ps:ani_data data[-1].frames append value {}
data modify storage ps:ani_data data[-1].frames[-1].part_1 set value {interpolation_duration:1,start_interpolation:0,transformation:[-0.15534734042935203, 0.9565281406787485, -0.24682204097524033, -5.070999465376569e-12, -0.8944044103727317, -0.24227046013452214, -0.37595980483558705, 1.9038932559462132, -0.4194138225277426, 0.1623543662359074, 0.8931590593151946, -1.3789997795580884e-12, 0.0, 0.0, 0.0, 2.0]}
#16
data modify storage ps:ani_data data[-1].frames append value {}
data modify storage ps:ani_data data[-1].frames[-1].part_1 set value {interpolation_duration:1,start_interpolation:0,transformation:[0.47108476144001066, 0.8816293852562249, -0.028438962564394557, -1.219709428615931e-12, -0.8322125730624211, 0.4335299345096284, -0.34565015423242784, 1.8335727869805754, -0.2924061914115909, 0.18649778265922692, 0.9379324049670952, -6.641143579286395e-13, 0.0, 0.0, 0.0, 2.0]}
#17
data modify storage ps:ani_data data[-1].frames append value {}
data modify storage ps:ani_data data[-1].frames[-1].part_1 set value {interpolation_duration:1,start_interpolation:0,transformation:[0.9073935962663383, 0.4021542182472541, 0.12210178623092098, -2.8931773259248044e-13, -0.37880436951180246, 0.9084150980133742, -0.1768877026254717, 1.7384708690343573, -0.1820552418734695, 0.11425407847114843, 0.9766278177786567, -2.7061939105911534e-13, 0.0, 0.0, 0.0, 2.0]}
#18
data modify storage ps:ani_data data[-1].frames append value {}
data modify storage ps:ani_data data[-1].frames[-1].part_1 set value {interpolation_duration:1,start_interpolation:0,transformation:[0.9568680218372888, -0.2588517557588509, 0.1319066235097918, -6.725097560510626e-14, 0.2534675983475252, 0.9656990483803697, 0.056387272900766776, 1.618650976890682, -0.14197804539129064, -0.020521123210197927, 0.9896570709741128, -1.01913016740365e-13, 0.0, 0.0, 0.0, 2.0]}
#19
data modify storage ps:ani_data data[-1].frames append value {}
data modify storage ps:ani_data data[-1].frames[-1].part_1 set value {interpolation_duration:1,start_interpolation:0,transformation:[0.6025641811085067, -0.7980260682561214, -0.008414394138034511, -1.5155406626656972e-14, 0.7744309071912054, 0.5821360659847479, 0.2477385126838521, 1.4741764226786782, -0.19280346893155328, -0.15579472091016727, 0.9687903938956466, -3.669975192136785e-14, 0.0, 0.0, 0.0, 2.0]}
#20
data modify storage ps:ani_data data[-1].frames append value {}
data modify storage ps:ani_data data[-1].frames[-1].part_1 set value {interpolation_duration:1,start_interpolation:0,transformation:[0.01097505173597986, -0.9710241566109898, -0.2387292096022368, -3.239343908553321e-15, 0.9495087328833715, -0.06474205099764903, 0.3069880014118339, 1.3051103563378548, -0.31354858382331585, -0.2300446785094887, 0.9212853691836524, -1.2848857207760586e-14, 0.0, 0.0, 0.0, 2.0]}
#21
data modify storage ps:ani_data data[-1].frames append value {}
data modify storage ps:ani_data data[-1].frames[-1].part_1 set value {interpolation_duration:1,start_interpolation:0,transformation:[-0.5472712955021649, -0.7021321226086263, -0.4555267407304282, -6.170104913453452e-16, 0.7043892346102858, -0.6803447136936955, 0.20240275866247173, 1.1115157660491781, -0.45202868856358824, -0.2100989123012015, 0.8669074412907841, -4.412184308627192e-15, 0.0, 0.0, 0.0, 2.0]}
#22
data modify storage ps:ani_data data[-1].frames append value {}
data modify storage ps:ani_data data[-1].frames[-1].part_1 set value {interpolation_duration:1,start_interpolation:0,transformation:[-0.8213581363968885, -0.11554666299239674, -0.5585873078095771, -7.800497524684514e-17, 0.15478984905709361, -0.9876726012219944, -0.023300974749153228, 0.8934554786545268, -0.5490090294371412, -0.1056020902572482, 0.8291183776336088, -1.4919826064610573e-15, 0.0, 0.0, 0.0, 2.0]}
#23
data modify storage ps:ani_data data[-1].frames append value {}
data modify storage ps:ani_data data[-1].frames[-1].part_1 set value {interpolation_duration:1,start_interpolation:0,transformation:[-0.691961559622774, 0.5236396574874407, -0.49698159836240813, 1.33701961584289e-17, -0.44959668499621874, -0.851177864279014, -0.2708487847523551, 0.6509921600716198, -0.5648469003586978, 0.03602433160868824, 0.8244090166217969, -4.968535510040708e-16, 0.0, 0.0, 0.0, 2.0]}
#24
data modify storage ps:ani_data data[-1].frames append value {}
data modify storage ps:ani_data data[-1].frames[-1].part_1 set value {interpolation_duration:1,start_interpolation:0,transformation:[-0.22132553040103148, 0.9300341115017056, -0.2933454636361968, 1.3676763621712118e-17, -0.8392409038284895, -0.33485069017936464, -0.42842703069197563, 0.38418831570675627, -0.4966786837924916, 0.1513656722299886, 0.854633674937117, -1.6277873253729385e-16, 0.0, 0.0, 0.0, 2.0]}
#25
data modify storage ps:ani_data data[-1].frames append value {}
data modify storage ps:ani_data data[-1].frames[-1].part_1 set value {interpolation_duration:1,start_interpolation:0,transformation:[-0.0894130947727199, 0.9293376968015984, -0.35824118103125047, -0.0007036129996112356, -0.986739800650818, -0.03373485494410554, 0.15876563032811622, 0.2797838344734552, 0.13546167094329123, 0.3676865579068682, 0.9200308314615606, 0.0004586764971315049, 0.0, 0.0, 0.0, 2.0]}
#26
data modify storage ps:ani_data data[-1].frames append value {}
data modify storage ps:ani_data data[-1].frames[-1].part_1 set value {interpolation_duration:1,start_interpolation:0,transformation:[0.16660547002464335, 0.9357894456833011, -0.3107100428142082, -0.0008069379222349263, -0.9532610701981746, 0.2334183925594025, 0.1918572022615135, 0.2984749768286711, 0.2520633837004064, 0.26422332857400027, 0.9309404294769764, -0.0008481000796414735, 0.0, 0.0, 0.0, 2.0]}
#27
data modify storage ps:ani_data data[-1].frames append value {}
data modify storage ps:ani_data data[-1].frames[-1].part_1 set value {interpolation_duration:1,start_interpolation:0,transformation:[0.4136291158415678, 0.871060540847766, -0.2648858031418822, -0.0002154573291167025, -0.8470195613334607, 0.47485805235402856, 0.23888845269918382, 0.2921565216841064, 0.3338694613866238, 0.12555223730597495, 0.9342204335492077, -0.00023305984938519803, 0.0, 0.0, 0.0, 2.0]}
#28
data modify storage ps:ani_data data[-1].frames append value {}
data modify storage ps:ani_data data[-1].frames[-1].part_1 set value {interpolation_duration:1,start_interpolation:0,transformation:[0.6323931642130635, 0.7411444933129782, -0.22535244815275018, -5.411218115732347e-05, -0.6789464709973098, 0.6703610590497937, 0.2994123244456344, 0.26089263312462485, 0.3729753012960621, -0.036344057856649174, 0.9271291895316555, -5.866971293633908e-05, 0.0, 0.0, 0.0, 2.0]}
#29
data modify storage ps:ani_data data[-1].frames append value {}
data modify storage ps:ani_data data[-1].frames[-1].part_1 set value {interpolation_duration:1,start_interpolation:0,transformation:[0.8309627730782646, 0.5143847351563264, -0.21191794165722846, -0.00013216663470545838, -0.4362750942720405, 0.8388787527129291, 0.3254942094181133, 0.2109994417569194, 0.34520271128136115, -0.17801905090454873, 0.9214902634531963, -2.4558018292080996e-05, 0.0, 0.0, 0.0, 2.0]}
#30
data modify storage ps:ani_data data[-1].frames append value {}
data modify storage ps:ani_data data[-1].frames[-1].part_1 set value {interpolation_duration:1,start_interpolation:0,transformation:[0.9551485274295919, 0.20517929886644726, -0.21352457906703565, -9.44792852731591e-05, -0.12791308335916463, 0.9361847927617514, 0.3274084252232792, 0.1394283029175875, 0.26707589493369305, -0.2854110879386245, 0.9204406429678437, 1.2168237919491897e-05, 0.0, 0.0, 0.0, 2.0]}
#31
data modify storage ps:ani_data data[-1].frames append value {}
data modify storage ps:ani_data data[-1].frames[-1].part_1 set value {interpolation_duration:1,start_interpolation:0,transformation:[0.9830079356438491, 0.01256387223439829, -0.18313259561229286, 0.00011299313230159724, 0.007909330999395102, 0.9938293862029967, 0.11063721617302387, 0.06447102014299638, 0.18339258693949403, -0.11020571779110247, 0.9768428014894658, 0.0007953765920953888, 0.0, 0.0, 0.0, 2.0]}
#32
data modify storage ps:ani_data data[-1].frames append value {}
data modify storage ps:ani_data data[-1].frames[-1].part_1 set value {interpolation_duration:1,start_interpolation:0,transformation:[0.988298202475625, -0.0010747766437653602, -0.15253035054904476, -0.00012876499894507723, 0.0006584817055583467, 0.9999959196924786, -0.0027797482327519244, 0.031233163332261064, 0.1525327157867843, 0.0026467817363845752, 0.9882948776357933, 0.00023044313293075447, 0.0, 0.0, 0.0, 2.0]}
#33
data modify storage ps:ani_data data[-1].frames append value {}
data modify storage ps:ani_data data[-1].frames[-1].part_1 set value {interpolation_duration:1,start_interpolation:0,transformation:[0.9882942071597604, -0.00020931223322519403, -0.15255987769675555, -6.50137528634199e-05, 0.00016674935254191067, 0.9999999435278557, -0.00029178577560579, 0.03131932713414292, 0.15255993015570443, 0.0002629309309330131, 0.9882941862513468, 0.00011315626627022448, 0.0, 0.0, 0.0, 2.0]}
#34
data modify storage ps:ani_data data[-1].frames append value {}
data modify storage ps:ani_data data[-1].frames[-1].part_1 set value {interpolation_duration:1,start_interpolation:0,transformation:[0.9882947959599415, -4.5642330569218145e-05, -0.1525562001207234, -2.7573415918658464e-05, 4.203180179030045e-05, 0.9999999987550777, -2.689185713184255e-05, 0.03135282834848867, 0.15255620115820986, 2.0164870491742587e-05, 0.9882947966480209, 9.561222147600295e-05, 0.0, 0.0, 0.0, 2.0]}
#35
data modify storage ps:ani_data data[-1].frames append value {}
data modify storage ps:ani_data data[-1].frames[-1].part_1 set value {interpolation_duration:1,start_interpolation:0,transformation:[0.9882947151795844, -3.218258034084364e-05, -0.15255672686704103, -3.043155356282219e-05, 3.937594834417453e-05, 0.9999999982510003, 4.4130871889007525e-05, 0.03135902511104858, 0.15255672517997398, -4.962137326084638e-05, 0.9882947147182773, 5.302880517068327e-05, 0.0, 0.0, 0.0, 2.0]}
#36
data modify storage ps:ani_data data[-1].frames append value {}
data modify storage ps:ani_data data[-1].frames[-1].part_1 set value {interpolation_duration:1,start_interpolation:0,transformation:[0.9882946394319767, -3.497867234651965e-05, -0.15255721695977306, -2.6466009861041092e-05, 4.180149152413594e-05, 0.9999999982645416, 4.151568725469872e-05, 0.031361012692168684, 0.1525572152428527, -4.740685037784292e-05, 0.9882946391789932, 7.429374619801428e-05, 0.0, 0.0, 0.0, 2.0]}
#37
data modify storage ps:ani_data data[-1].frames append value {}
data modify storage ps:ani_data data[-1].frames[-1].part_1 set value {interpolation_duration:1,start_interpolation:0,transformation:[0.9882946423848203, -3.440807070655996e-05, -0.1525571979604522, -5.36907245227158e-06, 4.099805303178822e-05, 0.9999999983575341, 4.00511125739416e-05, 0.03136030032127169, 0.15255719633180068, -4.583684807074144e-05, 0.9882946421722439, 3.0266782307143905e-05, 0.0, 0.0, 0.0, 2.0]}
#38
data modify storage ps:ani_data data[-1].frames append value {}
data modify storage ps:ani_data data[-1].frames[-1].part_1 set value {interpolation_duration:1,start_interpolation:0,transformation:[0.9882946153800756, -2.4506007024301163e-05, -0.15255737481420936, 6.4773049024074584e-06, 3.362748708653103e-05, 0.9999999977980851, 5.7210327961331164e-05, 0.03135454229512575, 0.1525573730762943, -6.167078021983169e-05, 0.9882946140280109, 6.322123966345201e-06, 0.0, 0.0, 0.0, 2.0]}
#39
data modify storage ps:ani_data data[-1].frames append value {}
data modify storage ps:ani_data data[-1].frames[-1].part_1 set value {interpolation_duration:1,start_interpolation:0,transformation:[0.9882947378001009, -4.748932266452706e-05, -0.1525565763295492, 3.02580816632694e-05, 4.36560232440813e-05, 0.9999999986416153, -2.8476678351966734e-05, 0.031363610179611666, 0.15255657747465684, 2.1483337922994522e-05, 0.9882947385308114, 2.319870018978605e-05, 0.0, 0.0, 0.0, 2.0]}
#40
data modify storage ps:ani_data data[-1].frames append value {}
data modify storage ps:ani_data data[-1].frames[-1].part_1 set value {interpolation_duration:1,start_interpolation:0,transformation:[0.9882946629352557, -3.6708156605339165e-05, -0.15255706429464508, 2.762691826539308e-05, 2.8886149792239492e-05, 0.999999998152257, -5.348902656735068e-05, 0.03135455820537469, 0.1525570659762424, 4.845613327103534e-05, 0.9882946621694987, -2.116921343213083e-05, 0.0, 0.0, 0.0, 2.0]}
#41
data modify storage ps:ani_data data[-1].frames append value {}
data modify storage ps:ani_data data[-1].frames[-1].part_1 set value {interpolation_duration:1,start_interpolation:0,transformation:[0.9882947715319709, -3.748595210353084e-05, -0.1525563605929713, 8.921701161298151e-05, 4.455576266725213e-05, 0.9999999980861722, 4.292364624079246e-05, 0.031362209900846386, 0.15255635869197096, -4.92184801508233e-05, 0.9882947713107602, 1.5282207263533038e-05, 0.0, 0.0, 0.0, 2.0]}
#42
data modify storage ps:ani_data data[-1].frames append value {}
data modify storage ps:ani_data data[-1].frames[-1].part_1 set value {interpolation_duration:1,start_interpolation:0,transformation:[0.9882947591768179, -3.6157838517194826e-05, -0.15255644095300103, 2.635719840540825e-05, 4.276407917730278e-05, 0.9999999982847199, 4.0022412941960354e-05, 0.0313630166049037, 0.1525564392442001, -4.607787668007152e-05, 0.988294759027872, 4.0884293130084764e-05, 0.0, 0.0, 0.0, 2.0]}
#43
data modify storage ps:ani_data data[-1].frames append value {}
data modify storage ps:ani_data data[-1].frames[-1].part_1 set value {interpolation_duration:1,start_interpolation:0,transformation:[0.9882954285423482, -2.878087431379438e-05, -0.15255210616034445, -6.4634541102776055e-06, 3.7195447426291104e-05, 0.9999999979403501, 5.230485897774567e-05, 0.03135840609484902, 0.15255210434076097, -5.7366896862715346e-05, 0.9882954275773231, 1.3941343806348172e-05, 0.0, 0.0, 0.0, 2.0]}
#44
data modify storage ps:ani_data data[-1].frames append value {}
data modify storage ps:ani_data data[-1].frames[-1].part_1 set value {interpolation_duration:1,start_interpolation:0,transformation:[0.9882952939989545, -3.389488245798942e-05, -0.15255297673482598, -3.705034135980138e-05, 4.093195458285372e-05, 0.9999999982382953, 4.2988185681463155e-05, 0.03136179490595314, 0.15255297500899326, -4.872931312173233e-05, 0.9882952936452539, 1.2464250268275385e-05, 0.0, 0.0, 0.0, 2.0]}
#45
data modify storage ps:ani_data data[-1].frames append value {}
data modify storage ps:ani_data data[-1].frames[-1].part_1 set value {interpolation_duration:1,start_interpolation:0,transformation:[0.9882951012532563, -4.1609541953167186e-05, -0.15255422349925946, -1.2552096297509742e-05, 3.776123598720456e-05, 0.9999999988915901, -2.812309790718549e-05, 0.03136589202981861, 0.1525542245003561, 2.2033283859336834e-05, 0.988295101729048, -7.630064660793005e-05, 0.0, 0.0, 0.0, 2.0]}
#46
data modify storage ps:ani_data data[-1].frames append value {}
data modify storage ps:ani_data data[-1].frames[-1].part_1 set value {interpolation_duration:1,start_interpolation:0,transformation:[0.9882952916984128, -2.3938855459887735e-05, -0.1525529935257896, -6.157924395937851e-05, 1.1046515284372594e-05, 0.9999999962959831, -8.535811736658225e-05, 0.03135638121984457, 0.15255299500410638, 8.267384652697437e-05, 0.9882952883021916, -4.512368298173379e-05, 0.0, 0.0, 0.0, 2.0]}
#47
data modify storage ps:ani_data data[-1].frames append value {}
data modify storage ps:ani_data data[-1].frames[-1].part_1 set value {interpolation_duration:1,start_interpolation:0,transformation:[0.9882953815291811, -5.090546207092178e-05, -0.15255240495227754, -5.526254348821899e-05, 5.376578286189989e-05, 0.9999999984476812, 1.462456718079354e-05, 0.031371473204841516, 0.15255240397099723, -2.2655491681366278e-05, 0.9882953827320038, -8.838792164865386e-05, 0.0, 0.0, 0.0, 2.0]}
#48
data modify storage ps:ani_data data[-1].frames append value {}
data modify storage ps:ani_data data[-1].frames[-1].part_1 set value {interpolation_duration:1,start_interpolation:0,transformation:[0.9882952886221732, -3.569878905900148e-05, -0.15255301115616093, -4.150243431279423e-06, 4.227805285162503e-05, 0.9999999983109198, 3.988391576518007e-05, 0.03136189452565736, 0.15255300947467917, -4.58667303108658e-05, 0.9882952884621384, -5.823645182803094e-05, 0.0, 0.0, 0.0, 2.0]}
#49
data modify storage ps:ani_data data[-1].frames append value {}
data modify storage ps:ani_data data[-1].frames[-1].part_1 set value {interpolation_duration:1,start_interpolation:0,transformation:[0.9882950481113459, -3.4123190623793536e-05, -0.15255456962739522, 1.468494443194974e-05, 4.037059811979644e-05, 0.999999998468627, 3.785446515076273e-05, 0.03136238982764233, 0.15255456810206217, -4.357009967916841e-05, 0.9882950479754713, -1.554512353585347e-05, 0.0, 0.0, 0.0, 2.0]}
#50
data modify storage ps:ani_data data[-1].frames append value {}
data modify storage ps:ani_data data[-1].frames[-1].part_1 set value {interpolation_duration:1,start_interpolation:0,transformation:[0.9882945690710544, -3.913883793111174e-05, -0.15255767175992743, 3.604471478040154e-05, 4.298673280501486e-05, 0.9999999988357334, 2.192427722038422e-05, 0.03136386177689204, 0.15255767072421894, -2.8225599981013136e-05, 0.9882945696028667, 4.209065652382503e-05, 0.0, 0.0, 0.0, 2.0]}
#51
data modify storage ps:ani_data data[-1].frames append value {}
data modify storage ps:ani_data data[-1].frames[-1].part_1 set value {interpolation_duration:1,start_interpolation:0,transformation:[0.9882939580991789, -5.067400074164434e-05, -0.1525616262918158, 7.353946835535204e-06, 4.528942645569172e-05, 0.9999999982228979, -3.8769474758617586e-05, 0.03136441430262974, 0.1525616279853026, 3.1406209108716485e-05, 0.9882939586378761, 1.038870680602636e-05, 0.0, 0.0, 0.0, 2.0]}
#52
data modify storage ps:ani_data data[-1].frames append value {}
data modify storage ps:ani_data data[-1].frames[-1].part_1 set value {interpolation_duration:1,start_interpolation:0,transformation:[0.9882944393187286, -4.945011810716714e-05, -0.1525585093213908, 2.20597930034889e-06, 4.518696479816938e-05, 0.9999999984857278, -3.141150247128377e-05, 0.03136028242623132, 0.1525585106436782, 2.4150157232649387e-05, 0.9882944400566828, 3.244974203412058e-05, 0.0, 0.0, 0.0, 2.0]}
#53
data modify storage ps:ani_data data[-1].frames append value {}
data modify storage ps:ani_data data[-1].frames[-1].part_1 set value {interpolation_duration:1,start_interpolation:0,transformation:[0.988294428205854, -2.751027439012472e-05, -0.15255858684599993, -1.4854056735426182e-05, 3.56847188586982e-05, 0.9999999980707289, 5.0844299514414616e-05, 0.03135636380186421, 0.1525585851529324, -5.569314819720538e-05, 0.9882944272808629, 5.557536535303243e-05, 0.0, 0.0, 0.0, 2.0]}
#54
data modify storage ps:ani_data data[-1].frames append value {}
data modify storage ps:ani_data data[-1].frames[-1].part_1 set value {interpolation_duration:1,start_interpolation:0,transformation:[0.9882942756974588, -2.4163000004702953e-05, -0.15255957537888157, -5.413239557585646e-07, 2.8334357186565766e-05, 0.9999999992818573, 2.5168417099770853e-05, 0.03136174331862298, 0.1525595746611776, -2.919648004908561e-05, 0.9882942756723656, 4.135015014272564e-05, 0.0, 0.0, 0.0, 2.0]}
#55
data modify storage ps:ani_data data[-1].frames append value {}
data modify storage ps:ani_data data[-1].frames[-1].part_1 set value {interpolation_duration:1,start_interpolation:0,transformation:[0.9882943650404782, -3.357162255555809e-05, -0.15255899482555507, 3.4545905525607523e-06, 3.955893464744861e-05, 0.9999999985619423, 3.6210580032430093e-05, 0.031361407701870826, 0.1525589933905185, -4.182178350708252e-05, 0.9882943649473116, -1.0814274607958438e-06, 0.0, 0.0, 0.0, 2.0]}
#56
data modify storage ps:ani_data data[-1].frames append value {}
data modify storage ps:ani_data data[-1].frames[-1].part_1 set value {interpolation_duration:1,start_interpolation:0,transformation:[0.9882943481165105, -2.4118454500112298e-05, -0.15255910624823946, 1.6165128345363612e-05, 3.1339037318813885e-05, 0.9999999984997984, 4.492513860506119e-05, 0.031361146120041074, 0.1525591049358451, -4.9180316095771316e-05, 0.9882943473897187, 2.340728953137892e-05, 0.0, 0.0, 0.0, 2.0]}
#57
data modify storage ps:ani_data data[-1].frames append value {}
data modify storage ps:ani_data data[-1].frames[-1].part_1 set value {interpolation_duration:1,start_interpolation:0,transformation:[0.988294341303873, -3.829539337873558e-05, -0.15255914748125088, 1.39124879119047e-05, 4.3875046394325714e-05, 0.99999999848613, 3.320723036826274e-05, 0.0313639833313285, 0.15255914597861223, -3.9512057536946863e-05, 0.9882943414879362, 1.6419501496114855e-05, 0.0, 0.0, 0.0, 2.0]}
#58
data modify storage ps:ani_data data[-1].frames append value {}
data modify storage ps:ani_data data[-1].frames[-1].part_1 set value {interpolation_duration:1,start_interpolation:0,transformation:[0.988294051028706, -3.2063814051874704e-05, -0.15256102933967258, -4.948836342726307e-05, 4.051526800126994e-05, 0.9999999978122139, 5.2288480185866484e-05, 0.031357954908098125, 0.15256102732933355, -5.7857444895270694e-05, 0.9882940501656042, 7.364637757629762e-06, 0.0, 0.0, 0.0, 2.0]}
#59
data modify storage ps:ani_data data[-1].frames append value {}
data modify storage ps:ani_data data[-1].frames[-1].part_1 set value {interpolation_duration:1,start_interpolation:0,transformation:[0.9882927787801694, -4.562838741294043e-05, -0.15256926731495143, -4.5929135855056344e-05, 4.102843896501047e-05, 0.9999999986039494, -3.329816997161569e-05, 0.03136341932241526, 0.15256926862129885, 2.6648662057574626e-05, 0.9882927792725241, -6.735706611839857e-07, 0.0, 0.0, 0.0, 2.0]}
data modify storage ps:ani_data data[-1].frames[-1].is_last set value 1
data modify storage ps:ani_data data[-1].frames[-1].keep_alive set value 1
