data modify storage ps:ani_data data append value {ani_tag:'coin',height:0.1,width:0.3}
data modify storage ps:ani_data data[-1].parts.part_1 set value {name:'coin',init_pos:[1.0, 0.0, 0.0, 0.0, 0.0, 1.0, 0.0, 0.03125, 0.0, 0.0, 1.0, 0.0, 0.0, 0.0, 0.0, 2.0],item_model:'cointosser:test_coin'}
data modify storage ps:ani_data data[-1].frames append value {}
data modify storage ps:ani_data data[-1].frames[-1].part_1 set value {interpolation_duration:1,start_interpolation:0,transformation:[0.829272026706448, 0.5588440561828937, 0.0011075157924925678, -0.0020935162115372813, -0.5556121798776872, 0.8242601252582608, 0.10904288826329214, 0.24831569822761804, 0.06002508886911082, -0.0910415662117408, 0.9940364288736951, 0.00016620050165380772, 0.0, 0.0, 0.0, 2.0]}
data modify storage ps:ani_data data[-1].frames append value {}
data modify storage ps:ani_data data[-1].frames[-1].part_1 set value {interpolation_duration:1,start_interpolation:0,transformation:[0.4793393069743396, 0.8776059393158125, 0.006453221441256248, -0.0006475021106520558, -0.8706757631643481, 0.4746046068319234, 0.12912855072405605, 0.5313789937163185, 0.110261254425748, -0.06751505351790421, 0.9916068642970028, 0.00012928332746158777, 0.0, 0.0, 0.0, 2.0]}
data modify storage ps:ani_data data[-1].frames append value {}
data modify storage ps:ani_data data[-1].frames[-1].part_1 set value {interpolation_duration:1,start_interpolation:0,transformation:[0.025105814198175397, 0.9993526246796622, 0.025768772561313463, -0.00016386684844256616, -0.9857496104538441, 0.020458666116214965, 0.16697050179849054, 0.7877941321693829, 0.1663352145023452, -0.029593487908917464, 0.9856250919542597, 3.380471853380885e-05, 0.0, 0.0, 0.0, 2.0]}
data modify storage ps:ani_data data[-1].frames append value {}
data modify storage ps:ani_data data[-1].frames[-1].part_1 set value {interpolation_duration:1,start_interpolation:0,transformation:[-0.42944760038647994, 0.9007300895979105, 0.06526916741642882, -4.077774572935319e-05, -0.8756896049023999, -0.4329964911245373, 0.2137329046724387, 1.018275844646916, 0.220776978845561, 0.03463155160800991, 0.9747092803728955, 8.33778673664121e-06, 0.0, 0.0, 0.0, 2.0]}
data modify storage ps:ani_data data[-1].frames append value {}
data modify storage ps:ani_data data[-1].frames[-1].part_1 set value {interpolation_duration:1,start_interpolation:0,transformation:[-0.7826516700828259, 0.6095124805147376, 0.12629687016444338, -1.0117242839033804e-05, -0.5672019424581823, -0.7819140928553194, 0.2586354729458177, 1.22310239341569, 0.25639485132940454, 0.13078565476004464, 0.9576830335349782, 2.034754225842337e-06, 0.0, 0.0, 0.0, 2.0]}
data modify storage ps:ani_data data[-1].frames append value {}
data modify storage ps:ani_data data[-1].frames[-1].part_1 set value {interpolation_duration:1,start_interpolation:0,transformation:[-0.9587833338177779, 0.19661608157103763, 0.20512590099965128, -2.5045080037638647e-06, -0.1319386891270513, -0.9474456939119417, 0.2914426863023925, 1.402408905795995, 0.2516479705952403, 0.25236634790591733, 0.9343364090839692, 4.923068378428437e-07, 0.0, 0.0, 0.0, 2.0]}
data modify storage ps:ani_data data[-1].frames append value {}
data modify storage ps:ani_data data[-1].frames[-1].part_1 set value {interpolation_duration:1,start_interpolation:0,transformation:[-0.9247193823162602, -0.2418136765084969, 0.29397314472937464, -6.182176913960007e-07, 0.33047534203295426, -0.8932501170904666, 0.30477906198764554, 1.556283494085634, 0.18889180044892295, 0.37898598149708806, 0.9059191539822151, 1.1775115276990619e-07, 0.0, 0.0, 0.0, 2.0]}
data modify storage ps:ani_data data[-1].frames append value {}
data modify storage ps:ani_data data[-1].frames[-1].part_1 set value {interpolation_duration:1,start_interpolation:0,transformation:[-0.695896626936036, -0.6075332760177354, 0.38292453975973473, -1.5201925223503538e-07, 0.7153971964799254, -0.6330388195559004, 0.2957510848736392, 1.6847987524249337, 0.0627274731494076, 0.47975532458371906, 0.8751571816798741, 2.7704779699711535e-08, 0.0, 0.0, 0.0, 2.0]}
data modify storage ps:ani_data data[-1].frames append value {}
data modify storage ps:ani_data data[-1].frames[-1].part_1 set value {interpolation_duration:1,start_interpolation:0,transformation:[-0.3306396818765716, -0.8227877220738391, 0.46227455605203116, -3.718825693727181e-08, 0.9367860287603096, -0.22670447414775124, 0.2665277053532708, 1.7880220779770506, -0.11449601341552416, 0.5211769812702154, 0.8457335378865009, 6.361369520706197e-09, 0.0, 0.0, 0.0, 2.0]}
data modify storage ps:ani_data data[-1].frames append value {}
data modify storage ps:ani_data data[-1].frames[-1].part_1 set value {interpolation_duration:1,start_interpolation:0,transformation:[0.08521727742032696, -0.8470097649840356, 0.5247022714366266, -9.033034307954746e-09, 0.9461786087422149, 0.23381786206475996, 0.22377499354957342, 1.866019053259175, -0.3122243680235636, 0.47739256948674147, 0.8213478426410656, 1.40602196862601e-09, 0.0, 0.0, 0.0, 2.0]}
data modify storage ps:ani_data data[-1].frames append value {}
data modify storage ps:ani_data data[-1].frames[-1].part_1 set value {interpolation_duration:1,start_interpolation:0,transformation:[0.459250375655209, -0.6839970563769665, 0.5667778394822741, -2.1726250566308674e-09, 0.7429012161627754, 0.6455490657448568, 0.17709936967649545, 1.9188545547509273, -0.48701835230760954, 0.33972699419326036, 0.8046108959814012, 2.912975798784986e-10, 0.0, 0.0, 0.0, 2.0]}
data modify storage ps:ani_data data[-1].frames append value {}
data modify storage ps:ani_data data[-1].frames[-1].part_1 set value {interpolation_duration:1,start_interpolation:0,transformation:[0.7136518638655648, -0.3784314856199833, 0.5894833567562849, -5.153165558471742e-10, 0.37346648915482406, 0.9174908628521543, 0.1368696389312809, 1.9465931164485324, -0.5926413744243434, 0.12247500673305484, 0.7961005426742045, 5.31429667792272e-11, 0.0, 0.0, 0.0, 2.0]}
data modify storage ps:ani_data data[-1].frames append value {}
data modify storage ps:ani_data data[-1].frames[-1].part_1 set value {interpolation_duration:1,start_interpolation:0,transformation:[0.8017224533747968, -0.00322846023856441, 0.5976877820394061, -1.1976171511259567e-10, -0.07944410434196937, 0.9905370970117334, 0.11191467164259736, 1.9492990492788935, -0.5923932326082052, -0.13720727563819676, 0.7938793494429396, 6.848396436310564e-12, 0.0, 0.0, 0.0, 2.0]}
data modify storage ps:ani_data data[-1].frames append value {}
data modify storage ps:ani_data data[-1].frames[-1].part_1 set value {interpolation_duration:1,start_interpolation:0,transformation:[0.7161056024986799, 0.35870316327097834, 0.5987694103153534, -2.6982962068488988e-11, -0.5157300647346865, 0.8499666766002119, 0.10760645425785065, 1.9270364805131124, -0.4703352702049447, -0.3858609715021521, 0.7936599046648739, -3.9432393778083997e-13, 0.0, 0.0, 0.0, 2.0]}
data modify storage ps:ani_data data[-1].frames append value {}
data modify storage ps:ani_data data[-1].frames[-1].part_1 set value {interpolation_duration:1,start_interpolation:0,transformation:[0.48743504471603627, 0.633627310047128, 0.600769098027783, -5.780068651973121e-12, -0.8400553511744178, 0.5279651660842825, 0.12473888874293143, 1.8798693669646966, -0.2381471900860915, -0.565481401430707, 0.7896307367941438, -7.880694173438593e-13, 0.0, 0.0, 0.0, 2.0]}
data modify storage ps:ani_data data[-1].frames append value {}
data modify storage ps:ani_data data[-1].frames[-1].part_1 set value {interpolation_duration:1,start_interpolation:0,transformation:[0.17444644242007568, 0.772533718939647, 0.6105408191335429, -1.129449815098847e-12, -0.9825434002303102, 0.09587211311581975, 0.15942711372463544, 1.8078614995968119, 0.06462898259171038, -0.6276943452254335, 0.7757724560598772, -4.227588483720377e-13, 0.0, 0.0, 0.0, 2.0]}
data modify storage ps:ani_data data[-1].frames append value {}
data modify storage ps:ani_data data[-1].frames[-1].part_1 set value {interpolation_duration:1,start_interpolation:0,transformation:[-0.15144831583713042, 0.7597510409444651, 0.6323304226540882, -1.7918806762966692e-13, -0.9135286534711103, -0.35190857091200206, 0.20402391282869822, 1.7110765053137238, 0.3775298755295488, -0.5467528815675995, 0.7473503058005458, -1.796078192855846e-13, 0.0, 0.0, 0.0, 2.0]}
data modify storage ps:ani_data data[-1].frames append value {}
data modify storage ps:ani_data data[-1].frames[-1].part_1 set value {interpolation_duration:1,start_interpolation:0,transformation:[-0.42305515341134503, 0.6132156885887234, 0.6670763497837116, -1.1065590038183355e-14, -0.6493247745132352, -0.7186521900528304, 0.24882999605273945, 1.5895778478288336, 0.6319823370755223, -0.32788038825298454, 0.7022056512330506, -6.91031667949257e-14, 0.0, 0.0, 0.0, 2.0]}
data modify storage ps:ani_data data[-1].frames append value {}
data modify storage ps:ani_data data[-1].frames[-1].part_1 set value {interpolation_duration:1,start_interpolation:0,transformation:[-0.5916921273597711, 0.37709784232217985, 0.7125290476439711, 8.249071201404443e-15, -0.24799186433156437, -0.9261340887810084, 0.2842106346059657, 1.4434288282294145, 0.7670726573446761, -0.008536211907348, 0.6415034461641258, -2.5191876267079456e-14, 0.0, 0.0, 0.0, 2.0]}
data modify storage ps:ani_data data[-1].frames append value {}
data modify storage ps:ani_data data[-1].frames[-1].part_1 set value {interpolation_duration:1,start_interpolation:0,transformation:[-0.6358022172568228, 0.10924371700509376, 0.7640820314771305, 5.649749296773429e-15, 0.20374291382631543, -0.9310684798129542, 0.30265543273557266, 1.2726925854412434, 0.7444758999436248, 0.3481052946935814, 0.5697177706631805, -8.877083785835777e-15, 0.0, 0.0, 0.0, 2.0]}
data modify storage ps:ani_data data[-1].frames append value {}
data modify storage ps:ani_data data[-1].frames[-1].part_1 set value {interpolation_duration:1,start_interpolation:0,transformation:[-0.5624505520166195, -0.13310018250638078, 0.8160476199052161, 2.5799107180081684e-15, 0.6094043888922033, -0.7337710423233383, 0.30034371684228983, 1.0774320966597124, 0.5588163091169764, 0.6662314904479444, 0.4938217631903137, -3.0473243754441768e-15, 0.0, 0.0, 0.0, 2.0]}
data modify storage ps:ani_data data[-1].frames append value {}
data modify storage ps:ani_data data[-1].frames[-1].part_1 set value {interpolation_duration:1,start_interpolation:0,transformation:[-0.40211958370789425, -0.30574360132579387, 0.8630299477115052, 1.0354559882796368e-15, 0.8833699013222805, -0.37740105025990095, 0.27789578028568196, 0.8577101777692456, 0.24074355201428355, 0.8741220152307444, 0.4218450481545188, -1.0138047189643599e-15, 0.0, 0.0, 0.0, 2.0]}
data modify storage ps:ani_data data[-1].frames append value {}
data modify storage ps:ani_data data[-1].frames[-1].part_1 set value {interpolation_duration:1,start_interpolation:0,transformation:[-0.19878950392608433, -0.3854527176734346, 0.901059895660097, 4.110566786180641e-16, 0.9687598017097484, 0.06182269054076556, 0.240171608491906, 0.6135894837581697, -0.148280746289294, 0.920654200757518, 0.3611213963578256, -3.148676416591357e-16, 0.0, 0.0, 0.0, 2.0]}
data modify storage ps:ani_data data[-1].frames append value {}
data modify storage ps:ani_data data[-1].frames[-1].part_1 set value {interpolation_duration:1,start_interpolation:0,transformation:[0.001774525019283768, -0.3719529371153781, 0.928249892880252, 1.9042646589081466e-16, 0.8489252586713075, 0.49115116587230373, 0.19518308700328, 0.3451325091313836, -0.5285099395950932, 0.7876684231537531, 0.31663180338631575, -7.660479666549123e-17, 0.0, 0.0, 0.0, 2.0]}
data modify storage ps:ani_data data[-1].frames append value {}
data modify storage ps:ani_data data[-1].frames[-1].part_1 set value {interpolation_duration:1,start_interpolation:0,transformation:[0.17390490293119987, 0.20294337294201986, 0.9636239267034657, -0.0017567518788649925, 0.23301798605604193, 0.9422650551637487, -0.24049778375619876, 0.12532557431132674, -0.9567965838729126, 0.2663654504551469, 0.1165750569073437, 0.0002804226944158239, 0.0, 0.0, 0.0, 2.0]}
data modify storage ps:ani_data data[-1].frames append value {}
data modify storage ps:ani_data data[-1].frames[-1].part_1 set value {interpolation_duration:1,start_interpolation:0,transformation:[0.13701878081277183, -0.11876300662266746, 0.983423205930451, 0.0011087113519900737, -0.04439840455152098, 0.9910526925053795, 0.12587033944149634, 0.021965930608132293, -0.9895729560663332, -0.06090902179301744, 0.13051994363451375, 0.0007584670826775134, 0.0, 0.0, 0.0, 2.0]}
data modify storage ps:ani_data data[-1].frames append value {}
data modify storage ps:ani_data data[-1].frames[-1].part_1 set value {interpolation_duration:1,start_interpolation:0,transformation:[0.0743491499476525, 0.0012556027005904409, 0.9972314813341583, 0.0006048020095555404, 0.027816621024611587, 0.9996074880597087, -0.0033324780167268827, 0.036529040760546465, -0.996844240338898, 0.02798737709784719, 0.07428504039406776, -1.3804903286652276e-05, 0.0, 0.0, 0.0, 2.0]}
data modify storage ps:ani_data data[-1].frames append value {}
data modify storage ps:ani_data data[-1].frames[-1].part_1 set value {interpolation_duration:1,start_interpolation:0,transformation:[0.02187592415416994, 0.08008941480941403, 0.9965476052742721, 6.840164401331746e-05, -0.006819972470609406, 0.9967749047170942, -0.07995797209614555, 0.04804383069423608, -0.9997374314878387, -0.005047272700525748, 0.022351579818558544, 0.00011791400001561359, 0.0, 0.0, 0.0, 2.0]}
data modify storage ps:ani_data data[-1].frames append value {}
data modify storage ps:ani_data data[-1].frames[-1].part_1 set value {interpolation_duration:1,start_interpolation:0,transformation:[-0.01569681159631736, 0.05307818700268889, 0.9984669830145697, -5.2064210077934074e-05, -0.0006219706760022838, 0.9985893003106303, -0.05309446729749094, 0.04251061897978699, -0.9998766040158094, -0.0014544310343670816, -0.015641655033223303, -4.867977622407881e-06, 0.0, 0.0, 0.0, 2.0]}
data modify storage ps:ani_data data[-1].frames append value {}
data modify storage ps:ani_data data[-1].frames[-1].part_1 set value {interpolation_duration:1,start_interpolation:0,transformation:[-0.032202050695958204, -0.003383127048428384, 0.9994756537216645, 3.9038480583372055e-07, -6.572002316500651e-05, 0.9999942762741805, 0.0033827651051123956, 0.031063940747640195, -0.9994813773211852, 4.324641029189993e-05, -0.0322020887194372, 0.00011587960908711751, 0.0, 0.0, 0.0, 2.0]}
data modify storage ps:ani_data data[-1].frames append value {}
data modify storage ps:ani_data data[-1].frames[-1].part_1 set value {interpolation_duration:1,start_interpolation:0,transformation:[-0.03221680220635455, -0.00030587817218906584, 0.9994808572924946, 3.461274703386532e-05, -0.0002843025957523131, 0.9999999155192405, 0.0002968729452787372, 0.03131362253948861, -0.9994808636625466, -0.00027459070517454046, -0.03221688644661297, -1.9930336754831937e-05, 0.0, 0.0, 0.0, 2.0]}
data modify storage ps:ani_data data[-1].frames append value {}
data modify storage ps:ani_data data[-1].frames[-1].part_1 set value {interpolation_duration:1,start_interpolation:0,transformation:[-0.032220274393314256, -2.5963553347759542e-05, 0.9994807918333964, 3.7147828289302626e-05, -5.161163930292381e-05, 0.9999999983725525, 2.4313235755837245e-05, 0.03135209534577136, -0.9994807908380522, -5.080146299086353e-05, -0.03222027568089901, -2.046193715115581e-05, 0.0, 0.0, 0.0, 2.0]}
data modify storage ps:ani_data data[-1].frames append value {}
data modify storage ps:ani_data data[-1].frames[-1].part_1 set value {interpolation_duration:1,start_interpolation:0,transformation:[-0.03222136911196867, 2.979710647842307e-06, 0.9994807568751244, -2.674336227478836e-05, -3.940359497726039e-05, 0.9999999992146402, -4.251556014833711e-06, 0.03134990170996059, -0.9994807561028409, -3.952012588712723e-05, -0.032221368969252, -2.5267101757573183e-05, 0.0, 0.0, 0.0, 2.0]}
data modify storage ps:ani_data data[-1].frames append value {}
data modify storage ps:ani_data data[-1].frames[-1].part_1 set value {interpolation_duration:1,start_interpolation:0,transformation:[-0.03222670141752295, -3.3250160664256335e-05, 0.9994805844088082, -2.629712886655104e-05, -6.187094325619164e-05, 0.9999999975970083, 3.127250759764057e-05, 0.03135336793180217, -0.9994805830468803, -6.083099675869623e-05, -0.03222670339730126, -1.2259726693036996e-05, 0.0, 0.0, 0.0, 2.0]}
data modify storage ps:ani_data data[-1].frames append value {}
data modify storage ps:ani_data data[-1].frames[-1].part_1 set value {interpolation_duration:1,start_interpolation:0,transformation:[-0.032228557193870605, -1.975907458834956e-05, 0.9994805249282148, 7.556016570998588e-07, -2.5321130894085335e-05, 0.9999999994998147, 1.8952856599775552e-05, 0.03136074313660917, -0.9994805248027806, -2.4697153974883358e-05, -0.03222855767807248, -4.2402040411946204e-06, 0.0, 0.0, 0.0, 2.0]}
data modify storage ps:ani_data data[-1].frames append value {}
data modify storage ps:ani_data data[-1].frames[-1].part_1 set value {interpolation_duration:1,start_interpolation:0,transformation:[-0.0322284046394207, -2.740295586670559e-05, 0.9994805296670243, 1.0871728454632788e-05, -3.610143709706074e-05, 0.9999999990037305, 2.6253101824122414e-05, 0.031348925441732386, -0.9994805293906851, -3.52365878828833e-05, -0.032228405596598605, 1.4554527614752591e-05, 0.0, 0.0, 0.0, 2.0]}
data modify storage ps:ani_data data[-1].frames append value {}
data modify storage ps:ani_data data[-1].frames[-1].part_1 set value {interpolation_duration:1,start_interpolation:0,transformation:[-0.032227701589435526, -1.1564683570189976e-05, 0.9994805526454832, 7.577597014530204e-05, -5.2810123972258e-05, 0.9999999985568581, 9.867860471237996e-06, 0.031356745104347016, -0.9994805513172094, -5.2464673430475654e-05, -0.03222770215365874, 2.1151621161592206e-05, 0.0, 0.0, 0.0, 2.0]}
data modify storage ps:ani_data data[-1].frames append value {}
data modify storage ps:ani_data data[-1].frames[-1].part_1 set value {interpolation_duration:1,start_interpolation:0,transformation:[-0.03221944719751012, -4.093295268963705e-05, 0.9994808179984147, 4.056061012595257e-05, -6.007188105850362e-05, 0.9999999974344932, 3.901772708644976e-05, 0.03135585902206462, -0.9994808170313505, -5.8783563221427934e-05, -0.03221944957377037, -5.730591916967107e-05, 0.0, 0.0, 0.0, 2.0]}
data modify storage ps:ani_data data[-1].frames append value {}
data modify storage ps:ani_data data[-1].frames[-1].part_1 set value {interpolation_duration:1,start_interpolation:0,transformation:[-0.032220146986834175, -1.091554553752614e-06, 0.9994807962772247, -5.639997133996735e-06, -5.939657208577649e-05, 0.999999998235685, -8.226388484436536e-07, 0.03136511273360762, -0.999480794512928, -5.939223870904341e-05, -0.03222014699482229, -4.736174625109146e-05, 0.0, 0.0, 0.0, 2.0]}
data modify storage ps:ani_data data[-1].frames append value {}
data modify storage ps:ani_data data[-1].frames[-1].part_1 set value {interpolation_duration:1,start_interpolation:0,transformation:[-0.0322280475865937, -1.0400893092217954e-05, 0.9994805415017229, 1.985211003823305e-05, -2.8749145266626936e-05, 0.9999999995418148, 9.479288362623253e-06, 0.0313563655976323, -0.9994805411423691, -2.8428712322362333e-05, -0.03222804787084407, -4.1168505324101414e-05, 0.0, 0.0, 0.0, 2.0]}
data modify storage ps:ani_data data[-1].frames append value {}
data modify storage ps:ani_data data[-1].frames[-1].part_1 set value {interpolation_duration:1,start_interpolation:0,transformation:[-0.03222789560912538, 9.59752779522039e-06, 0.9994805464102314, 1.5544754221184915e-05, -2.2134611359002304e-05, 0.999999999701817, -1.0316238543729506e-05, 0.031351022975793945, -0.9994805462112137, -2.2455584114539883e-05, -0.032227895387078015, -4.7582932873721575e-05, 0.0, 0.0, 0.0, 2.0]}
data modify storage ps:ani_data data[-1].frames append value {}
data modify storage ps:ani_data data[-1].frames[-1].part_1 set value {interpolation_duration:1,start_interpolation:0,transformation:[-0.03222548151275142, -3.421540565579306e-05, 0.999480623709423, 5.8244739801727264e-05, -3.961266316548937e-05, 0.99999999867237, 3.2955985023110955e-05, 0.031358304928636095, -0.9994806235100847, -3.8530066801337816e-05, -0.032225482825331234, -2.0523534708481807e-05, 0.0, 0.0, 0.0, 2.0]}
data modify storage ps:ani_data data[-1].frames append value {}
data modify storage ps:ani_data data[-1].frames[-1].part_1 set value {interpolation_duration:1,start_interpolation:0,transformation:[-0.032223356340990925, -1.0837222271776173e-05, 0.99948069275433, 4.3225597923172495e-05, -4.099012484201614e-05, 0.999999999114577, 9.521327357219652e-06, 0.03134990044425096, -0.9994806919725518, -4.066202924891386e-05, -0.03222335675667872, -1.9715573423415447e-05, 0.0, 0.0, 0.0, 2.0]}
data modify storage ps:ani_data data[-1].frames append value {}
data modify storage ps:ani_data data[-1].frames[-1].part_1 set value {interpolation_duration:1,start_interpolation:0,transformation:[-0.0322253564526522, -2.281637849958188e-05, 0.9994806280668537, 6.257229906003593e-05, -4.6693133479991195e-05, 0.9999999986825459, 2.132275003714515e-05, 0.03135939900320694, -0.9994806272365917, -4.598174915649322e-05, -0.03222535747556497, 8.040897695972553e-05, 0.0, 0.0, 0.0, 2.0]}
data modify storage ps:ani_data data[-1].frames append value {}
data modify storage ps:ani_data data[-1].frames[-1].part_1 set value {interpolation_duration:1,start_interpolation:0,transformation:[-0.03222264271546824, -9.980986407065794e-06, 0.9994807157703501, 8.405594563631786e-05, -5.440491035956038e-05, 0.9999999984861683, 8.232191250564949e-06, 0.03135466079043137, -0.9994807143394698, -5.411139579016278e-05, -0.03222264320970326, 8.299727424809918e-05, 0.0, 0.0, 0.0, 2.0]}
data modify storage ps:ani_data data[-1].frames append value {}
data modify storage ps:ani_data data[-1].frames[-1].part_1 set value {interpolation_duration:1,start_interpolation:0,transformation:[-0.032221573651950074, -1.7440540839058054e-05, 0.9994807501333975, 6.384681090071394e-05, -3.177549445643488e-05, 0.9999999993602651, 1.642521318269961e-05, 0.03136176136391728, -0.9994807497804595, -3.122974881886182e-05, -0.03222157418551862, 5.639174477009031e-05, 0.0, 0.0, 0.0, 2.0]}
data modify storage ps:ani_data data[-1].frames append value {}
data modify storage ps:ani_data data[-1].frames[-1].part_1 set value {interpolation_duration:1,start_interpolation:0,transformation:[-0.03222194626500797, -1.9659505742401208e-05, 0.9994807380797286, 2.9141400990721216e-05, -7.733856981951865e-05, 0.999999996861858, 1.717642550346012e-05, 0.03136346136904485, -0.9994807352808961, -7.67449529856457e-05, -0.03222194768432899, 4.497376123329166e-05, 0.0, 0.0, 0.0, 2.0]}
data modify storage ps:ani_data data[-1].frames append value {}
data modify storage ps:ani_data data[-1].frames[-1].part_1 set value {interpolation_duration:1,start_interpolation:0,transformation:[-0.03222636269668875, -3.313476494730054e-05, 0.9994805953341108, -3.1166331423884694e-05, -3.714758835904477e-05, 0.9999999987994918, 3.195423042813539e-05, 0.031363427284209225, -0.9994805951930219, -3.609852510885388e-05, -0.03222636388887734, 4.7759840459153094e-05, 0.0, 0.0, 0.0, 2.0]}
data modify storage ps:ani_data data[-1].frames append value {}
data modify storage ps:ani_data data[-1].frames[-1].part_1 set value {interpolation_duration:1,start_interpolation:0,transformation:[-0.03222612413457358, 6.9573105118713834e-06, 0.9994806035510937, -5.263672224068609e-07, -6.811425086073683e-06, 0.9999999999510222, -7.180545891925262e-06, 0.031359227754545096, -0.9994806035520988, -7.039288419339173e-06, -0.032226124085606024, 2.6999920345976096e-05, 0.0, 0.0, 0.0, 2.0]}
data modify storage ps:ani_data data[-1].frames append value {}
data modify storage ps:ani_data data[-1].frames[-1].part_1 set value {interpolation_duration:1,start_interpolation:0,transformation:[-0.03222523999322892, -3.639344064182145e-05, 0.9994806314195869, 2.328188814210956e-05, -3.4804101068376725e-05, 0.9999999987716384, 3.5290198707845496e-05, 0.03135945542945558, -0.9994806314761948, -3.364878978904322e-05, -0.03222524122028565, -3.362427185932169e-05, 0.0, 0.0, 0.0, 2.0]}
data modify storage ps:ani_data data[-1].frames append value {}
data modify storage ps:ani_data data[-1].frames[-1].part_1 set value {interpolation_duration:1,start_interpolation:0,transformation:[-0.032207164146350054, -4.654950794714271e-05, 0.9994812136357506, 6.055778445061094e-06, -3.769408692936277e-05, 0.9999999982608577, 4.535901986210589e-05, 0.03136292988579896, -0.9994812140089506, -3.621364635283459e-05, -0.03220716584497841, -3.0993090951806226e-05, 0.0, 0.0, 0.0, 2.0]}
data modify storage ps:ani_data data[-1].frames append value {}
data modify storage ps:ani_data data[-1].frames[-1].part_1 set value {interpolation_duration:1,start_interpolation:0,transformation:[-0.03207820437412852, -1.3067511261382872e-05, 0.9994853618904941, 2.3212788551063355e-05, 2.877642322965765e-05, 0.9999999994879892, 1.399781104722411e-05, 0.03134997339624951, -0.9994853615616633, 2.921063842917168e-05, -0.0320782039816679, -4.345253430540251e-06, 0.0, 0.0, 0.0, 2.0]}
data modify storage ps:ani_data data[-1].frames append value {}
data modify storage ps:ani_data data[-1].frames[-1].part_1 set value {interpolation_duration:1,start_interpolation:0,transformation:[-0.03208079070582518, -2.899333293509024e-05, 0.9994852785444495, 1.1452968124491691e-05, -4.7413442432541905e-05, 0.999999998498231, 2.7486420018347597e-05, 0.03135283099423382, -0.9994852778403766, -4.650725162857936e-05, -0.03208079203232097, 1.0533508074340204e-06, 0.0, 0.0, 0.0, 2.0]}
data modify storage ps:ani_data data[-1].frames append value {}
data modify storage ps:ani_data data[-1].frames[-1].part_1 set value {interpolation_duration:1,start_interpolation:0,transformation:[-0.03208275911980716, -3.813777470225285e-05, 0.9994852150546152, -7.73818980943948e-06, -4.081673283488917e-05, 0.999999998488138, 3.684722963609032e-05, 0.031356501347905165, -0.9994852149488028, -3.961356020265907e-05, -0.032082760627961816, 9.569477706691583e-06, 0.0, 0.0, 0.0, 2.0]}
data modify storage ps:ani_data data[-1].frames append value {}
data modify storage ps:ani_data data[-1].frames[-1].part_1 set value {interpolation_duration:1,start_interpolation:0,transformation:[-0.03208141709803928, 4.8274723638732824e-05, 0.9994852576934449, 6.961568250273691e-06, -2.164523808758141e-05, 0.9999999985655187, -4.89943529470018e-05, 0.031352835545855766, -0.9994852586248911, -2.3205904640143597e-05, -0.0320814160071012, 1.5611048339635432e-05, 0.0, 0.0, 0.0, 2.0]}
data modify storage ps:ani_data data[-1].frames append value {}
data modify storage ps:ani_data data[-1].frames[-1].part_1 set value {interpolation_duration:1,start_interpolation:0,transformation:[-0.032080403349605616, 1.5618521155616935e-06, 0.9994852913967703, -2.787693451056977e-05, 6.345924322141781e-06, 0.9999999999789412, -1.3589717781141637e-06, 0.031351672562563014, -0.9994852913778449, 6.299061657515097e-06, -0.032080403358841436, -3.6709162809903685e-05, 0.0, 0.0, 0.0, 2.0]}
data modify storage ps:ani_data data[-1].frames append value {}
data modify storage ps:ani_data data[-1].frames[-1].part_1 set value {interpolation_duration:1,start_interpolation:0,transformation:[-0.03207582268765597, -3.308966828910106e-05, 0.9994854378648964, -4.911209897918441e-05, -4.222779964073336e-05, 0.9999999986043269, 3.1751514956481457e-05, 0.031354780507019446, -0.9994854375205886, -4.118761485018095e-05, -0.0320758240401925, 1.895145205002085e-05, 0.0, 0.0, 0.0, 2.0]}
data modify storage ps:ani_data data[-1].frames append value {}
data modify storage ps:ani_data data[-1].frames[-1].part_1 set value {interpolation_duration:1,start_interpolation:0,transformation:[-0.032074171327764855, -3.860146594653821e-05, 0.9994854906618524, -5.527756258960591e-05, 3.624455779255988e-05, 0.9999999985517647, 3.97844495177618e-05, 0.0313567159016388, -0.9994854907501004, 3.7501962879132085e-05, -0.03207416988222085, 2.4998117413889077e-05, 0.0, 0.0, 0.0, 2.0]}
data modify storage ps:ani_data data[-1].frames append value {}
data modify storage ps:ani_data data[-1].frames[-1].part_1 set value {interpolation_duration:1,start_interpolation:0,transformation:[-0.03206736925201507, -1.4527455306155793e-05, 0.9994857095617765, -4.35003663544799e-05, 3.282286961657207e-06, 0.9999999998874451, 1.4640238947415154e-05, 0.03135447142602211, -0.9994857096619649, 3.750072861121815e-06, -0.03206736920072246, 5.948883643566854e-05, 0.0, 0.0, 0.0, 2.0]}
data modify storage ps:ani_data data[-1].frames append value {}
data modify storage ps:ani_data data[-1].frames[-1].part_1 set value {interpolation_duration:1,start_interpolation:0,transformation:[-0.032066362132111524, 1.5317060047611974e-06, 0.999485741977976, 4.914345280085199e-05, -6.249859201623136e-05, 0.9999999980407057, -3.5376277395436983e-06, 0.031353790441751614, -0.9994857400251084, -6.257989046610667e-05, -0.03206636197355463, 1.3245804629744695e-06, 0.0, 0.0, 0.0, 2.0]}
data modify storage ps:ani_data data[-1].frames[-1].is_last set value 1
data modify storage ps:ani_data data[-1].frames[-1].keep_alive set value 1
