#0
data modify storage ps:ani_data data append value {ani_tag:'coin',height:0.1,width:0.3}
data modify storage ps:ani_data data[-1].parts.part_1 set value {name:'coin',init_pos:[1.0, 0.0, 0.0, 0.0, 0.0, 1.0, 0.0, 0.03125, 0.0, 0.0, 1.0, 0.0, 0.0, 0.0, 0.0, 2.0],item_model:'coin_test'}
#1
data modify storage ps:ani_data data[-1].frames append value {}
data modify storage ps:ani_data data[-1].frames[-1].part_1 set value {interpolation_duration:1,start_interpolation:0,transformation:[0.9952427767899121, -0.08559448134580389, 0.046533858755189374, -0.0005474292637486244, 0.09694708831008547, 0.8227843329770032, -0.5600242882909491, 0.2497218907527431, 0.009647658560582167, 0.5618714498626268, 0.8271682999931558, 0.0016001339354161993, 0.0, 0.0, 0.0, 2.0]}
#2
data modify storage ps:ani_data data[-1].frames append value {}
data modify storage ps:ani_data data[-1].frames[-1].part_1 set value {interpolation_duration:1,start_interpolation:0,transformation:[0.9964166107907917, -0.04197786227404657, 0.0734288554935532, -0.00021201886311518218, 0.08454008052376802, 0.46730044278903327, -0.8800473117703432, 0.5331919492511866, 0.002629168162511047, 0.8831014410859461, 0.46917473528174813, 0.0004288236268160891, 0.0, 0.0, 0.0, 2.0]}
#3
data modify storage ps:ani_data data[-1].frames append value {}
data modify storage ps:ani_data data[-1].frames[-1].part_1 set value {interpolation_duration:1,start_interpolation:0,transformation:[0.9969771833670876, 0.006956991158264251, 0.07738278955589947, -5.4356250631329966e-05, 0.0773531665531446, 0.004431175076846117, -0.9969939078608452, 0.790036651982103, -0.007278974490288158, 0.9999659819021155, 0.0038796351513465097, 0.00010782107407987553, 0.0, 0.0, 0.0, 2.0]}
#4
data modify storage ps:ani_data data[-1].frames append value {}
data modify storage ps:ani_data data[-1].frames[-1].part_1 set value {interpolation_duration:1,start_interpolation:0,transformation:[0.9970274734543239, 0.0499382815797694, 0.058671843418689966, -1.3521986314962607e-05, 0.07508037551265308, -0.4587849124843553, -0.8853696071639245, 1.0209546413815163, -0.01729608019658241, 0.8871429265397898, -0.4611705470867055, 2.6970541708387634e-05, 0.0, 0.0, 0.0, 2.0]}
#5
data modify storage ps:ani_data data[-1].frames append value {}
data modify storage ps:ani_data data[-1].frames[-1].part_1 set value {interpolation_duration:1,start_interpolation:0,transformation:[0.9967566887414252, 0.07719319610021912, 0.022744536158429085, -3.3483569312468035e-06, 0.07629422313883627, -0.8165500434353378, -0.5722108161170929, 1.2262189097396268, -0.0255987297511113, 0.5720902350517629, -0.8197911124143443, 6.7456642569404586e-06, 0.0, 0.0, 0.0, 2.0]}
#6
data modify storage ps:ani_data data[-1].frames append value {}
data modify storage ps:ani_data data[-1].frames[-1].part_1 set value {interpolation_duration:1,start_interpolation:0,transformation:[0.9963556264815634, 0.08264385085532962, -0.021105911359922215, -8.266100887730583e-07, 0.0792243035206004, -0.9883389247205271, -0.13003722395509887, 1.4059628594495905, -0.03160657068089856, 0.1278912186120486, -0.9912844500403093, 1.6878995636898505e-06, 0.0, 0.0, 0.0, 2.0]}
#7
data modify storage ps:ani_data data[-1].frames append value {}
data modify storage ps:ani_data data[-1].frames[-1].part_1 set value {interpolation_duration:1,start_interpolation:0,transformation:[0.995948631391879, 0.06521830624827238, -0.06191038813276877, -2.032890196686186e-07, 0.0824931940897268, -0.9366775980963691, 0.34033799399022546, 1.5602740395189105, -0.03579380613343862, -0.3440663449896293, -0.9382628382750533, 4.226053736516596e-07, 0.0, 0.0, 0.0, 2.0]}
#8
data modify storage ps:ani_data data[-1].frames append value {}
data modify storage ps:ani_data data[-1].frames[-1].part_1 set value {interpolation_duration:1,start_interpolation:0,transformation:[0.9955623792418423, 0.02900529372441396, -0.08952229875445969, -4.973892309496218e-08, 0.08557258885510007, -0.6748337014868966, 0.7329916830183888, 1.6892248614378174, -0.03915202517058691, -0.7373995987749483, -0.6743211035193745, 1.0589447269261752e-07, 0.0, 0.0, 0.0, 2.0]}
#9
data modify storage ps:ani_data data[-1].frames append value {}
data modify storage ps:ani_data data[-1].frames[-1].part_1 set value {interpolation_duration:1,start_interpolation:0,transformation:[0.9951381290968092, -0.01775068141534969, -0.09687629909834887, -1.2084472438726349e-08, 0.088833704682003, -0.26296785017196883, 0.9607062416204046, 1.792882664442613, -0.04252854253525123, -0.964641292442545, -0.2601124756419876, 2.6562420353328102e-08, 0.0, 0.0, 0.0, 2.0]}
#10
data modify storage ps:ani_data data[-1].frames append value {}
data modify storage ps:ani_data data[-1].frames[-1].part_1 set value {interpolation_duration:1,start_interpolation:0,transformation:[0.9945794994220952, -0.06455829769010762, -0.08150978793157165, -2.9075267080495902e-09, 0.09320706896253675, 0.20608264628489129, 0.974085409600015, 1.8713130139880176, -0.04608754305348955, -0.9764026674992095, 0.2109828648865137, 6.671984861575618e-09, 0.0, 0.0, 0.0, 2.0]}
#11
data modify storage ps:ani_data data[-1].frames append value {}
data modify storage ps:ani_data data[-1].frames[-1].part_1 set value {interpolation_duration:1,start_interpolation:0,transformation:[0.9938165590070425, -0.10104429826196983, -0.046029304058912264, -6.899550414518393e-10, 0.09959465576925937, 0.6279518177602108, 0.7718532367709869, 1.9245807828767074, -0.049087183516723004, -0.7716648005192365, 0.6341323868515173, 1.6788483699733266e-09, 0.0, 0.0, 0.0, 2.0]}
#12
data modify storage ps:ani_data data[-1].frames append value {}
data modify storage ps:ani_data data[-1].frames[-1].part_1 set value {interpolation_duration:1,start_interpolation:0,transformation:[0.9928622077412831, -0.11923976187625565, 0.0025525725843734914, -1.6046230861101094e-10, 0.1082551938573871, 0.909967317300418, 0.400300255368367, 1.9527505058092283, -0.05005446475594534, -0.39716666606448003, 0.9163804831647284, 4.2341036780697e-10, 0.0, 0.0, 0.0, 2.0]}
#13
data modify storage ps:ani_data data[-1].frames append value {}
data modify storage ps:ani_data data[-1].frames[-1].part_1 set value {interpolation_duration:1,start_interpolation:0,transformation:[0.9918395916721271, -0.11528761414375525, 0.054433357573352284, -3.6193149264254306e-11, 0.11839059878642913, 0.9912888763108912, -0.05770641057353211, 1.95588649584757, -0.04730634746689484, 0.0636799004971812, 0.9968485239804541, 1.0709996151292978e-10, 0.0, 0.0, 0.0, 2.0]}
#14
data modify storage ps:ani_data data[-1].frames append value {}
data modify storage ps:ani_data data[-1].frames[-1].part_1 set value {interpolation_duration:1,start_interpolation:0,transformation:[0.9909685945451879, -0.0902138275245577, 0.09921043265959392, -7.767585359837008e-12, 0.12809806231789037, 0.855644439679626, -0.5014613437501844, 1.9340528828618737, -0.039650107888079454, 0.5096411072202752, 0.8594729843198999, 2.7192608054071558e-11, 0.0, 0.0, 0.0, 2.0]}
#15
data modify storage ps:ani_data data[-1].frames append value {}
data modify storage ps:ani_data data[-1].frames[-1].part_1 set value {interpolation_duration:1,start_interpolation:0,transformation:[0.9905124155413385, -0.04961997796088768, 0.12815230175702422, -1.5233890976092824e-12, 0.13473841898638506, 0.5340947187052371, -0.8346187092919871, 1.887313626411851, -0.027031705597533616, 0.8439672323250081, 0.5357131673331854, 6.937240002929934e-12, 0.0, 0.0, 0.0, 2.0]}
#16
data modify storage ps:ani_data data[-1].frames append value {}
data modify storage ps:ani_data data[-1].frames[-1].part_1 set value {interpolation_duration:1,start_interpolation:0,transformation:[0.9906980726427077, -0.002392959967249086, 0.1360573504248079, -2.440029225043046e-13, 0.13564065405930287, 0.09749846094102753, -0.9859491178963014, 1.8157325202502421, -0.010906045497262538, 0.9952327988248407, 0.09691611999500167, 1.7804884679065867e-12, 0.0, 0.0, 0.0, 2.0]}
#17
data modify storage ps:ani_data data[-1].frames append value {}
data modify storage ps:ani_data data[-1].frames[-1].part_1 set value {interpolation_duration:1,start_interpolation:0,transformation:[0.9916336723306475, 0.04126363796204624, 0.1223109646849813, -1.623549155676318e-14, 0.12895246879435887, -0.3594196525264639, -0.9242233356551846, 1.7193731940802566, 0.005824147308702287, 0.9322632812461795, -0.36173367792926525, 4.604597421233342e-13, 0.0, 0.0, 0.0, 2.0]}
#18
data modify storage ps:ani_data data[-1].frames append value {}
data modify storage ps:ani_data data[-1].frames[-1].part_1 set value {interpolation_duration:1,start_interpolation:0,transformation:[0.9932478766776554, 0.07203631858009443, 0.09093637490441493, 1.0589372436126426e-14, 0.11438906303234489, -0.7387571932150281, -0.664193459567042, 1.5982991144124838, 0.019333849433348593, 0.6701108701390246, -0.7420091805278475, 1.2025549273529075e-13, 0.0, 0.0, 0.0, 2.0]}
#19
data modify storage ps:ani_data data[-1].frames append value {}
data modify storage ps:ani_data data[-1].frames[-1].part_1 set value {interpolation_duration:1,start_interpolation:0,transformation:[0.9952723685999214, 0.0834697340820978, 0.04965597440153783, 7.442214084482992e-15, 0.09364360614423495, -0.9603390288551971, -0.26264010486930744, 1.4525735851259942, 0.025764070520895983, 0.26604840377217326, -0.9636153068110078, 3.1840790826603485e-14, 0.0, 0.0, 0.0, 2.0]}
#20
data modify storage ps:ani_data data[-1].frames append value {}
data modify storage ps:ani_data data[-1].frames[-1].part_1 set value {interpolation_duration:1,start_interpolation:0,transformation:[0.9972774094733601, 0.07328506819084475, 0.00818946484011088, 3.4316691545755098e-15, 0.07030140785289749, -0.9783993255368821, 0.19440285965714277, 1.2822597479317908, 0.022259393702541423, -0.19329784936526692, -0.9808875882703165, 8.622495753507516e-15, 0.0, 0.0, 0.0, 2.0]}
#21
data modify storage ps:ani_data data[-1].frames append value {}
data modify storage ps:ani_data data[-1].frames[-1].part_1 set value {interpolation_duration:1,start_interpolation:0,transformation:[0.9987565703447969, 0.04378815152589726, -0.02383088288426038, 1.3744731000906134e-15, 0.04922577406884782, -0.7906346147633008, 0.610306258451779, 1.087420582803549, 0.00788266201362337, -0.610720479207986, -0.7918070218907802, 2.4368636137683093e-15, 0.0, 0.0, 0.0, 2.0]}
#22
data modify storage ps:ani_data data[-1].frames append value {}
data modify storage ps:ani_data data[-1].frames[-1].part_1 set value {interpolation_duration:1,start_interpolation:0,transformation:[0.9992430570384734, 0.001306331781876016, -0.038879383452953, 5.148717588392217e-16, 0.035524518520808915, -0.437934114811034, 0.8983049146412039, 0.8681189083969227, -0.01585312411705651, -0.8990061204363134, -0.437649030472795, 7.457714089877328e-16, 0.0, 0.0, 0.0, 2.0]}
#23
data modify storage ps:ani_data data[-1].frames append value {}
data modify storage ps:ani_data data[-1].frames[-1].part_1 set value {interpolation_duration:1,start_interpolation:0,transformation:[0.9984303411411777, -0.04520187062458303, -0.03307030058450783, 1.8596797510901452e-16, 0.03332547578987626, 0.004903163276873863, 0.9994325248125852, 0.6244173824643902, -0.045014070601197685, -0.9989658401977111, 0.006401840828356727, 2.5494285702856744e-16, 0.0, 0.0, 0.0, 2.0]}
#24
data modify storage ps:ani_data data[-1].frames append value {}
data modify storage ps:ani_data data[-1].frames[-1].part_1 set value {interpolation_duration:1,start_interpolation:0,transformation:[0.9962666818175377, -0.08605282805050847, -0.006899962665307244, 6.469890293183094e-17, 0.04465562061579806, 0.44528998395386976, 0.8942721653600653, 0.35637850226792867, -0.07388216461156863, -0.8912416849401017, 0.4474703172026466, 9.249827454147993e-17, 0.0, 0.0, 0.0, 2.0]}
#25
data modify storage ps:ani_data data[-1].frames append value {}
data modify storage ps:ani_data data[-1].frames[-1].part_1 set value {interpolation_duration:1,start_interpolation:0,transformation:[0.9943879906402356, 0.07675088430256584, -0.07281363765977134, -0.0007264895930331988, -0.027293839209516352, 0.8510677675049114, 0.5243459749587205, 0.14731587678808356, 0.10221335730558595, -0.5194159767209517, 0.8483863935232226, 0.02421094415767831, 0.0, 0.0, 0.0, 2.0]}
#26
data modify storage ps:ani_data data[-1].frames append value {}
data modify storage ps:ani_data data[-1].frames[-1].part_1 set value {interpolation_duration:1,start_interpolation:0,transformation:[0.8879548203878426, 0.11475484371414761, -0.4453847356995253, -0.00038524039722573534, -0.1392869073072946, 0.9899937190681624, -0.02261843624916767, 0.07373426492320267, 0.438332515794532, 0.08212041189454723, 0.8950535422797377, 0.012573174128858647, 0.0, 0.0, 0.0, 2.0]}
#27
data modify storage ps:ani_data data[-1].frames append value {}
data modify storage ps:ani_data data[-1].frames[-1].part_1 set value {interpolation_duration:1,start_interpolation:0,transformation:[0.7547772151774906, -0.019571357393388743, -0.6556891926962741, -0.00026814662323018765, 0.04276866938629551, 0.9988963149774636, 0.019416303545465356, 0.03462484905175975, 0.6545855149389094, -0.04269793782168115, 0.7547812197835465, 0.0033090428111010903, 0.0, 0.0, 0.0, 2.0]}
#28
data modify storage ps:ani_data data[-1].frames append value {}
data modify storage ps:ani_data data[-1].frames[-1].part_1 set value {interpolation_duration:1,start_interpolation:0,transformation:[0.6435097059110239, -0.0029709538588439392, -0.7654321863048849, -0.0004128717300427937, -0.001162613153396925, 0.9999875201966633, -0.004858783961396459, 0.030188799797290587, 0.7654370690846914, 0.004016576165914862, 0.6434982209664144, 0.001046050570873662, 0.0, 0.0, 0.0, 2.0]}
#29
data modify storage ps:ani_data data[-1].frames append value {}
data modify storage ps:ani_data data[-1].frames[-1].part_1 set value {interpolation_duration:1,start_interpolation:0,transformation:[0.5547095169114119, -0.003289373677932843, -0.832037578399386, -0.00020817381034239185, -0.00010725569368744038, 0.9999918944275401, -0.004024869617247057, 0.030644423757846748, 0.8320440735586808, 0.00232187424865978, 0.5547046678691727, 0.0003755738227796081, 0.0, 0.0, 0.0, 2.0]}
#30
data modify storage ps:ani_data data[-1].frames append value {}
data modify storage ps:ani_data data[-1].frames[-1].part_1 set value {interpolation_duration:1,start_interpolation:0,transformation:[0.4924848240320272, -0.00351290137089118, -0.8703139419899585, -6.802375927934446e-05, 0.0003457205212018585, 0.999992564729903, -0.003840698143740493, 0.030760613749511646, 0.8703209629645053, 0.0015906001598461582, 0.4924823767564348, 4.55798741253769e-07, 0.0, 0.0, 0.0, 2.0]}
#31
data modify storage ps:ani_data data[-1].frames append value {}
data modify storage ps:ani_data data[-1].frames[-1].part_1 set value {interpolation_duration:1,start_interpolation:0,transformation:[0.4619805903673134, -0.0004372548228663589, -0.8868899271792906, -0.00018425259244793225, -0.0020139701370270814, 0.9999967829284622, -0.0015420950076882988, 0.03089359789518992, 0.8868877482794287, 0.002498587790223543, 0.4619782235245496, -5.1491663861086355e-05, 0.0, 0.0, 0.0, 2.0]}
#32
data modify storage ps:ani_data data[-1].frames append value {}
data modify storage ps:ani_data data[-1].frames[-1].part_1 set value {interpolation_duration:1,start_interpolation:0,transformation:[0.45903724754235015, 3.220079174698353e-05, -0.8884170216355897, -0.00017599044366059798, -0.0005423873977515492, 0.9999998231395334, -0.00024400166457246153, 0.031276370141126025, 0.8884168566526943, 0.0005938720489842038, 0.45903718382211195, -0.00011618383008498126, 0.0, 0.0, 0.0, 2.0]}
#33
data modify storage ps:ani_data data[-1].frames append value {}
data modify storage ps:ani_data data[-1].frames[-1].part_1 set value {interpolation_duration:1,start_interpolation:0,transformation:[0.45900150702936543, -3.5997865924359534e-05, -0.8884354873871961, -0.00010269719986577514, -2.0542508616185468e-05, 0.9999999984817951, -5.1131352729162626e-05, 0.03135682685234714, 0.8884354878789886, 4.1720061613712125e-05, 0.45900150559302055, -9.588364048044787e-05, 0.0, 0.0, 0.0, 2.0]}
#34
data modify storage ps:ani_data data[-1].frames append value {}
data modify storage ps:ani_data data[-1].frames[-1].part_1 set value {interpolation_duration:1,start_interpolation:0,transformation:[0.4589902048323408, -6.281627693010332e-05, -0.888441324974295, -6.751785117904745e-05, 4.187577857301492e-05, 0.9999999979192832, -4.906987483491936e-05, 0.03135819831846394, 0.8884413262080871, -1.468158029816261e-05, 0.45899020650779265, -7.675692635930277e-05, 0.0, 0.0, 0.0, 2.0]}
#35
data modify storage ps:ani_data data[-1].frames append value {}
data modify storage ps:ani_data data[-1].frames[-1].part_1 set value {interpolation_duration:1,start_interpolation:0,transformation:[0.4589639191035718, -8.500613349318864e-06, -0.8884549065027606, -6.773286769806162e-05, -3.9470883639453214e-05, 0.9999999987722841, -2.995799177844298e-05, 0.031354879207688105, 0.8884549056666514, 4.881773754857855e-05, 0.45896391820456783, -5.980261192721981e-05, 0.0, 0.0, 0.0, 2.0]}
#36
data modify storage ps:ani_data data[-1].frames append value {}
data modify storage ps:ani_data data[-1].frames[-1].part_1 set value {interpolation_duration:1,start_interpolation:0,transformation:[0.4589521577826707, -6.52886463027101e-05, -0.8884609797869703, -5.1835747806497946e-05, 4.0058739219928e-05, 0.9999999978041529, -5.279196545868926e-05, 0.031363723574075165, 0.8884609812827617, -1.1361640235514302e-05, 0.4589521593902628, -8.338956275817912e-05, 0.0, 0.0, 0.0, 2.0]}
#37
data modify storage ps:ani_data data[-1].frames append value {}
data modify storage ps:ani_data data[-1].frames[-1].part_1 set value {interpolation_duration:1,start_interpolation:0,transformation:[0.45894946808230985, -2.0174966112472246e-05, -0.8884623713697362, -1.3033748618449887e-05, -3.1233146643122704e-05, 0.9999999987579058, -3.8841714897399725e-05, 0.03136590027635618, 0.8884623710498126, 4.5575859923453865e-05, 0.4589494668821237, -1.1728512345972832e-05, 0.0, 0.0, 0.0, 2.0]}
#38
data modify storage ps:ani_data data[-1].frames append value {}
data modify storage ps:ani_data data[-1].frames[-1].part_1 set value {interpolation_duration:1,start_interpolation:0,transformation:[0.4589490122991379, 1.7923434576721588e-05, -0.88846260685996, 3.302428856377204e-05, -6.22022750196021e-05, 0.9999999979939415, -1.1958002576819988e-05, 0.03135131554358231, 0.8884626048633236, 6.075250888823795e-05, 0.45894901249333786, -2.1526556087431525e-06, 0.0, 0.0, 0.0, 2.0]}
#39
data modify storage ps:ani_data data[-1].frames append value {}
data modify storage ps:ani_data data[-1].frames[-1].part_1 set value {interpolation_duration:1,start_interpolation:0,transformation:[0.45894883211448406, -6.643872813624576e-05, -0.8884626976337532, 3.497562678521282e-05, 4.867893487166638e-05, 0.999999997583434, -4.963358370048532e-05, 0.031364072214680586, 0.888462698784317, -2.0470142521024264e-05, 0.4589488342395705, 1.5467682182458735e-05, 0.0, 0.0, 0.0, 2.0]}
#40
data modify storage ps:ani_data data[-1].frames append value {}
data modify storage ps:ani_data data[-1].frames[-1].part_1 set value {interpolation_duration:1,start_interpolation:0,transformation:[0.45894917644706595, -7.004416318195853e-05, -0.8884625194865429, 1.6055625880872372e-05, 6.851441774121333e-05, 0.9999999967091396, -4.3445307492183485e-05, 0.03135750663968014, 0.888462519605827, -4.093330411348471e-05, 0.45894917973576355, 2.2950744693306758e-05, 0.0, 0.0, 0.0, 2.0]}
#41
data modify storage ps:ani_data data[-1].frames append value {}
data modify storage ps:ani_data data[-1].frames[-1].part_1 set value {interpolation_duration:1,start_interpolation:0,transformation:[0.458949225792186, -6.573524716882804e-05, -0.8884624943258043, 2.835116848315952e-05, 4.346168829047777e-05, 0.9999999977275184, -5.1536828081477665e-05, 0.03136576072895011, 0.8884624956945759, -1.4961292638389323e-05, 0.4589492276061971, -8.524201133637072e-06, 0.0, 0.0, 0.0, 2.0]}
#42
data modify storage ps:ani_data data[-1].frames append value {}
data modify storage ps:ani_data data[-1].frames[-1].part_1 set value {interpolation_duration:1,start_interpolation:0,transformation:[0.45894911777726144, -6.722244797041207e-05, -0.888462550011319, 3.572327947351165e-05, 5.286203254778375e-05, 0.9999999974337074, -4.835484016251898e-05, 0.031362447820224675, 0.8884625509817949, -2.4773525003336725e-05, 0.45894912015297895, 2.46339085353856e-05, 0.0, 0.0, 0.0, 2.0]}
#43
data modify storage ps:ani_data data[-1].frames append value {}
data modify storage ps:ani_data data[-1].frames[-1].part_1 set value {interpolation_duration:1,start_interpolation:0,transformation:[0.4589452802486319, -6.669487875034598e-05, -0.888464532375546, 3.627541695803407e-05, 4.726084093656896e-05, 0.9999999976002666, -5.065451355896474e-05, 0.03136524318945627, 0.8884645336218645, -1.8741931021206607e-05, 0.45894528229934173, 5.943954646658934e-05, 0.0, 0.0, 0.0, 2.0]}
#44
data modify storage ps:ani_data data[-1].frames append value {}
data modify storage ps:ani_data data[-1].frames[-1].part_1 set value {interpolation_duration:1,start_interpolation:0,transformation:[0.4589527629558263, -7.044225087962655e-05, -0.8884606667788406, 2.2238349930180233e-05, 6.426286382873611e-05, 0.9999999968730251, -4.6089414287932694e-05, 0.03135923143539128, 0.8884606672472884, -3.594216281593429e-05, 0.4589527660475134, -9.798324611777886e-06, 0.0, 0.0, 0.0, 2.0]}
#45
data modify storage ps:ani_data data[-1].frames append value {}
data modify storage ps:ani_data data[-1].frames[-1].part_1 set value {interpolation_duration:1,start_interpolation:0,transformation:[0.45895279990319865, -6.156510474938759e-05, -0.8884606483523914, 1.7518383042433727e-05, 3.039078578077781e-05, 0.9999999981019808, -5.359513501863398e-05, 0.031369168988659324, 0.8884606499656661, -2.4033799607364586e-06, 0.45895280090310936, -2.713367156374617e-05, 0.0, 0.0, 0.0, 2.0]}
#46
data modify storage ps:ani_data data[-1].frames append value {}
data modify storage ps:ani_data data[-1].frames[-1].part_1 set value {interpolation_duration:1,start_interpolation:0,transformation:[0.4589533897836425, -6.865085407822411e-05, -0.888460343117893, 1.4176182584981095e-05, 6.194255870921232e-05, 0.9999999970567964, -4.527169602590599e-05, 0.03135953510372233, 0.888460343610914, -3.42559086120428e-05, 0.4589533926852588, 2.6256723393333046e-05, 0.0, 0.0, 0.0, 2.0]}
#47
data modify storage ps:ani_data data[-1].frames append value {}
data modify storage ps:ani_data data[-1].frames[-1].part_1 set value {interpolation_duration:1,start_interpolation:0,transformation:[0.45895326452189206, -6.743383565996128e-05, -0.8884604079177504, 2.9219564587905987e-05, 4.539305338902805e-05, 0.9999999975941868, -5.245089712825016e-05, 0.031365987270835956, 0.8884604093172463, -1.625742026653575e-05, 0.45895326647876394, 4.792040130011482e-05, 0.0, 0.0, 0.0, 2.0]}
#48
data modify storage ps:ani_data data[-1].frames append value {}
data modify storage ps:ani_data data[-1].frames[-1].part_1 set value {interpolation_duration:1,start_interpolation:0,transformation:[0.4589525547937454, -6.58619475940309e-05, -0.8884607746605911, 2.2393322393769234e-05, 4.394985013478037e-05, 0.9999999977118268, -5.142720167766832e-05, 0.03136539801486561, 0.8884607760147348, -1.544507230110479e-05, 0.45895255663820506, 5.718587711327787e-05, 0.0, 0.0, 0.0, 2.0]}
#49
data modify storage ps:ani_data data[-1].frames append value {}
data modify storage ps:ani_data data[-1].frames[-1].part_1 set value {interpolation_duration:1,start_interpolation:0,transformation:[0.458952417565414, -6.66734560971882e-05, -0.8884608454881463, 1.5097135931892883e-05, 4.8328116162688425e-05, 0.9999999975782479, -5.007890939980341e-05, 0.03136452136929644, 0.8884608466754486, -1.995380240867239e-05, 0.4589524196761475, 3.836035881570111e-05, 0.0, 0.0, 0.0, 2.0]}
#50
data modify storage ps:ani_data data[-1].frames append value {}
data modify storage ps:ani_data data[-1].frames[-1].part_1 set value {interpolation_duration:1,start_interpolation:0,transformation:[0.458953097988925, -3.106380691316438e-05, -0.8884604959599541, 3.9105185126234125e-05, -2.3357421608118057e-05, 0.999999998621333, -4.7029404310510046e-05, 0.03136896019289823, 0.8884604961959753, 4.233643719117662e-05, 0.45895309663061096, 6.0493359357171595e-05, 0.0, 0.0, 0.0, 2.0]}
#51
data modify storage ps:ani_data data[-1].frames append value {}
data modify storage ps:ani_data data[-1].frames[-1].part_1 set value {interpolation_duration:1,start_interpolation:0,transformation:[0.4589519837912739, -1.2468559599715494e-05, -0.8884610719770386, 5.574519420988907e-05, -3.603942486816187e-05, 0.999999998817544, -3.2650755376777066e-05, 0.031362092725219025, 0.8884610713335807, 4.700475500425851e-05, 0.4589519827992235, 5.63827555158259e-05, 0.0, 0.0, 0.0, 2.0]}
#52
data modify storage ps:ani_data data[-1].frames append value {}
data modify storage ps:ani_data data[-1].frames[-1].part_1 set value {interpolation_duration:1,start_interpolation:0,transformation:[0.45895133413910844, 1.2879391863952603e-05, -0.888461407561439, 4.76766659076764e-05, -5.7705004023546494e-05, 0.9999999982178328, -1.531231027743786e-05, 0.0313529431288954, 0.8884614057808387, 5.8296274328680735e-05, 0.45895133406438593, 4.100117618273786e-05, 0.0, 0.0, 0.0, 2.0]}
#53
data modify storage ps:ani_data data[-1].frames append value {}
data modify storage ps:ani_data data[-1].frames[-1].part_1 set value {interpolation_duration:1,start_interpolation:0,transformation:[0.4589478236452105, -1.8699485768645017e-05, -0.8884632208604099, 3.632174046125072e-06, -3.116066538200958e-05, 0.9999999988246877, -3.714346810565622e-05, 0.03136478443740971, 0.8884632205107519, 4.473201897917995e-05, 0.45894782252311517, 1.4621385964807045e-05, 0.0, 0.0, 0.0, 2.0]}
#54
data modify storage ps:ani_data data[-1].frames append value {}
data modify storage ps:ani_data data[-1].frames[-1].part_1 set value {interpolation_duration:1,start_interpolation:0,transformation:[0.4589468934651923, -1.502114119993037e-05, -0.8884637014268022, -1.5153845544695713e-05, -3.512743871577162e-05, 0.9999999987686967, -3.5052383125404295e-05, 0.031363561597314904, 0.8884637008593609, 4.729663656701366e-05, 0.4589468923724352, 2.7693360658217725e-05, 0.0, 0.0, 0.0, 2.0]}
#55
data modify storage ps:ani_data data[-1].frames append value {}
data modify storage ps:ani_data data[-1].frames[-1].part_1 set value {interpolation_duration:1,start_interpolation:0,transformation:[0.458945922164408, -8.529816309237747e-07, -0.8884642032901119, -1.931941601415904e-05, -4.590962396754981e-05, 0.9999999986417207, -2.4675182473969603e-05, 0.03135828077554907, 0.8884642021043773, 5.211363185676879e-05, 0.45894592150187113, 5.301803510361648e-06, 0.0, 0.0, 0.0, 2.0]}
#56
data modify storage ps:ani_data data[-1].frames append value {}
data modify storage ps:ani_data data[-1].frames[-1].part_1 set value {interpolation_duration:1,start_interpolation:0,transformation:[0.45894261787541846, -1.3651762519631377e-05, -0.8884659100445478, 1.751381683054938e-05, -3.590383688552791e-05, 0.9999999987804488, -3.39118958356971e-05, 0.0313628290579919, 0.8884659094239755, 4.74629493645449e-05, 0.45894261682556375, 2.9914468702368043e-05, 0.0, 0.0, 0.0, 2.0]}
#57
data modify storage ps:ani_data data[-1].frames append value {}
data modify storage ps:ani_data data[-1].frames[-1].part_1 set value {interpolation_duration:1,start_interpolation:0,transformation:[0.45894256503876696, 9.823341221393736e-06, -0.8884659373882257, -1.3910965279907337e-06, -5.396324213618537e-05, 0.9999999984025528, -1.6818526101308636e-05, 0.031354212516389104, 0.8884659358037341, 5.56632400181398e-05, 0.45894256483572976, 4.28760380439135e-05, 0.0, 0.0, 0.0, 2.0]}
#58
data modify storage ps:ani_data data[-1].frames append value {}
data modify storage ps:ani_data data[-1].frames[-1].part_1 set value {interpolation_duration:1,start_interpolation:0,transformation:[0.45894169138455637, -2.544980640911941e-05, -0.8884663883689633, -1.5379668907783045e-05, -2.5666993849510374e-05, 0.9999999987926695, -4.1903059514485166e-05, 0.03136768890481353, 0.8884663883627156, 4.203532233352844e-05, 0.45894169017724196, 4.41499583132392e-05, 0.0, 0.0, 0.0, 2.0]}
#59
data modify storage ps:ani_data data[-1].frames append value {}
data modify storage ps:ani_data data[-1].frames[-1].part_1 set value {interpolation_duration:1,start_interpolation:0,transformation:[0.45894173349056133, -1.8183559105146395e-05, -0.8884663667973238, 2.991661143242764e-05, -3.376892454162514e-05, 0.9999999987112556, -3.790973874494592e-05, 0.03136441905588625, 0.8884663663416519, 4.7400914913930444e-05, 0.4589417322850635, -2.3232224742145206e-05, 0.0, 0.0, 0.0, 2.0]}
data modify storage ps:ani_data data[-1].frames[-1].is_last set value 1
data modify storage ps:ani_data data[-1].frames[-1].keep_alive set value 1
