#0
data modify storage ps:ani_data data append value {ani_tag:'coin',height:0.1,width:0.3}
data modify storage ps:ani_data data[-1].parts.part_1 set value {name:'coin',init_pos:[1.0, 0.0, 0.0, 0.0, 0.0, 1.0, 0.0, 0.03125, 0.0, 0.0, 1.0, 0.0, 0.0, 0.0, 0.0, 2.0],item_model:'coin_test'}
#1
data modify storage ps:ani_data data[-1].frames append value {}
data modify storage ps:ani_data data[-1].frames[-1].part_1 set value {interpolation_duration:1,start_interpolation:0,transformation:[0.9945499964267334, -0.10342905606138351, -0.01314286764126279, 0.0007953158799405732, 0.06549993910198375, 0.7179001196457477, -0.6930578447649643, 0.2472211075573605, 0.08111758493212791, 0.6884198200043867, 0.7207621583018262, 0.00036629007865288186, 0.0, 0.0, 0.0, 2.0]}
#2
data modify storage ps:ani_data data[-1].frames append value {}
data modify storage ps:ani_data data[-1].frames[-1].part_1 set value {interpolation_duration:1,start_interpolation:0,transformation:[0.9561339180644388, -0.2749357850714179, 0.10108533431664589, 0.0002872870211546918, 0.13708138852412924, 0.11498695943074928, -0.983863147028675, 0.530486307423916, 0.2588756914950529, 0.9545618435952876, 0.14763151121940052, 0.00016716794666607297, 0.0, 0.0, 0.0, 2.0]}
#3
data modify storage ps:ani_data data[-1].frames append value {}
data modify storage ps:ani_data data[-1].frames[-1].part_1 set value {interpolation_duration:1,start_interpolation:0,transformation:[0.8928070304742118, -0.3391517787719704, 0.2964315726970183, 7.343562449358711e-05, 0.07531921104800718, -0.5364241016042326, -0.8405808703897544, 0.7870958692148191, 0.4440975374655043, 0.7728035029513645, -0.4533785648254388, 4.295544030512206e-05, 0.0, 0.0, 0.0, 2.0]}
#4
data modify storage ps:ani_data data[-1].frames append value {}
data modify storage ps:ani_data data[-1].frames[-1].part_1 set value {interpolation_duration:1,start_interpolation:0,transformation:[0.8305658977034883, -0.2672283877811544, 0.4886197686707763, 1.8288835586507418e-05, -0.10262525648172274, -0.9357742080812547, -0.33733468280323714, 1.0177692251120753, 0.547383180508918, 0.23003395456711376, -0.8046465270180166, 1.0602021155115648e-05, 0.0, 0.0, 0.0, 2.0]}
#5
data modify storage ps:ani_data data[-1].frames append value {}
data modify storage ps:ani_data data[-1].frames[-1].part_1 set value {interpolation_duration:1,start_interpolation:0,transformation:[0.7971110229536205, -0.09310086868545768, 0.596612307395553, 4.537504070541289e-06, -0.3216492135487652, -0.901664040966686, 0.2890393410092942, 1.2227861786875727, 0.5110340502444956, -0.4222963242530526, -0.7486721672488347, 2.595117843073441e-06, 0.0, 0.0, 0.0, 2.0]}
#6
data modify storage ps:ani_data data[-1].frames append value {}
data modify storage ps:ani_data data[-1].frames[-1].part_1 set value {interpolation_duration:1,start_interpolation:0,transformation:[0.8085154982270467, 0.10304572851146732, 0.5793826602187978, 1.123116634532535e-06, -0.480544715453899, -0.4526848380377912, 0.7511013339490417, 1.402282363155799, 0.339675529845765, -0.8856963448305744, -0.3164846270796719, 6.306218897186465e-07, 0.0, 0.0, 0.0, 2.0]}
#7
data modify storage ps:ani_data data[-1].frames append value {}
data modify storage ps:ani_data data[-1].frames[-1].part_1 set value {interpolation_duration:1,start_interpolation:0,transformation:[0.8606006538224676, 0.23197155758185872, 0.45338252184373795, 2.771851243354403e-07, -0.4988104634680835, 0.20434930339865975, 0.8422763701631657, 1.5563460574231542, 0.10273575898924829, -0.9510155407108387, 0.2915729842618725, 1.517615750073977e-07, 0.0, 0.0, 0.0, 2.0]}
#8
data modify storage ps:ani_data data[-1].frames append value {}
data modify storage ps:ani_data data[-1].frames[-1].part_1 set value {interpolation_duration:1,start_interpolation:0,transformation:[0.9295030291584992, 0.2358753391221782, 0.2835259127119975, 6.814390842772338e-08, -0.35659297589655614, 0.7710241087639578, 0.5276014340825684, 1.685049911059313, -0.09415714697468212, -0.5915104801258741, 0.800780733768518, 3.6024341879605095e-08, 0.0, 0.0, 0.0, 2.0]}
#9
data modify storage ps:ani_data data[-1].frames append value {}
data modify storage ps:ani_data data[-1].frames[-1].part_1 set value {interpolation_duration:1,start_interpolation:0,transformation:[0.9816854182887762, 0.11387494409131516, 0.1527292919756735, 1.66647235265068e-08, -0.108119353257409, 0.9930960321806765, -0.045502486945181796, 1.7884613402234248, -0.1568564470157038, 0.028156135658088558, 0.9872199790595877, 8.38207275352977e-09, 0.0, 0.0, 0.0, 2.0]}
#10
data modify storage ps:ani_data data[-1].frames append value {}
data modify storage ps:ani_data data[-1].frames[-1].part_1 set value {interpolation_duration:1,start_interpolation:0,transformation:[0.9891140748850948, -0.07854419133436273, 0.12443535217868411, 4.046116422622266e-09, 0.1392041882019377, 0.7735779027795343, -0.6182227934315073, 1.8666459344880566, -0.047702629395470736, 0.6288147885815408, 0.7760904720520088, 1.8920010584900763e-09, 0.0, 0.0, 0.0, 2.0]}
#11
data modify storage ps:ani_data data[-1].frames append value {}
data modify storage ps:ani_data data[-1].frames[-1].part_1 set value {interpolation_duration:1,start_interpolation:0,transformation:[0.9426720216822835, -0.2551855548909437, 0.21505764834675642, 9.725829225396636e-10, 0.271832949215316, 0.21333090341818348, -0.9384011793298668, 1.9196685734733772, 0.1935879832488045, 0.9430642916693339, 0.2704689159956792, 4.065513989669673e-10, 0.0, 0.0, 0.0, 2.0]}
#12
data modify storage ps:ani_data data[-1].frames append value {}
data modify storage ps:ani_data data[-1].frames[-1].part_1 set value {interpolation_duration:1,start_interpolation:0,transformation:[0.8574281133054087, -0.3378661868780336, 0.3881539260113511, 2.3048285021113138e-10, 0.22237892922858493, -0.4369426360728524, -0.8715668331326375, 1.947593793031226, 0.46407396215331453, 0.8336231597947626, -0.29951257921015534, 7.992378764482238e-11, 0.0, 0.0, 0.0, 2.0]}
#13
data modify storage ps:ani_data data[-1].frames append value {}
data modify storage ps:ani_data data[-1].frames[-1].part_1 set value {interpolation_duration:1,start_interpolation:0,transformation:[0.7669570741409222, -0.2907753048113675, 0.572037209049422, 5.349603859212918e-11, 0.003021697480251591, -0.8897960734833139, -0.45634835044953825, 1.9504859055209574, 0.6416912932006585, 0.3517281190430088, -0.6815567580949757, 1.2880707111168301e-11, 0.0, 0.0, 0.0, 2.0]}
#14
data modify storage ps:ani_data data[-1].frames append value {}
data modify storage ps:ani_data data[-1].frames[-1].part_1 set value {interpolation_duration:1,start_interpolation:0,transformation:[0.7088986519935775, -0.13549036486410931, 0.6921741559973753, 1.2028578636712277e-11, -0.2961681231365171, -0.9478452449293672, 0.11778724252897847, 1.9284090395053495, 0.6401149459585217, -0.28849913811617894, -0.712054143493836, 8.973735484963216e-13, 0.0, 0.0, 0.0, 2.0]}
#15
data modify storage ps:ani_data data[-1].frames append value {}
data modify storage ps:ani_data data[-1].frames[-1].part_1 set value {interpolation_duration:1,start_interpolation:0,transformation:[0.7080569976175279, 0.059405682514707625, 0.7036520823601772, 2.567786206842171e-12, -0.5445300368121163, -0.5885013654236796, 0.5976229429195802, 1.8814271530413518, 0.44960241006276563, -0.806310800981499, -0.3843443314091236, -5.358158209682101e-13, 0.0, 0.0, 0.0, 2.0]}
#16
data modify storage ps:ani_data data[-1].frames append value {}
data modify storage ps:ani_data data[-1].frames[-1].part_1 set value {interpolation_duration:1,start_interpolation:0,transformation:[0.7646554376125229, 0.20892409658450567, 0.6096333189680079, 4.983408924850485e-13, -0.6279785353236534, 0.029121302647388922, 0.7776856105810869, 1.8096040383176653, 0.14472394723182372, -0.9774981696138706, 0.1534676105866413, -3.8279606749344843e-13, 0.0, 0.0, 0.0, 2.0]}
#17
data modify storage ps:ani_data data[-1].frames append value {}
data modify storage ps:ani_data data[-1].frames[-1].part_1 set value {interpolation_duration:1,start_interpolation:0,transformation:[0.853226651464024, 0.24871241446329861, 0.4584172947471824, 7.761162792716724e-14, -0.5008086713865866, 0.6360718322040948, 0.5870292147248954, 1.7130033234561277, -0.14558487522916194, -0.7304483275142478, 0.6672707733268011, -1.7718892651154995e-13, 0.0, 0.0, 0.0, 2.0]}
#18
data modify storage ps:ani_data data[-1].frames append value {}
data modify storage ps:ani_data data[-1].frames[-1].part_1 set value {interpolation_duration:1,start_interpolation:0,transformation:[0.9329553377906235, 0.1624152348507537, 0.32127189291370944, 4.027086154489948e-15, -0.20870442153645796, 0.9711824754768911, 0.11509588940405341, 1.5916884733830134, -0.29332030635316736, -0.17443018894374954, 0.9399666521031113, -7.09959680702338e-14, 0.0, 0.0, 0.0, 2.0]}
#19
data modify storage ps:ani_data data[-1].frames append value {}
data modify storage ps:ani_data data[-1].frames[-1].part_1 set value {interpolation_duration:1,start_interpolation:0,transformation:[0.9651756252690935, -0.012119496538470744, 0.2613218899940609, -4.033262280071439e-15, 0.12811901341779158, 0.8928275866687551, -0.43179210146099006, 1.445722790394844, -0.22808228950811987, 0.45023551424437874, 0.8632881621601409, -2.648852991390489e-14, 0.0, 0.0, 0.0, 2.0]}
#20
data modify storage ps:ani_data data[-1].frames append value {}
data modify storage ps:ani_data data[-1].frames[-1].part_1 set value {interpolation_duration:1,start_interpolation:0,transformation:[0.9304498487920596, -0.1998805354536017, 0.3071007170776621, -2.6718831223835146e-15, 0.3651916065960771, 0.43730752709196713, -0.8218255394063172, 1.275169414623377, 0.029969473712577514, 0.8768180531304596, 0.47988741632793547, -9.451381277552776e-15, 0.0, 0.0, 0.0, 2.0]}
#21
data modify storage ps:ani_data data[-1].frames append value {}
data modify storage ps:ani_data data[-1].frames[-1].part_1 set value {interpolation_duration:1,start_interpolation:0,transformation:[0.837695776291996, -0.321136794503634, 0.44174307645788896, -1.2354584440078513e-15, 0.3961339414071176, -0.19952160056156842, -0.8962527720317589, 1.0800913244668413, 0.37595702792714464, 0.925776587587567, -0.0399252179318725, -3.2280785837109157e-15, 0.0, 0.0, 0.0, 2.0]}
#22
data modify storage ps:ani_data data[-1].frames append value {}
data modify storage ps:ani_data data[-1].frames[-1].part_1 set value {interpolation_duration:1,start_interpolation:0,transformation:[0.721192553923928, -0.32517643769991494, 0.6116711408342518, -5.26289305246322e-16, 0.20005026613461005, -0.7475973237394382, -0.6333072970976262, 0.8605513370093987, 0.6632203187359037, 0.5791014815232496, -0.47410999031176665, -1.0127273286949532e-15, 0.0, 0.0, 0.0, 2.0]}
#23
data modify storage ps:ani_data data[-1].frames append value {}
data modify storage ps:ani_data data[-1].frames[-1].part_1 set value {interpolation_duration:1,start_interpolation:0,transformation:[0.6265217941845344, -0.21112671942851194, 0.7502639200675626, -2.3935282368720097e-16, -0.1469463195082132, -0.977346376667672, -0.152318216893327, 0.6166121084360339, 0.7654261692644051, -0.014817839178736355, -0.6433530998194467, -2.450503552603153e-16, 0.0, 0.0, 0.0, 2.0]}
#24
data modify storage ps:ani_data data[-1].frames append value {}
data modify storage ps:ani_data data[-1].frames[-1].part_1 set value {interpolation_duration:1,start_interpolation:0,transformation:[0.591314293045004, -0.02748606554627637, 0.8059726565098053, -1.3111097244173345e-16, -0.5017262310817581, -0.7949830380738049, 0.3409879150636249, 0.3483361344452377, 0.631362174892653, -0.6060086512383546, -0.4838753132151808, -2.3418303397898523e-18, 0.0, 0.0, 0.0, 2.0]}
#25
data modify storage ps:ani_data data[-1].frames append value {}
data modify storage ps:ani_data data[-1].frames[-1].part_1 set value {interpolation_duration:1,start_interpolation:0,transformation:[0.5141049103941527, -0.04112155618875811, 0.8567410102972981, 0.0009657343607839941, -0.3078496251529632, -0.9411439662574481, 0.13955874415592734, 0.17217264715436384, 0.8005777597471718, -0.33549523453219776, -0.4965059900991986, -0.004968449930257617, 0.0, 0.0, 0.0, 2.0]}
#26
data modify storage ps:ani_data data[-1].frames append value {}
data modify storage ps:ani_data data[-1].frames[-1].part_1 set value {interpolation_duration:1,start_interpolation:0,transformation:[0.434533472121785, -0.22656190628003725, 0.8716939624825567, 0.00017691555199912743, -0.04263812392587825, -0.9719333321163091, -0.23136029976936348, 0.0812971085963677, 0.8996458480946083, 0.06336639917214743, -0.43199774011224723, 0.00023668806227009225, 0.0, 0.0, 0.0, 2.0]}
#27
data modify storage ps:ani_data data[-1].frames append value {}
data modify storage ps:ani_data data[-1].frames[-1].part_1 set value {interpolation_duration:1,start_interpolation:0,transformation:[0.3565646611161733, 0.02992870016057963, 0.9337911518909388, -8.834798010884504e-05, -0.03666143482358502, -0.9982687337653118, 0.04599428641990813, 0.03578678371360867, 0.933551060006781, -0.05063406060448478, -0.35485012366760815, 0.0005028931942412994, 0.0, 0.0, 0.0, 2.0]}
#28
data modify storage ps:ani_data data[-1].frames append value {}
data modify storage ps:ani_data data[-1].frames[-1].part_1 set value {interpolation_duration:1,start_interpolation:0,transformation:[0.32455358200661033, -0.014248132092021835, 0.9457599923545964, -0.0002399891352312282, -0.01377684618734889, -0.9998516792521372, -0.01033527966775238, 0.028387684025287765, 0.9457669749551463, -0.009675237907608415, -0.3247017383008945, -5.613761002319412e-05, 0.0, 0.0, 0.0, 2.0]}
#29
data modify storage ps:ani_data data[-1].frames append value {}
data modify storage ps:ani_data data[-1].frames[-1].part_1 set value {interpolation_duration:1,start_interpolation:0,transformation:[0.3241871046359628, -0.0049735464863846, 0.9459799073041134, -0.0003154422098776654, -0.004813102833724412, -0.9999819079671988, -0.003608015991127093, 0.030461857852440214, 0.9459807372398568, -0.0033834263148480384, -0.32420517762291934, -0.0001439827274408814, 0.0, 0.0, 0.0, 2.0]}
#30
data modify storage ps:ani_data data[-1].frames append value {}
data modify storage ps:ani_data data[-1].frames[-1].part_1 set value {interpolation_duration:1,start_interpolation:0,transformation:[0.32421740072758204, -0.0017384943190208823, 0.9459810012378435, -0.0003454263965956296, -0.0013239406374212644, -0.9999981658479895, -0.0013840093368286523, 0.03111989050473655, 0.945981672257258, -0.0008037027799979467, -0.3242191077268618, -0.00019504831382023103, 0.0, 0.0, 0.0, 2.0]}
#31
data modify storage ps:ani_data data[-1].frames append value {}
data modify storage ps:ani_data data[-1].frames[-1].part_1 set value {interpolation_duration:1,start_interpolation:0,transformation:[0.3239954458131698, -4.561929945668404e-05, 0.9460586393090041, -0.0003139557561946262, -5.565066625165199e-05, -0.9999999980262972, -2.9161762070892177e-05, 0.03134590999401059, 0.9460586387721048, -4.3200515487821116e-05, -0.3239954477124436, -0.00011254986271535843, 0.0, 0.0, 0.0, 2.0]}
#32
data modify storage ps:ani_data data[-1].frames append value {}
data modify storage ps:ani_data data[-1].frames[-1].part_1 set value {interpolation_duration:1,start_interpolation:0,transformation:[0.32405700775569773, 5.41858328911167e-06, 0.9460375551187504, -0.00024619674452317256, -4.5535832336860625e-05, -0.9999999987358541, 2.132556867943532e-05, 0.031355394636480516, 0.9460375540383752, -4.9989307469207394e-05, -0.3240570070993027, -7.12782708353769e-05, 0.0, 0.0, 0.0, 2.0]}
#33
data modify storage ps:ani_data data[-1].frames append value {}
data modify storage ps:ani_data data[-1].frames[-1].part_1 set value {interpolation_duration:1,start_interpolation:0,transformation:[0.324057249784383, 4.245723315207047e-05, 0.9460374712766747, -0.00014935577783188004, -1.9272882128751827e-05, -0.9999999984891422, 5.148078352568987e-05, 0.03135844743897429, 0.9460374720330783, -3.491558979937803e-05, -0.3240572484765054, -8.276835069932576e-05, 0.0, 0.0, 0.0, 2.0]}
#34
data modify storage ps:ani_data data[-1].frames append value {}
data modify storage ps:ani_data data[-1].frames[-1].part_1 set value {interpolation_duration:1,start_interpolation:0,transformation:[0.3240560604757268, -1.6110007166290808e-05, 0.9460378794791569, -0.00010282149685941839, -2.4422362226491095e-05, -0.9999999996642479, -8.663281722679158e-06, 0.03136234062377729, 0.946037879301088, -2.0297090826778724e-05, -0.32405606076036875, -7.937022370517052e-05, 0.0, 0.0, 0.0, 2.0]}
#35
data modify storage ps:ani_data data[-1].frames append value {}
data modify storage ps:ani_data data[-1].frames[-1].part_1 set value {interpolation_duration:1,start_interpolation:0,transformation:[0.32405880163296685, 1.6927340384335097e-05, 0.9460369405037365, -9.158467080064041e-05, -4.408036254087913e-05, -0.9999999984842134, 3.299233727871285e-05, 0.03136218965046657, 0.946036939628219, -5.2393108596079155e-05, -0.32405880039559964, -5.4800844865068175e-05, 0.0, 0.0, 0.0, 2.0]}
#36
data modify storage ps:ani_data data[-1].frames append value {}
data modify storage ps:ani_data data[-1].frames[-1].part_1 set value {interpolation_duration:1,start_interpolation:0,transformation:[0.32404279006987785, 4.416761002422529e-05, 0.9460424241295687, -7.711580874496256e-05, -2.818082607171609e-05, -0.99999999801586, 5.633933752218661e-05, 0.03135592107106831, 0.946042424740862, -4.491661313223797e-05, -0.32404278818225185, -9.015503507322128e-05, 0.0, 0.0, 0.0, 2.0]}
#37
data modify storage ps:ani_data data[-1].frames append value {}
data modify storage ps:ani_data data[-1].frames[-1].part_1 set value {interpolation_duration:1,start_interpolation:0,transformation:[0.3240431149601742, 1.2693074452273862e-05, 0.9460423137924608, -4.8167126080860136e-05, -5.512000148014124e-05, -0.9999999979593444, 3.2297002953410106e-05, 0.03135878197335014, 0.9460423122718629, -6.261147517741765e-05, -0.3240431135992714, -4.987737141304891e-05, 0.0, 0.0, 0.0, 2.0]}
#38
data modify storage ps:ani_data data[-1].frames append value {}
data modify storage ps:ani_data data[-1].frames[-1].part_1 set value {interpolation_duration:1,start_interpolation:0,transformation:[0.324045385558087, 3.480121287643333e-05, 0.9460415354979855, -6.28899197205148e-05, -3.086274745364514e-05, -0.9999999984023799, 4.73574806578119e-05, 0.03135997362832745, 0.9460415356346682, -4.454341406955329e-05, -0.32404538396632454, 1.54775987554174e-05, 0.0, 0.0, 0.0, 2.0]}
#39
data modify storage ps:ani_data data[-1].frames append value {}
data modify storage ps:ani_data data[-1].frames[-1].part_1 set value {interpolation_duration:1,start_interpolation:0,transformation:[0.3240447424329968, 2.2502598212254034e-05, 0.9460417561583451, -0.00012622059423038156, -3.779810463431572e-05, -0.999999998610998, 3.6732919065639735e-05, 0.03136185915205345, 0.9460417556708772, -4.766169458514229e-05, -0.32404474113234244, 3.018360746486349e-05, 0.0, 0.0, 0.0, 2.0]}
#40
data modify storage ps:ani_data data[-1].frames append value {}
data modify storage ps:ani_data data[-1].frames[-1].part_1 set value {interpolation_duration:1,start_interpolation:0,transformation:[0.3240454182041571, 2.016891459542165e-05, 0.9460415247409111, -9.030086777381224e-05, -5.3606438046771106e-05, -0.9999999977758854, 3.968095924346002e-05, 0.031358820228023214, 0.9460415234371282, -6.357234941848564e-05, -0.3240454164022594, 3.466795591657467e-05, 0.0, 0.0, 0.0, 2.0]}
#41
data modify storage ps:ani_data data[-1].frames append value {}
data modify storage ps:ani_data data[-1].frames[-1].part_1 set value {interpolation_duration:1,start_interpolation:0,transformation:[0.32404435535099296, 3.0234210447441356e-05, 0.9460418885287541, -0.00011703207934959593, -2.843356315489826e-05, -0.9999999987264097, 4.1697885188935895e-05, 0.031362924835875876, 0.9460418885845867, -4.041130611021002e-05, -0.3240443540786268, 4.980210446602723e-05, 0.0, 0.0, 0.0, 2.0]}
#42
data modify storage ps:ani_data data[-1].frames append value {}
data modify storage ps:ani_data data[-1].frames[-1].part_1 set value {interpolation_duration:1,start_interpolation:0,transformation:[0.3240432982187025, 1.9551214522747642e-05, 0.946042250904945, -5.998932167012805e-05, -3.789841357633579e-05, -0.9999999987157784, 3.36474839255041e-05, 0.031358639403661646, 0.9460422503478664, -4.675674215346437e-05, -0.32404329706159907, 5.9873454538658374e-05, 0.0, 0.0, 0.0, 2.0]}
#43
data modify storage ps:ani_data data[-1].frames append value {}
data modify storage ps:ani_data data[-1].frames[-1].part_1 set value {interpolation_duration:1,start_interpolation:0,transformation:[0.3240487229289691, 2.4596856083063383e-05, 0.9460403926699423, -3.90122622649145e-05, -3.671701449494695e-05, -0.9999999985818558, 3.857653223668007e-05, 0.03136175035969479, 0.9460403922771822, -4.7236454816791975e-05, -0.32404872156629816, 4.5497864888797294e-05, 0.0, 0.0, 0.0, 2.0]}
#44
data modify storage ps:ani_data data[-1].frames append value {}
data modify storage ps:ani_data data[-1].frames[-1].part_1 set value {interpolation_duration:1,start_interpolation:0,transformation:[0.324049559154801, 1.8831868257051658e-05, 0.9460401063680861, 6.059387732356407e-07, -4.596876840808063e-05, -0.9999999983079108, 3.565179439611539e-05, 0.031359229066484376, 0.9460401054386914, -5.5041246811529334e-05, -0.32404955774080263, 5.4670473798902486e-05, 0.0, 0.0, 0.0, 2.0]}
#45
data modify storage ps:ani_data data[-1].frames append value {}
data modify storage ps:ani_data data[-1].frames[-1].part_1 set value {interpolation_duration:1,start_interpolation:0,transformation:[0.32404570716765485, 3.116803843816018e-05, 0.9460414254644284, 2.394927966094155e-06, -2.673724282081021e-05, -0.9999999987561864, 4.210399892100011e-05, 0.031359235730393904, 0.9460414256000284, -3.8938159416129507e-05, -0.32404570593125503, 3.280820758806375e-05, 0.0, 0.0, 0.0, 2.0]}
#46
data modify storage ps:ani_data data[-1].frames append value {}
data modify storage ps:ani_data data[-1].frames[-1].part_1 set value {interpolation_duration:1,start_interpolation:0,transformation:[0.3240465460872632, 3.314582415413053e-05, 0.9460411380433035, -2.0887180956479634e-05, -3.111126580999653e-05, -0.9999999984721257, 4.5692856891009045e-05, 0.03136131784836045, 0.9460411381123995, -4.423914976924794e-05, -0.3240465445609523, 8.349651389577313e-05, 0.0, 0.0, 0.0, 2.0]}
#47
data modify storage ps:ani_data data[-1].frames append value {}
data modify storage ps:ani_data data[-1].frames[-1].part_1 set value {interpolation_duration:1,start_interpolation:0,transformation:[0.32404765779418493, 1.7624950733968734e-05, 0.9460407576671651, 1.9350871401891003e-05, -3.651622812162345e-05, -0.9999999988484904, 3.113813931294442e-05, 0.03135757355052063, 0.9460407571265983, -4.4636081231756365e-05, -0.32404765677744435, 5.3259617639078e-06, 0.0, 0.0, 0.0, 2.0]}
#48
data modify storage ps:ani_data data[-1].frames append value {}
data modify storage ps:ani_data data[-1].frames[-1].part_1 set value {interpolation_duration:1,start_interpolation:0,transformation:[0.32404762422446365, 3.418563580633935e-05, 0.9460407687123334, 3.610057221104365e-05, -3.104128264973685e-05, -0.9999999984245938, 4.676805811258221e-05, 0.03135983795867208, 0.9460407688207308, -4.45213970207478e-05, -0.32404762265279097, -1.488799670191018e-05, 0.0, 0.0, 0.0, 2.0]}
#49
data modify storage ps:ani_data data[-1].frames append value {}
data modify storage ps:ani_data data[-1].frames[-1].part_1 set value {interpolation_duration:1,start_interpolation:0,transformation:[0.32404869756217286, 2.3576402110979892e-05, 0.9460404013848523, -5.059726186982752e-07, -3.943623485116758e-05, -0.9999999984839867, 3.8429291774744144e-05, 0.03136435935353365, 0.9460404008566669, -4.9761233395548466e-05, -0.324048696141146, -4.4973229563985095e-05, 0.0, 0.0, 0.0, 2.0]}
#50
data modify storage ps:ani_data data[-1].frames append value {}
data modify storage ps:ani_data data[-1].frames[-1].part_1 set value {interpolation_duration:1,start_interpolation:0,transformation:[0.3240586286459375, 2.7377544270618147e-05, 0.9460369995145984, -3.084979488919039e-05, -3.14541700007724e-05, -0.9999999987167323, 3.97136047008827e-05, 0.0313554129540624, 0.9460369993878408, -4.262634488770773e-05, -0.3240586273689456, 8.423260672003228e-06, 0.0, 0.0, 0.0, 2.0]}
#51
data modify storage ps:ani_data data[-1].frames append value {}
data modify storage ps:ani_data data[-1].frames[-1].part_1 set value {interpolation_duration:1,start_interpolation:0,transformation:[0.3240596682766642, 1.0677337591672978e-05, 0.9460366437313156, -4.4508148140064995e-05, -5.793487532144114e-05, -0.9999999978371847, 3.1131663072514725e-05, 0.0313556602764622, 0.946036642017617, -6.489703141226842e-05, -0.32405966695719274, 6.425888969606736e-06, 0.0, 0.0, 0.0, 2.0]}
#52
data modify storage ps:ani_data data[-1].frames append value {}
data modify storage ps:ani_data data[-1].frames[-1].part_1 set value {interpolation_duration:1,start_interpolation:0,transformation:[0.32402149088894794, 3.254366871897278e-05, 0.9460497198260844, -2.3776612196559936e-05, -3.572891409854784e-05, -0.9999999982742326, 4.663666586675325e-05, 0.031363898714147416, 0.9460497197111511, -4.891261117685651e-05, -0.3240214891670124, 1.4866317143498084e-05, 0.0, 0.0, 0.0, 2.0]}
#53
data modify storage ps:ani_data data[-1].frames append value {}
data modify storage ps:ani_data data[-1].frames[-1].part_1 set value {interpolation_duration:1,start_interpolation:0,transformation:[0.3240267600434841, 1.9696291106083804e-05, 0.9460479154819688, 3.472777882620875e-05, -4.339607022264066e-05, -0.9999999984217541, 3.568294856467382e-05, 0.03136588317473974, 0.9460479146916945, -5.2616991986447886e-05, -0.32402675867734854, 3.73382943985943e-09, 0.0, 0.0, 0.0, 2.0]}
#54
data modify storage ps:ani_data data[-1].frames append value {}
data modify storage ps:ani_data data[-1].frames[-1].part_1 set value {interpolation_duration:1,start_interpolation:0,transformation:[0.32401471391251463, 2.4986831496922156e-05, 0.9460520411393072, 6.260659838900628e-05, -3.9261180646991244e-05, -0.9999999984349375, 3.985830592110745e-05, 0.031363516106430456, 0.9460520406546091, -5.005779767869027e-05, -0.32401471242439894, 2.6048776501101105e-05, 0.0, 0.0, 0.0, 2.0]}
#55
data modify storage ps:ani_data data[-1].frames append value {}
data modify storage ps:ani_data data[-1].frames[-1].part_1 set value {interpolation_duration:1,start_interpolation:0,transformation:[0.3240166587910153, 2.6077132874830145e-05, 0.9460513750034348, 6.9749955635162744e-06, -3.8437267250744285e-05, -0.9999999984318744, 4.0728705395562166e-05, 0.03136401203548249, 0.9460513745819953, -4.956040857309479e-05, -0.3240166572805828, 6.84387607079493e-05, 0.0, 0.0, 0.0, 2.0]}
#56
data modify storage ps:ani_data data[-1].frames append value {}
data modify storage ps:ani_data data[-1].frames[-1].part_1 set value {interpolation_duration:1,start_interpolation:0,transformation:[0.32401653119382473, 2.3832381129415e-05, 0.9460514187638739, -2.286006826681287e-05, -4.082630462623697e-05, -0.9999999983992987, 3.917416956696327e-05, 0.03135907905303212, 0.9460514181831418, -5.1316861950023734e-05, -0.324016529702183, 4.0852220411555646e-05, 0.0, 0.0, 0.0, 2.0]}
#57
data modify storage ps:ani_data data[-1].frames append value {}
data modify storage ps:ani_data data[-1].frames[-1].part_1 set value {interpolation_duration:1,start_interpolation:0,transformation:[0.32401875717714723, 2.4002183680607384e-05, 0.946050656371672, -3.8410552226896664e-05, -4.001996399429097e-05, -0.9999999984356712, 3.907761427971606e-05, 0.031360719067734966, 0.9460506558296861, -5.052279321713122e-05, -0.3240187557097088, 2.616496791404036e-05, 0.0, 0.0, 0.0, 2.0]}
#58
data modify storage ps:ani_data data[-1].frames append value {}
data modify storage ps:ani_data data[-1].frames[-1].part_1 set value {interpolation_duration:1,start_interpolation:0,transformation:[0.3240174384032556, 3.4325528183104292e-06, 0.9460511083439466, -4.658951229813388e-06, -3.862688534046838e-05, -0.9999999991118891, 1.6857796704761735e-05, 0.031356708454805676, 0.9460511075616137, -4.2005227793624406e-05, -0.32401743798290333, 3.970903094552504e-06, 0.0, 0.0, 0.0, 2.0]}
#59
data modify storage ps:ani_data data[-1].frames append value {}
data modify storage ps:ani_data data[-1].frames[-1].part_1 set value {interpolation_duration:1,start_interpolation:0,transformation:[0.32401711023279944, 2.9497931638348975e-05, 0.9460512202868603, -8.126283858905927e-06, -3.4094833673454464e-05, -0.9999999985003951, 4.285734239903027e-05, 0.03136575168286143, 0.9460512201323605, -4.614197123864056e-05, -0.32401710874117473, -4.09010050752769e-05, 0.0, 0.0, 0.0, 2.0]}
data modify storage ps:ani_data data[-1].frames[-1].is_last set value 1
data modify storage ps:ani_data data[-1].frames[-1].keep_alive set value 1
