data modify storage ps:ani_data data append value {ani_tag:'coin',height:0.1,width:0.3}
data modify storage ps:ani_data data[-1].parts.part_1 set value {name:'coin',init_pos:[1.0, 0.0, 0.0, 0.0, 0.0, 1.0, 0.0, 0.03125, 0.0, 0.0, 1.0, 0.0, 0.0, 0.0, 0.0, 2.0],item_model:'cointosser:test_coin'}
data modify storage ps:ani_data data[-1].frames append value {}
data modify storage ps:ani_data data[-1].frames[-1].part_1 set value {interpolation_duration:1,start_interpolation:0,transformation:[0.6910646260056631, -0.7217432155475545, 0.0389411542552184, 0.001351452028444025, 0.7210217217845324, 0.6846004690029164, -0.10700408663156145, 0.2471863056010664, 0.05057034109555484, 0.10202415719849225, 0.9934957030352051, 0.00023224787449101125, 0.0, 0.0, 0.0, 2.0]}
data modify storage ps:ani_data data[-1].frames append value {}
data modify storage ps:ani_data data[-1].frames[-1].part_1 set value {interpolation_duration:1,start_interpolation:0,transformation:[0.05319166102661485, -0.9820507056084331, 0.18096148433080503, 0.0004626234808281206, 0.9787102505642825, 0.015295275034920173, -0.2046760855644967, 0.5302493034660942, 0.19823443857621895, 0.1879959206354878, 0.9619566732378263, 0.00012779302896728724, 0.0, 0.0, 0.0, 2.0]}
data modify storage ps:ani_data data[-1].frames append value {}
data modify storage ps:ani_data data[-1].frames[-1].part_1 set value {interpolation_duration:1,start_interpolation:0,transformation:[-0.5865079150514547, -0.733313984411233, 0.3438881589251324, 0.00011760090448131528, 0.7314256231431697, -0.661906331311012, -0.1640017267592708, 0.7866515218302802, 0.34788650935559595, 0.15534030010695407, 0.9245779403441663, 3.317175940189639e-05, 0.0, 0.0, 0.0, 2.0]}
data modify storage ps:ani_data data[-1].frames append value {}
data modify storage ps:ani_data data[-1].frames[-1].part_1 set value {interpolation_duration:1,start_interpolation:0,transformation:[-0.8961549997660131, -0.10373104158810263, 0.4314465058444954, 2.9186802189403017e-05, 0.1115878537851822, -0.993728922519264, -0.007139988537783271, 1.0171162109329788, 0.4294815098255029, 0.041745653183896794, 0.9021102666294492, 8.218723092949234e-06, 0.0, 0.0, 0.0, 2.0]}
data modify storage ps:ani_data data[-1].frames append value {}
data modify storage ps:ani_data data[-1].frames[-1].part_1 set value {interpolation_duration:1,start_interpolation:0,transformation:[-0.7168465357004948, 0.5800462097516581, 0.3868816857993336, 7.210375443935499e-06, -0.5565113657837415, -0.810279594315427, 0.18369017063942641, 1.2219244245214933, 0.4200311226655871, -0.0836263928957979, 0.9036484285403943, 2.0205510870156768e-06, 0.0, 0.0, 0.0, 2.0]}
data modify storage ps:ani_data data[-1].frames append value {}
data modify storage ps:ani_data data[-1].frames[-1].part_1 set value {interpolation_duration:1,start_interpolation:0,transformation:[-0.14400362094419816, 0.9643109806186646, 0.2221875104798387, 1.7745465180562223e-06, -0.9273992075002596, -0.2098431271030348, 0.3096717163957816, 1.4012122045445463, 0.34524435850980895, -0.16146267267046077, 0.9245194093426388, 4.939094833646706e-07, 0.0, 0.0, 0.0, 2.0]}
data modify storage ps:ani_data data[-1].frames append value {}
data modify storage ps:ani_data data[-1].frames[-1].part_1 set value {interpolation_duration:1,start_interpolation:0,transformation:[0.5241817157361977, 0.8515312453882607, 0.011316669800493171, 4.346016695037498e-07, -0.8124192794797513, 0.49603236512340154, 0.3064748065986599, 1.5550679629216908, 0.255359439256624, -0.16984237067823185, 0.9518114970438949, 1.1984007925624784e-07, 0.0, 0.0, 0.0, 2.0]}
data modify storage ps:ani_data data[-1].frames append value {}
data modify storage ps:ani_data data[-1].frames[-1].part_1 set value {interpolation_duration:1,start_interpolation:0,transformation:[0.942155498131509, 0.30050024609907605, -0.14846757031406696, 1.0573081214694301e-07, -0.2737207564289897, 0.9454542756045655, 0.1766158550102099, 1.6835643918898284, 0.19344240703762297, -0.1257609432035261, 0.9730180986621215, 2.8779813334116855e-08, 0.0, 0.0, 0.0, 2.0]}
data modify storage ps:ani_data data[-1].frames append value {}
data modify storage ps:ani_data data[-1].frames[-1].part_1 set value {interpolation_duration:1,start_interpolation:0,transformation:[0.89439299231768, -0.4064890859771268, -0.18662207338497253, 2.548628467729805e-08, 0.41148880811846744, 0.9113233001323566, -0.012915240187995279, 1.7867689206731365, 0.17532294797392928, -0.06524159422753686, 0.9823468828760951, 6.811161267535556e-09, 0.0, 0.0, 0.0, 2.0]}
data modify storage ps:ani_data data[-1].frames append value {}
data modify storage ps:ani_data data[-1].frames[-1].part_1 set value {interpolation_duration:1,start_interpolation:0,transformation:[0.4036243228080041, -0.909987089978098, -0.09492577158481767, 6.064016422994854e-09, 0.8949633937030681, 0.4142417991236972, -0.16566307914031395, 1.864747142211507, 0.1900734857082056, -0.018089442555132666, 0.9816031999228491, 1.5777635814585706e-09, 0.0, 0.0, 0.0, 2.0]}
data modify storage ps:ani_data data[-1].frames append value {}
data modify storage ps:ani_data data[-1].frames[-1].part_1 set value {interpolation_duration:1,start_interpolation:0,transformation:[-0.2836916585772009, -0.9564189687550662, 0.06915055357126502, 1.415865777224281e-09, 0.934247484715174, -0.291925709980557, -0.20484388483847385, 1.917563936317032, 0.21610340153983476, 0.006491229301392453, 0.9763489047390125, 3.5365550337980633e-10, 0.0, 0.0, 0.0, 2.0]}
data modify storage ps:ani_data data[-1].frames append value {}
data modify storage ps:ani_data data[-1].frames[-1].part_1 set value {interpolation_duration:1,start_interpolation:0,transformation:[-0.8245849476465115, -0.5243934840716868, 0.2122996419637977, 3.213132435719155e-10, 0.5126636759547267, -0.8513095379731441, -0.11157072157397988, 1.9452838379952926, 0.239239669518636, 0.016838777245069204, 0.9708145219914585, 7.509510893782765e-11, 0.0, 0.0, 0.0, 2.0]}
data modify storage ps:ani_data data[-1].frames append value {}
data modify storage ps:ani_data data[-1].frames[-1].part_1 set value {interpolation_duration:1,start_interpolation:0,transformation:[-0.952861763224741, 0.1679694191228972, 0.25266724050369793, 6.966849787815874e-11, -0.15604720363956492, -0.9854978874541773, 0.06665721311025262, 1.9479711584215225, 0.2601994051117512, 0.02408709328395517, 0.9652544128449351, 1.4420918312373303e-11, 0.0, 0.0, 0.0, 2.0]}
data modify storage ps:ani_data data[-1].frames append value {}
data modify storage ps:ani_data data[-1].frames[-1].part_1 set value {interpolation_duration:1,start_interpolation:0,transformation:[-0.6106064787302898, 0.775502902741996, 0.16048356916311857, 1.3934098408946905e-11, -0.7377693416403531, -0.6306982655763733, 0.24065763302773885, 1.92569002486599, 0.2878474017047145, 0.028547252717065878, 0.9572507130810364, 2.1817415700077865e-12, 0.0, 0.0, 0.0, 2.0]}
data modify storage ps:ani_data data[-1].frames append value {}
data modify storage ps:ani_data data[-1].frames[-1].part_1 set value {interpolation_duration:1,start_interpolation:0,transformation:[0.026543149855797605, 0.9992546011773908, -0.028030398169600186, 2.344689026081498e-12, -0.9453092455784095, 0.0342093885332615, 0.3243765527287055, 1.8785043940599366, 0.32509366560994535, 0.017887419098182113, 0.9455126381060672, 7.970344777438485e-14, 0.0, 0.0, 0.0, 2.0]}
data modify storage ps:ani_data data[-1].frames append value {}
data modify storage ps:ani_data data[-1].frames[-1].part_1 set value {interpolation_duration:1,start_interpolation:0,transformation:[0.640115853814536, 0.7331436897379865, -0.22967808753265612, 2.1360501178532467e-13, -0.6790536458457228, 0.6797343005341823, 0.27721368425988235, 1.8064780568577863, 0.35935753750119004, -0.021485131479164622, 0.9329525975988295, -1.3250169732100568e-13, 0.0, 0.0, 0.0, 2.0]}
data modify storage ps:ani_data data[-1].frames append value {}
data modify storage ps:ani_data data[-1].frames[-1].part_1 set value {interpolation_duration:1,start_interpolation:0,transformation:[0.9277055508540244, 0.11246089790388916, -0.3559704444996548, -6.854210984714453e-14, -0.07271469715877976, 0.9897173740592081, 0.12317504740186666, 1.7096746400465967, 0.3661625100030555, -0.08838589213215069, 0.9263438618246819, -8.302247788979208e-14, 0.0, 0.0, 0.0, 2.0]}
data modify storage ps:ani_data data[-1].frames append value {}
data modify storage ps:ani_data data[-1].frames[-1].part_1 set value {interpolation_duration:1,start_interpolation:0,transformation:[0.7502669774134734, -0.5568370515728833, -0.35641543260424113, -5.706458509089296e-14, 0.5757078263399394, 0.8153095295715707, -0.06189401974929586, 1.5881576072199972, 0.3250537821558034, -0.15875411486132282, 0.9322752649946286, -3.7090089049840244e-14, 0.0, 0.0, 0.0, 2.0]}
data modify storage ps:ani_data data[-1].frames append value {}
data modify storage ps:ani_data data[-1].frames[-1].part_1 set value {interpolation_duration:1,start_interpolation:0,transformation:[0.1963171950239962, -0.9501421317003994, -0.24225913503051036, -2.7339511897511e-14, 0.9512612670659011, 0.24447595203860917, -0.18797210073569964, 1.4419902593448561, 0.23782674516985383, -0.1935495761882119, 0.951828241249059, -1.4620064198872525e-14, 0.0, 0.0, 0.0, 2.0]}
data modify storage ps:ani_data data[-1].frames append value {}
data modify storage ps:ani_data data[-1].frames[-1].part_1 set value {interpolation_duration:1,start_interpolation:0,transformation:[-0.4656399519572107, -0.8813743928854687, -0.07974092241162951, -1.110606686098319e-14, 0.8744523241337762, -0.444378814994339, -0.19457800903818528, 1.2712357352265462, 0.13606089797705836, -0.1603329297118909, 0.9776404163554605, -5.406987838588115e-15, 0.0, 0.0, 0.0, 2.0]}
data modify storage ps:ani_data data[-1].frames append value {}
data modify storage ps:ani_data data[-1].frames[-1].part_1 set value {interpolation_duration:1,start_interpolation:0,transformation:[-0.9200992963452446, -0.3893229471600498, 0.042952621335594854, -4.161789211629773e-15, 0.3853090853034368, -0.9193687355753957, -0.07936017155429542, 1.0759570119402633, 0.07038603304360003, -0.056469202766742166, 0.9959201953426157, -1.9271602943074325e-15, 0.0, 0.0, 0.0, 2.0]}
data modify storage ps:ani_data data[-1].frames append value {}
data modify storage ps:ani_data data[-1].frames[-1].part_1 set value {interpolation_duration:1,start_interpolation:0,transformation:[-0.9564300411256413, 0.28607227415008335, 0.058345783009597925, -1.4854614350609521e-15, -0.27937216927645425, -0.9547783277957509, 0.1017326683289003, 0.8562169052505102, 0.0848101849200423, 0.08099999218610668, 0.9930993071187184, -6.706071831336787e-16, 0.0, 0.0, 0.0, 2.0]}
data modify storage ps:ani_data data[-1].frames append value {}
data modify storage ps:ani_data data[-1].frames[-1].part_1 set value {interpolation_duration:1,start_interpolation:0,transformation:[-0.5665059889640024, 0.8226151205710073, -0.048737335543343745, -5.201072400781956e-16, -0.8019962502365298, -0.5367811132208447, 0.2620458950182904, 0.6120780700259885, 0.18940163429723453, 0.18753772926357495, 0.9638239574881913, -2.26521377131569e-16, 0.0, 0.0, 0.0, 2.0]}
data modify storage ps:ani_data data[-1].frames append value {}
data modify storage ps:ani_data data[-1].frames[-1].part_1 set value {interpolation_duration:1,start_interpolation:0,transformation:[0.056486883713962245, 0.9702819657618813, -0.23529160394188442, -1.9498798722892763e-16, -0.9359739097583891, 0.13349079111999135, 0.3257806761269821, 0.3436030006522747, 0.3475083771938168, 0.20182446730616707, 0.9156990838570831, -6.880424900465116e-17, 0.0, 0.0, 0.0, 2.0]}
data modify storage ps:ani_data data[-1].frames append value {}
data modify storage ps:ani_data data[-1].frames[-1].part_1 set value {interpolation_duration:1,start_interpolation:0,transformation:[0.7795407582676518, 0.5849893168023054, -0.2238385700156836, 0.003933851806344304, -0.52412951487268, 0.8049048476418985, 0.27823809566970015, 0.20012179620499812, 0.34293506358904663, -0.09957753496519085, 0.9340663020853673, -0.0002648070841787097, 0.0, 0.0, 0.0, 2.0]}
data modify storage ps:ani_data data[-1].frames append value {}
data modify storage ps:ani_data data[-1].frames[-1].part_1 set value {interpolation_duration:1,start_interpolation:0,transformation:[0.881937276709793, -0.38467505999977053, -0.2724183146631053, 0.0013208740977428731, 0.3691467101763102, 0.9230382969894461, -0.1083097809841307, 0.1213875380153627, 0.29311660873400025, -0.005039891367481869, 0.9560634148315073, -3.1659693672471687e-05, 0.0, 0.0, 0.0, 2.0]}
data modify storage ps:ani_data data[-1].frames append value {}
data modify storage ps:ani_data data[-1].frames[-1].part_1 set value {interpolation_duration:1,start_interpolation:0,transformation:[0.9038860361245129, -0.25818766627167894, -0.34107061246067505, 0.00021375057667533435, 0.21451282766199908, 0.9633950597390171, -0.16079243029107235, 0.11573992521902426, 0.37010036539777874, 0.07217401094327515, 0.9261839081288288, 0.0012535261861084668, 0.0, 0.0, 0.0, 2.0]}
data modify storage ps:ani_data data[-1].frames append value {}
data modify storage ps:ani_data data[-1].frames[-1].part_1 set value {interpolation_duration:1,start_interpolation:0,transformation:[0.9026508308635661, 0.008378672965053404, -0.43029208147566217, 3.595603292258008e-05, -0.006543869539800157, 0.9999620923555935, 0.005743833499465511, 0.09831064575913427, 0.4303238958189044, -0.002368900835448735, 0.9026714424396466, 0.00036156036147503906, 0.0, 0.0, 0.0, 2.0]}
data modify storage ps:ani_data data[-1].frames append value {}
data modify storage ps:ani_data data[-1].frames[-1].part_1 set value {interpolation_duration:1,start_interpolation:0,transformation:[0.8617213336206331, 0.16544403075006228, -0.4796505143041644, -0.00022851389493202626, -0.15842174606327547, 0.9858150285640795, 0.055419128750516716, 0.06301555576790972, 0.48201544950067754, 0.028231226441224982, 0.8757077733446724, 6.605863413602637e-05, 0.0, 0.0, 0.0, 2.0]}
data modify storage ps:ani_data data[-1].frames append value {}
data modify storage ps:ani_data data[-1].frames[-1].part_1 set value {interpolation_duration:1,start_interpolation:0,transformation:[0.8679237489978477, -0.03404481809715598, -0.49552932939055416, -0.0001914352576865252, 0.024519338678920758, 0.9993685778855772, -0.025714734408643056, 0.027549998088687286, 0.49609189466899084, 0.010168377239767957, 0.8682104791742843, -0.0002861496965777549, 0.0, 0.0, 0.0, 2.0]}
data modify storage ps:ani_data data[-1].frames append value {}
data modify storage ps:ani_data data[-1].frames[-1].part_1 set value {interpolation_duration:1,start_interpolation:0,transformation:[0.8697339873483654, -0.012000015409411705, -0.4933748989169262, -0.0003678929479799543, 0.012220145033236705, 0.9999214711641113, -0.002778409682875842, 0.029235154976096012, 0.49336949571946576, -0.0036126354885484247, 0.8698123300795101, -7.728053923705528e-05, 0.0, 0.0, 0.0, 2.0]}
data modify storage ps:ani_data data[-1].frames append value {}
data modify storage ps:ani_data data[-1].frames[-1].part_1 set value {interpolation_duration:1,start_interpolation:0,transformation:[0.8697779407473457, -0.003740483058460779, -0.4934291667258796, -0.0005232152199629493, 0.003930884138295694, 0.9999920618332199, -0.0006514755844130541, 0.03062906528836273, 0.4934276866362466, -0.0013729737925972623, 0.8697857397105145, -2.7192237738141886e-05, 0.0, 0.0, 0.0, 2.0]}
data modify storage ps:ani_data data[-1].frames append value {}
data modify storage ps:ani_data data[-1].frames[-1].part_1 set value {interpolation_duration:1,start_interpolation:0,transformation:[0.8697913101965015, -0.0008078375518074257, -0.4934191160718677, -0.000437751819669155, 0.0010026865723292817, 0.9999994888210609, 0.0001302967933562546, 0.03116601605335492, 0.49341875858776496, -0.0006080757408235846, 0.869791675585368, 1.86656327650224e-05, 0.0, 0.0, 0.0, 2.0]}
data modify storage ps:ani_data data[-1].frames append value {}
data modify storage ps:ani_data data[-1].frames[-1].part_1 set value {interpolation_duration:1,start_interpolation:0,transformation:[0.8697892977683944, -5.217870249517448e-05, -0.4934233220723829, -0.0003546897619651538, 9.234169877477379e-05, 0.9999999941103885, 5.702835250268333e-05, 0.03134103549601529, 0.4934233161906458, -9.516619845145356e-05, 0.8697892974639432, 1.316838081370959e-05, 0.0, 0.0, 0.0, 2.0]}
data modify storage ps:ani_data data[-1].frames append value {}
data modify storage ps:ani_data data[-1].frames[-1].part_1 set value {interpolation_duration:1,start_interpolation:0,transformation:[0.8697791477177333, -3.4946298388215714e-05, -0.4934412153176599, -0.0003128237332811593, 4.588192898122601e-05, 0.9999999988968873, 1.0053571897265842e-05, 0.03134504415261772, 0.49344121442200345, -3.138442199393756e-05, 0.8697791483616725, 1.1638365273741261e-05, 0.0, 0.0, 0.0, 2.0]}
data modify storage ps:ani_data data[-1].frames append value {}
data modify storage ps:ani_data data[-1].frames[-1].part_1 set value {interpolation_duration:1,start_interpolation:0,transformation:[0.8697804155244265, -6.344728427635698e-05, -0.4934389777313885, -0.0002461200944592646, 6.213095043105775e-05, 0.9999999978881515, -1.9064161292571847e-05, 0.0313532106876955, 0.4934389778988894, -1.407619853550288e-05, 0.8697804176296222, -2.732888967106128e-05, 0.0, 0.0, 0.0, 2.0]}
data modify storage ps:ani_data data[-1].frames append value {}
data modify storage ps:ani_data data[-1].frames[-1].part_1 set value {interpolation_duration:1,start_interpolation:0,transformation:[0.8697842238328521, -4.8384873468152844e-05, -0.4934322665071535, -0.0001691595840123019, 5.658754793627019e-05, 0.999999998397496, 1.6903699379884411e-06, 0.03134935744179157, 0.493432265634638, -2.939237913877966e-05, 0.8697842251770007, -2.0336674582820142e-05, 0.0, 0.0, 0.0, 2.0]}
data modify storage ps:ani_data data[-1].frames append value {}
data modify storage ps:ani_data data[-1].frames[-1].part_1 set value {interpolation_duration:1,start_interpolation:0,transformation:[0.8697849394587799, -4.036426695945866e-05, -0.49343100577630167, -0.00014489132922579194, 4.8765099197628056e-05, 0.9999999988023447, 4.156370228432521e-06, 0.03134906142824425, 0.49343100501757264, -2.7677360171372198e-05, 0.8697849403854451, 1.5619025676299615e-05, 0.0, 0.0, 0.0, 2.0]}
data modify storage ps:ani_data data[-1].frames append value {}
data modify storage ps:ani_data data[-1].frames[-1].part_1 set value {interpolation_duration:1,start_interpolation:0,transformation:[0.8697819485766586, -8.230406524668884e-06, -0.49343627943479246, -0.00013002984703838175, 2.723030467576495e-05, 0.9999999991388098, 3.131918261329272e-05, 0.03136171122441128, 0.4934362787520803, -4.0677279908303245e-05, 0.8697819480517273, -6.224858527848347e-05, 0.0, 0.0, 0.0, 2.0]}
data modify storage ps:ani_data data[-1].frames append value {}
data modify storage ps:ani_data data[-1].frames[-1].part_1 set value {interpolation_duration:1,start_interpolation:0,transformation:[0.869781566461236, -4.084529782153172e-05, -0.49343695136856114, -8.972927283413462e-05, 5.084607550692994e-05, 0.9999999986838821, 6.849267015118507e-06, 0.031351739480269356, 0.4934369504393795, -3.104669868071622e-05, 0.869781567393324, 1.074320037607916e-05, 0.0, 0.0, 0.0, 2.0]}
data modify storage ps:ani_data data[-1].frames append value {}
data modify storage ps:ani_data data[-1].frames[-1].part_1 set value {interpolation_duration:1,start_interpolation:0,transformation:[0.8697779968076176, -3.833768188073527e-05, -0.4934432437469879, -6.424959980407952e-05, 5.307885796329001e-05, 0.999999998465447, 1.5866345379037683e-05, 0.03135611659019255, 0.49344324238149423, -3.9991601948228666e-05, 0.8697779975078176, 5.050081298370643e-05, 0.0, 0.0, 0.0, 2.0]}
data modify storage ps:ani_data data[-1].frames append value {}
data modify storage ps:ani_data data[-1].frames[-1].part_1 set value {interpolation_duration:1,start_interpolation:0,transformation:[0.8697766777750057, -6.071486487023748e-05, -0.49344556651405735, -3.2292438543242466e-05, 7.126372262130574e-05, 0.9999999974574357, 2.5710215627941147e-06, 0.03136121746236035, 0.4934455651033411, -3.7400982574145834e-05, 0.8697766798903097, 4.376039845519382e-05, 0.0, 0.0, 0.0, 2.0]}
data modify storage ps:ani_data data[-1].frames append value {}
data modify storage ps:ani_data data[-1].frames[-1].part_1 set value {interpolation_duration:1,start_interpolation:0,transformation:[0.8697760018206355, -3.2079933278715495e-05, -0.49344676068223137, -4.401714886447653e-05, 4.549454557795757e-05, 0.9999999988499187, 1.5179207388586166e-05, 0.03135415160781002, 0.4934467596277796, -3.565164645740403e-05, 0.8697760022797846, 3.912480312743924e-05, 0.0, 0.0, 0.0, 2.0]}
data modify storage ps:ani_data data[-1].frames append value {}
data modify storage ps:ani_data data[-1].frames[-1].part_1 set value {interpolation_duration:1,start_interpolation:0,transformation:[0.8697419952663763, -3.1205354829873556e-05, -0.49350669772181266, -2.862042459967712e-05, 4.9949464347683716e-05, 0.9999999984450645, 2.4797620902377923e-05, 0.03135151075237205, 0.49350669618062293, -4.621792748469217e-05, 0.8697419954726742, 2.5745632296592033e-05, 0.0, 0.0, 0.0, 2.0]}
data modify storage ps:ani_data data[-1].frames append value {}
data modify storage ps:ani_data data[-1].frames[-1].part_1 set value {interpolation_duration:1,start_interpolation:0,transformation:[0.8697345225247992, -3.269244467171547e-05, -0.4935198671378524, -3.179978693169675e-05, 4.8449858356976456e-05, 0.9999999986431319, 1.9140201694260085e-05, 0.031355263787815064, 0.49351986584247115, -4.055786184076844e-05, 0.8697345229286285, 3.147394047447198e-05, 0.0, 0.0, 0.0, 2.0]}
data modify storage ps:ani_data data[-1].frames append value {}
data modify storage ps:ani_data data[-1].frames[-1].part_1 set value {interpolation_duration:1,start_interpolation:0,transformation:[0.8697439717234624, -3.459708204894116e-05, -0.4935032142283769, -4.688367216993823e-05, 4.722284259520911e-05, 0.999999998798936, 1.3119875374195503e-05, 0.03135877138996569, 0.49350321318173856, -3.471555712220605e-05, 0.8697439723126166, 4.292196563287034e-05, 0.0, 0.0, 0.0, 2.0]}
data modify storage ps:ani_data data[-1].frames append value {}
data modify storage ps:ani_data data[-1].frames[-1].part_1 set value {interpolation_duration:1,start_interpolation:0,transformation:[0.8697442179565118, -5.9755952775016326e-05, -0.49350277786496977, -4.381784980877212e-06, 6.729984497317302e-05, 0.999999997732298, -2.4767876890355058e-06, 0.031362590231493376, 0.49350277689385535, -3.1058488672498205e-05, 0.8697442200057575, 7.999350064544806e-05, 0.0, 0.0, 0.0, 2.0]}
data modify storage ps:ani_data data[-1].frames append value {}
data modify storage ps:ani_data data[-1].frames[-1].part_1 set value {interpolation_duration:1,start_interpolation:0,transformation:[0.8697443292254059, -4.7838230300120545e-05, -0.4935025830649242, -1.5660005990425498e-05, 5.5125370194027686e-05, 0.9999999984805732, 2.1630665965306713e-07, 0.03135905436815291, 0.49350258230473554, -2.7392644073769796e-05, 0.8697443305409934, 0.0001036770414282365, 0.0, 0.0, 0.0, 2.0]}
data modify storage ps:ani_data data[-1].frames append value {}
data modify storage ps:ani_data data[-1].frames[-1].part_1 set value {interpolation_duration:1,start_interpolation:0,transformation:[0.8697439608383734, -3.642637236916218e-05, -0.4935032332804896, 5.010724079406667e-06, 4.413041479482221e-05, 0.9999999990184003, 3.9630731711363515e-06, 0.031359553857170874, 0.49350323265170665, -2.522536134421033e-05, 0.8697439615921438, 3.428196171404885e-05, 0.0, 0.0, 0.0, 2.0]}
data modify storage ps:ani_data data[-1].frames append value {}
data modify storage ps:ani_data data[-1].frames[-1].part_1 set value {interpolation_duration:1,start_interpolation:0,transformation:[0.8697369768873573, -3.8051649095899926e-05, -0.4935155413833618, -1.3310786599421624e-06, 4.0289079532309436e-05, 0.9999999991697863, -6.100611992612151e-06, 0.03136021643441811, 0.49351554120577656, -1.4577359065607758e-05, 0.8697369776983553, -1.0202899157992081e-05, 0.0, 0.0, 0.0, 2.0]}
data modify storage ps:ani_data data[-1].frames append value {}
data modify storage ps:ani_data data[-1].frames[-1].part_1 set value {interpolation_duration:1,start_interpolation:0,transformation:[0.8697357321799566, -5.1574005957282313e-05, -0.49351773373356733, 1.468770915629666e-05, 6.18989715058815e-05, 0.9999999980737572, 4.582898022337117e-06, 0.03136706322086003, 0.493517732546574, -3.4534150304984745e-05, 0.8697357336970125, -5.8820734369267866e-05, 0.0, 0.0, 0.0, 2.0]}
data modify storage ps:ani_data data[-1].frames append value {}
data modify storage ps:ani_data data[-1].frames[-1].part_1 set value {interpolation_duration:1,start_interpolation:0,transformation:[0.8697342558381194, -3.341463043855885e-05, -0.4935203370735343, 7.561429846976851e-05, 4.602281189498384e-05, 0.9999999988511754, 1.3399621369412561e-05, 0.03135462178570495, 0.4935203360588228, -3.4367303359722885e-05, 0.8697342563767826, -3.7113892226261076e-05, 0.0, 0.0, 0.0, 2.0]}
data modify storage ps:ani_data data[-1].frames append value {}
data modify storage ps:ani_data data[-1].frames[-1].part_1 set value {interpolation_duration:1,start_interpolation:0,transformation:[0.8697361034939673, -3.5686084687464964e-05, -0.4935170807638109, 4.945784992884128e-05, 4.174113422062995e-05, 0.9999999991280557, 1.2516016166344725e-06, 0.03135995062344047, 0.49351708028882674, -2.168852582151412e-05, 0.8697361042251837, -1.3889001624579759e-05, 0.0, 0.0, 0.0, 2.0]}
data modify storage ps:ani_data data[-1].frames append value {}
data modify storage ps:ani_data data[-1].frames[-1].part_1 set value {interpolation_duration:1,start_interpolation:0,transformation:[0.869736180847457, -3.0368486064067554e-05, -0.49351694479788116, 4.4717914746088635e-05, 4.305106677832881e-05, 0.9999999989705561, 1.4335038427677521e-05, 0.03135668559319626, 0.4935169438544998, -3.371413252112017e-05, 0.869736181259508, -3.26697060168176e-05, 0.0, 0.0, 0.0, 2.0]}
data modify storage ps:ani_data data[-1].frames append value {}
data modify storage ps:ani_data data[-1].frames[-1].part_1 set value {interpolation_duration:1,start_interpolation:0,transformation:[0.8697350183226973, -3.552241180843514e-05, -0.4935189931921315, 3.758618323719865e-05, 4.5207697501891297e-05, 0.9999999989485462, 7.69231964000925e-06, 0.03135502284198339, 0.4935189923999695, -2.9001137118715334e-05, 0.8697350190140977, -3.8385376475718865e-05, 0.0, 0.0, 0.0, 2.0]}
data modify storage ps:ani_data data[-1].frames append value {}
data modify storage ps:ani_data data[-1].frames[-1].part_1 set value {interpolation_duration:1,start_interpolation:0,transformation:[0.8697361167602444, -4.5464480607602e-05, -0.49351705658040973, 0.00013758518584174961, 5.609437105139605e-05, 0.9999999984040444, 6.7329383473200775e-06, 0.031357562907458766, 0.4935170554866688, -3.353940854459862e-05, 0.8697361179224858, -5.2268767679778675e-05, 0.0, 0.0, 0.0, 2.0]}
data modify storage ps:ani_data data[-1].frames append value {}
data modify storage ps:ani_data data[-1].frames[-1].part_1 set value {interpolation_duration:1,start_interpolation:0,transformation:[0.869736231570575, -3.18513601192563e-05, -0.4935168553138851, 0.00010801707971519199, 4.7898169333733275e-05, 0.9999999986554245, 1.9872499010764315e-05, 0.03135532951442609, 0.49351685401734835, -4.0922386306388136e-05, 0.8697362319267706, -6.182534642115608e-05, 0.0, 0.0, 0.0, 2.0]}
data modify storage ps:ani_data data[-1].frames append value {}
data modify storage ps:ani_data data[-1].frames[-1].part_1 set value {interpolation_duration:1,start_interpolation:0,transformation:[0.8697362106161828, -3.2729232796272335e-05, -0.4935168921848572, 0.00010413014600763016, 5.152950621607286e-05, 0.9999999983723945, 2.449327453569799e-05, 0.03135457017817125, 0.49351689057996045, -4.673336954383638e-05, 0.8697362108871167, -6.56268784815155e-05, 0.0, 0.0, 0.0, 2.0]}
data modify storage ps:ani_data data[-1].frames append value {}
data modify storage ps:ani_data data[-1].frames[-1].part_1 set value {interpolation_duration:1,start_interpolation:0,transformation:[0.8697371784992226, -2.50311877029439e-05, -0.49351518690882296, 7.609496151561076e-05, 4.269234136741872e-05, 0.9999999987881196, 2.451784498792084e-05, 0.03134973775809342, 0.49351518569703096, -4.239340015219251e-05, 0.8697371785138454, -7.797135723394929e-06, 0.0, 0.0, 0.0, 2.0]}
data modify storage ps:ani_data data[-1].frames append value {}
data modify storage ps:ani_data data[-1].frames[-1].part_1 set value {interpolation_duration:1,start_interpolation:0,transformation:[0.8697304860156383, -3.1438646283724555e-05, -0.4935269807281185, 7.130840500026598e-05, 4.8077291779702444e-05, 0.9999999986232944, 2.1023450612823465e-05, 0.03135049385178301, 0.49352697938772827, -4.201217657283806e-05, 0.8697304863297604, -2.3339662876351108e-05, 0.0, 0.0, 0.0, 2.0]}
data modify storage ps:ani_data data[-1].frames[-1].is_last set value 1
data modify storage ps:ani_data data[-1].frames[-1].keep_alive set value 1
