data modify storage ps:ani_data data append value {ani_tag:'coin',height:0.1,width:0.3}
data modify storage ps:ani_data data[-1].parts.part_1 set value {name:'coin',init_pos:[1.0, 0.0, 0.0, 0.0, 0.0, 1.0, 0.0, 0.03125, 0.0, 0.0, 1.0, 0.0, 0.0, 0.0, 0.0, 2.0],item_model:'cointosser:test_coin'}
data modify storage ps:ani_data data[-1].frames append value {}
data modify storage ps:ani_data data[-1].frames[-1].part_1 set value {interpolation_duration:1,start_interpolation:0,transformation:[0.9909453690059719, -0.10232575356739135, -0.08692937249563001, -0.000677700513378905, 0.1335422389141356, 0.6840238796980006, 0.7171316493006673, 0.24704362931489648, -0.013919269787543488, -0.7222470298725782, 0.6914951061061971, 1.4387952291367728e-05, 0.0, 0.0, 0.0, 2.0]}
data modify storage ps:ani_data data[-1].frames append value {}
data modify storage ps:ani_data data[-1].frames[-1].part_1 set value {interpolation_duration:1,start_interpolation:0,transformation:[0.9457635146006194, -0.17142509441510081, -0.27594349322833694, -0.00025771888569774864, 0.2837257158634377, 0.022193862525226187, 0.9586486064372026, 0.5308655947753301, -0.15821217591596193, -0.9849471404451027, 0.06962785305430279, -2.2529293359284426e-05, 0.0, 0.0, 0.0, 2.0]}
data modify storage ps:ani_data data[-1].frames append value {}
data modify storage ps:ani_data data[-1].frames[-1].part_1 set value {interpolation_duration:1,start_interpolation:0,transformation:[0.8822353400635091, -0.09130399392695136, -0.4618705288671395, -6.589803645283231e-05, 0.2994835510314347, -0.6481218157061103, 0.7001769166913578, 0.7880205660924229, -0.3632773147398912, -0.7560434463037172, -0.5444519261574634, -5.8086665019233425e-06, 0.0, 0.0, 0.0, 2.0]}
data modify storage ps:ani_data data[-1].frames append value {}
data modify storage ps:ani_data data[-1].frames[-1].part_1 set value {interpolation_duration:1,start_interpolation:0,transformation:[0.8316437806176432, 0.10359110949556198, -0.5455616410576086, -1.6354169079892515e-05, 0.17363339132319378, -0.9816943291529916, 0.07827956008093714, 1.0192346806596007, -0.5274657027500455, -0.15982842720347606, -0.8344068589603416, -1.3252739450862774e-06, 0.0, 0.0, 0.0, 2.0]}
data modify storage ps:ani_data data[-1].frames append value {}
data modify storage ps:ani_data data[-1].frames[-1].part_1 set value {interpolation_duration:1,start_interpolation:0,transformation:[0.819918075689545, 0.316398763848522, -0.4771018459330043, -4.037171527130074e-06, -0.028353253082460554, -0.8099274897317426, -0.5858443090245734, 1.2247899415937433, -0.5717783156059655, 0.4938717278929471, -0.6551032546025394, -2.858095901317504e-07, 0.0, 0.0, 0.0, 2.0]}
data modify storage ps:ani_data data[-1].frames append value {}
data modify storage ps:ani_data data[-1].frames[-1].part_1 set value {interpolation_duration:1,start_interpolation:0,transformation:[0.8537221968472638, 0.4363039952741227, -0.2842485432119561, -9.925339908244742e-07, -0.20294841818648715, -0.22391822660887994, -0.9532431837406112, 1.4048227052314557, -0.4795522392460322, 0.8714926571693945, -0.10261675464534872, -5.6491261061721524e-08, 0.0, 0.0, 0.0, 2.0]}
data modify storage ps:ani_data data[-1].frames append value {}
data modify storage ps:ani_data data[-1].frames[-1].part_1 set value {interpolation_duration:1,start_interpolation:0,transformation:[0.9161794763642398, 0.39609563652982366, -0.061019782128261854, -2.427280097677805e-07, -0.2617444147000044, 0.47608754804686376, -0.8395418440840678, 1.5594214898009247, -0.3034881026701028, 0.7851425942570931, 0.539857461021835, -9.228770358449721e-09, 0.0, 0.0, 0.0, 2.0]}
data modify storage ps:ani_data data[-1].frames append value {}
data modify storage ps:ani_data data[-1].frames[-1].part_1 set value {interpolation_duration:1,start_interpolation:0,transformation:[0.9747628765328802, 0.20888711182930975, 0.0787623580459245, -5.893371641014291e-08, -0.1758553985723075, 0.9358124818444123, -0.3054993905348691, 1.68865902565585, -0.13752168311331794, 0.2839386788301497, 0.9489291930053942, -7.060699454042158e-10, 0.0, 0.0, 0.0, 2.0]}
data modify storage ps:ani_data data[-1].frames append value {}
data modify storage ps:ani_data data[-1].frames[-1].part_1 set value {interpolation_duration:1,start_interpolation:0,transformation:[0.9975753336652179, -0.035725948078725436, 0.05972529025969844, -1.4166323327348488e-08, 0.010552379885354613, 0.9259092198178726, 0.3775986810557126, 1.7926027577836994, -0.06879026778174495, -0.37605288629411526, 0.9240411926794069, 3.474895458924569e-10, 0.0, 0.0, 0.0, 2.0]}
data modify storage ps:ani_data data[-1].frames append value {}
data modify storage ps:ani_data data[-1].frames[-1].part_1 set value {interpolation_duration:1,start_interpolation:0,transformation:[0.9698030506509606, -0.2151380815691269, -0.11488102022024843, -3.3571938624166606e-09, 0.20356411661801013, 0.4545966057968547, 0.8671237376658006, 1.8713182875544763, -0.13432681554186643, -0.8643248994774677, 0.48466356864287474, 2.5841679621703235e-10, 0.0, 0.0, 0.0, 2.0]}
data modify storage ps:ani_data data[-1].frames append value {}
data modify storage ps:ani_data data[-1].frames[-1].part_1 set value {interpolation_duration:1,start_interpolation:0,transformation:[0.9018728256068339, -0.23541678159677998, -0.36222140380513024, -7.792387016376474e-10, 0.3070865956033638, -0.24037791909356532, 0.9208236958359529, 1.9248705007990838, -0.3038473781895795, -0.9416992061984872, -0.14449697509794884, 1.2077541839631614e-10, 0.0, 0.0, 0.0, 2.0]}
data modify storage ps:ani_data data[-1].frames append value {}
data modify storage ps:ani_data data[-1].frames[-1].part_1 set value {interpolation_duration:1,start_interpolation:0,transformation:[0.8249484459250731, -0.08003919568298395, -0.5595120988148764, -1.752192081640531e-10, 0.2704789809331629, -0.8133084304701799, 0.5151412600437766, 1.95332393774344, -0.4962873990332261, -0.5763012442122203, -0.6492886056910916, 4.859000694586786e-11, 0.0, 0.0, 0.0, 2.0]}
data modify storage ps:ani_data data[-1].frames append value {}
data modify storage ps:ani_data data[-1].frames[-1].part_1 set value {interpolation_duration:1,start_interpolation:0,transformation:[0.7757870098540827, 0.17939035532342962, -0.6049575321942816, -3.7407828179457793e-11, 0.11275695623353302, -0.9827168169957409, -0.1468111930838688, 1.95674291451315, -0.6208384525483346, 0.045681046514868234, -0.7826064514343694, 1.817310497518734e-11, 0.0, 0.0, 0.0, 2.0]}
data modify storage ps:ani_data data[-1].frames append value {}
data modify storage ps:ani_data data[-1].frames[-1].part_1 set value {interpolation_duration:1,start_interpolation:0,transformation:[0.778402050173305, 0.4166210885956307, -0.4695925008168115, -7.261379680468585e-12, -0.08789251036908653, -0.6683423061902475, -0.738642991151559, 1.9351915632320953, -0.6215827820226485, 0.6162348824058025, -0.48362114800667166, 6.517165623802545e-12, 0.0, 0.0, 0.0, 2.0]}
data modify storage ps:ani_data data[-1].frames append value {}
data modify storage ps:ani_data data[-1].frames[-1].part_1 set value {interpolation_duration:1,start_interpolation:0,transformation:[0.8316937158864032, 0.5124230793007098, -0.21379464622633942, -1.1316886570932164e-12, -0.23325716754456308, -0.026967282988064098, -0.972041079089423, 1.8887338454451459, -0.5038617436799054, 0.8583095906770585, 0.09709783626644335, 2.2759534977516716e-12, 0.0, 0.0, 0.0, 2.0]}
data modify storage ps:ani_data data[-1].frames append value {}
data modify storage ps:ani_data data[-1].frames[-1].part_1 set value {interpolation_duration:1,start_interpolation:0,transformation:[0.9093326203804625, 0.4141040045266568, 0.04039874932455067, -5.924446321346328e-14, -0.2531341878690423, 0.6276768181674977, -0.7361690667686375, 1.8174335567989963, -0.33020791699152485, 0.6591962419265696, 0.6755908866954952, 7.808378724113646e-13, 0.0, 0.0, 0.0, 2.0]}
data modify storage ps:ani_data data[-1].frames append value {}
data modify storage ps:ani_data data[-1].frames[-1].part_1 set value {interpolation_duration:1,start_interpolation:0,transformation:[0.9721523284011718, 0.163262030291922, 0.16812304972590628, 5.83982345302576e-14, -0.1387946014234011, 0.9791570004270013, -0.14828225494143604, 1.7213543288577422, -0.18882772307026116, 0.12081836772509941, 0.9745496462573588, 2.646060932912898e-13, 0.0, 0.0, 0.0, 2.0]}
data modify storage ps:ani_data data[-1].frames append value {}
data modify storage ps:ani_data data[-1].frames[-1].part_1 set value {interpolation_duration:1,start_interpolation:0,transformation:[0.9871136579009895, -0.12241297797210833, 0.10306157969548402, 3.8570984101072645e-14, 0.05384228576435247, 0.8605766359737613, 0.5064670392826707, 1.6005596299788463, -0.15069052607578978, -0.49439146072731127, 0.8560779455814272, 8.889660995700367e-14, 0.0, 0.0, 0.0, 2.0]}
data modify storage ps:ani_data data[-1].frames append value {}
data modify storage ps:ani_data data[-1].frames[-1].part_1 set value {interpolation_duration:1,start_interpolation:0,transformation:[0.9436139191158932, -0.3049829975760333, -0.12875613709754244, 1.7504367698941807e-14, 0.23204982144904907, 0.331963014688295, 0.914304892934804, 1.4551127658804905, -0.23610517151517116, -0.8926286619130018, 0.3840161714240633, 2.9717475477221315e-14, 0.0, 0.0, 0.0, 2.0]}
data modify storage ps:ani_data data[-1].frames append value {}
data modify storage ps:ani_data data[-1].frames[-1].part_1 set value {interpolation_duration:1,start_interpolation:0,transformation:[0.8591393747545868, -0.2929473360660092, -0.4195967028446791, 6.9733735177926095e-15, 0.31107089688611445, -0.3521044497369742, 0.8827555457689807, 1.2850768801070862, -0.4063427516970934, -0.8889343703374568, -0.21137940622488033, 9.95580022406459e-15, 0.0, 0.0, 0.0, 2.0]}
data modify storage ps:ani_data data[-1].frames append value {}
data modify storage ps:ani_data data[-1].frames[-1].part_1 set value {interpolation_duration:1,start_interpolation:0,transformation:[0.7713900599808985, -0.08650061919481733, -0.6304561985115056, 2.624576878675422e-15, 0.25415543894699577, -0.8663952132250302, 0.42984223542413147, 1.0905149544606962, -0.5834058520586896, -0.49180989963569033, -0.6463440526561737, 3.401166942100894e-15, 0.0, 0.0, 0.0, 2.0]}
data modify storage ps:ani_data data[-1].frames append value {}
data modify storage ps:ani_data data[-1].frames[-1].part_1 set value {interpolation_duration:1,start_interpolation:0,transformation:[0.7205362931796425, 0.22073080898192088, -0.6573472143221777, 9.77243104388218e-16, 0.08909210969838412, -0.9695943570300305, -0.22792406368133514, 0.8714898094205719, -0.6876700125790213, 0.10566310984307131, -0.7182932973499473, 1.2237109070728383e-15, 0.0, 0.0, 0.0, 2.0]}
data modify storage ps:ani_data data[-1].frames append value {}
data modify storage ps:ani_data data[-1].frames[-1].part_1 set value {interpolation_duration:1,start_interpolation:0,transformation:[0.7300346334343302, 0.48473423419447575, -0.4817490593517522, 3.7717044401930157e-16, -0.10591038309351847, -0.6161571000184812, -0.7804699986865603, 0.6280641045580823, -0.6751536304719, 0.6207923568285214, -0.3984776342078716, 4.747468127608744e-16, 0.0, 0.0, 0.0, 2.0]}
data modify storage ps:ani_data data[-1].frames append value {}
data modify storage ps:ani_data data[-1].frames[-1].part_1 set value {interpolation_duration:1,start_interpolation:0,transformation:[0.7951560505896074, 0.5787695635294633, -0.18097692544258728, 1.5650398806350179e-16, -0.2395904288099415, 0.025688101949194256, -0.9705341559372941, 0.3603003389494263, -0.5570666761110431, 0.8150864455689115, 0.15909369760123132, 1.8750730632955527e-16, 0.0, 0.0, 0.0, 2.0]}
data modify storage ps:ani_data data[-1].frames append value {}
data modify storage ps:ani_data data[-1].frames[-1].part_1 set value {interpolation_duration:1,start_interpolation:0,transformation:[0.9548839268058905, 0.16894308622894916, -0.244243566840973, 0.0016201619086319416, -0.28382042331966906, 0.27703849963735105, -0.9179845516267305, 0.3193558848465365, -0.08742227195861971, 0.9458900059383877, 0.3124891086605577, 0.005790269527938438, 0.0, 0.0, 0.0, 2.0]}
data modify storage ps:ani_data data[-1].frames append value {}
data modify storage ps:ani_data data[-1].frames[-1].part_1 set value {interpolation_duration:1,start_interpolation:0,transformation:[0.8648416959703001, -0.3751329836458931, -0.3336526419678767, 0.00046648469033928484, -0.17897702105417626, 0.39054750107450886, -0.9030170958176977, 0.31624194727293065, 0.46905870298480457, 0.8406829925634194, 0.270621579274134, 0.0016671618270561706, 0.0, 0.0, 0.0, 2.0]}
data modify storage ps:ani_data data[-1].frames append value {}
data modify storage ps:ani_data data[-1].frames[-1].part_1 set value {interpolation_duration:1,start_interpolation:0,transformation:[0.6006024590338713, -0.6738696950576794, -0.43032118270582115, 0.00039111193993806903, -0.0235265473356569, 0.5230779327598652, -0.8519600799510088, 0.31411833798131067, 0.7992015939504435, 0.5218132906917339, 0.29830806540308996, 0.0003192030895888527, 0.0, 0.0, 0.0, 2.0]}
data modify storage ps:ani_data data[-1].frames append value {}
data modify storage ps:ani_data data[-1].frames[-1].part_1 set value {interpolation_duration:1,start_interpolation:0,transformation:[0.22376359661928433, -0.8605285836295474, -0.45762474756565164, 0.0001039946551790249, 0.18888764418543655, 0.49891681279412636, -0.8458152704848891, 0.2872560452109583, 0.9561648972337757, 0.10282300651058064, 0.27418263736065956, 7.760784653138509e-05, 0.0, 0.0, 0.0, 2.0]}
data modify storage ps:ani_data data[-1].frames append value {}
data modify storage ps:ani_data data[-1].frames[-1].part_1 set value {interpolation_duration:1,start_interpolation:0,transformation:[-0.06402469435426768, -0.8753128746885663, -0.47929970782098436, -0.0008839049736766838, 0.199260484003947, 0.4594008352705116, -0.8655900485029094, 0.2630625374210595, 0.9778527997747694, -0.1509246300548542, 0.1450022690010401, 0.0007691674177586307, 0.0, 0.0, 0.0, 2.0]}
data modify storage ps:ani_data data[-1].frames append value {}
data modify storage ps:ani_data data[-1].frames[-1].part_1 set value {interpolation_duration:1,start_interpolation:0,transformation:[-0.14807418060016844, -0.8001272880327506, -0.5812661696546125, -0.0003472006691290717, -0.0005426366470185212, 0.5878109663774304, -0.8089981293871457, 0.25525001220613486, 0.9889761081972901, -0.11947631879074398, -0.08747380558289729, 0.00029628834155654847, 0.0, 0.0, 0.0, 2.0]}
data modify storage ps:ani_data data[-1].frames append value {}
data modify storage ps:ani_data data[-1].frames[-1].part_1 set value {interpolation_duration:1,start_interpolation:0,transformation:[-0.25417921931706705, -0.7017744102179481, -0.6655115338073541, -8.949763807260722e-05, -0.17018945838154648, 0.7098282056711213, -0.6835052791965196, 0.2224971680100825, 0.9520653720849015, -0.06046979077991946, -0.29985818594774194, 7.629192137900992e-05, 0.0, 0.0, 0.0, 2.0]}
data modify storage ps:ani_data data[-1].frames append value {}
data modify storage ps:ani_data data[-1].frames[-1].part_1 set value {interpolation_duration:1,start_interpolation:0,transformation:[-0.3860517284750497, -0.5676566800755202, -0.7271381962921936, -1.6599927640893264e-05, -0.27345177411837146, 0.8232374880438837, -0.4974979050314803, 0.166288266605855, 0.8810154312910424, 0.006777303655213839, -0.4730389814615952, -4.299007671685757e-05, 0.0, 0.0, 0.0, 2.0]}
data modify storage ps:ani_data data[-1].frames append value {}
data modify storage ps:ani_data data[-1].frames[-1].part_1 set value {interpolation_duration:1,start_interpolation:0,transformation:[-0.5554253299956101, -0.28015107577905995, -0.7829547097623867, 0.0001233730586702074, -0.16408589420296424, 0.9599530589142763, -0.22708135987953276, 0.09796965448352055, 0.815216855887365, 0.0023450844248421583, -0.5791510843088865, -9.378451161419495e-06, 0.0, 0.0, 0.0, 2.0]}
data modify storage ps:ani_data data[-1].frames append value {}
data modify storage ps:ani_data data[-1].frames[-1].part_1 set value {interpolation_duration:1,start_interpolation:0,transformation:[-0.6489633153108602, 0.03682110083084295, -0.7599281689175245, 0.0011904081418658583, 0.044341440714053396, 0.9989608710678048, 0.010536351876003807, 0.031398555300990394, 0.7595264656456276, -0.026858604004262338, -0.6499216594135042, 0.0011062838097847436, 0.0, 0.0, 0.0, 2.0]}
data modify storage ps:ani_data data[-1].frames append value {}
data modify storage ps:ani_data data[-1].frames[-1].part_1 set value {interpolation_duration:1,start_interpolation:0,transformation:[-0.6507245806046211, 0.003783276733974778, -0.759304423149302, 0.0006579869211377604, 0.03335383205070724, 0.9991647936111623, -0.02360586993729814, 0.038339112961716264, 0.758580939705496, -0.04068663201983652, -0.6503072780543127, 0.0006745893062463986, 0.0, 0.0, 0.0, 2.0]}
data modify storage ps:ani_data data[-1].frames append value {}
data modify storage ps:ani_data data[-1].frames[-1].part_1 set value {interpolation_duration:1,start_interpolation:0,transformation:[-0.6509769983582258, 0.007548602775775175, -0.7590599226705677, 0.00011757640444426058, -0.009095621988191468, 0.999801204711789, 0.017743187918287592, 0.027590803099987876, 0.7590429614120419, 0.018454529335350123, -0.6507789279608309, 0.00030127820712899016, 0.0, 0.0, 0.0, 2.0]}
data modify storage ps:ani_data data[-1].frames append value {}
data modify storage ps:ani_data data[-1].frames[-1].part_1 set value {interpolation_duration:1,start_interpolation:0,transformation:[-0.6517444347938367, -0.0032225103904160576, -0.7584318078390739, 9.75700905209532e-05, -0.008857204962021192, 0.9999551205667214, 0.0033625544834622626, 0.03039386276404942, 0.7583869339825967, 0.008909112143034548, -0.6517437273079809, 9.812887557280114e-05, 0.0, 0.0, 0.0, 2.0]}
data modify storage ps:ani_data data[-1].frames append value {}
data modify storage ps:ani_data data[-1].frames[-1].part_1 set value {interpolation_duration:1,start_interpolation:0,transformation:[-0.6517450135660934, -0.0013119452484299772, -0.758437021835958, 0.0001357576114883569, -0.0029593662045403267, 0.9999952903617467, 0.0008132687088370204, 0.031104805010344024, 0.7584323829079291, 0.0027745367163674113, -0.6517458266092766, -2.3672701714782205e-06, 0.0, 0.0, 0.0, 2.0]}
data modify storage ps:ani_data data[-1].frames append value {}
data modify storage ps:ani_data data[-1].frames[-1].part_1 set value {interpolation_duration:1,start_interpolation:0,transformation:[-0.6517404380132553, -0.00045593120584418113, -0.758441951361491, 8.22418265365341e-05, -0.000688278651527034, 0.9999997630892374, -9.693646289702003e-06, 0.03135597068364659, 0.7584417760980657, 0.0005157016622658233, -0.6517405974166467, -1.171189199402904e-05, 0.0, 0.0, 0.0, 2.0]}
data modify storage ps:ani_data data[-1].frames append value {}
data modify storage ps:ani_data data[-1].frames[-1].part_1 set value {interpolation_duration:1,start_interpolation:0,transformation:[-0.6517825561446167, 4.99860379336927e-05, -0.7584058919912116, 7.195116604535805e-05, 2.3230752899501427e-05, 0.999999998674714, 4.594457760601057e-05, 0.03134499783640875, 0.7584058932826944, 1.2327534358656476e-05, -0.6517825564420316, -4.507417761318505e-05, 0.0, 0.0, 0.0, 2.0]}
data modify storage ps:ani_data data[-1].frames append value {}
data modify storage ps:ani_data data[-1].frames[-1].part_1 set value {interpolation_duration:1,start_interpolation:0,transformation:[-0.6517831456054679, 3.2544627297655924e-07, -0.758405387048731, 6.229978729886646e-05, -2.851267859456749e-05, 0.9999999992826794, 2.4933274393438584e-05, 0.03134327750963697, 0.7584053865128255, 3.787525705970869e-05, -0.651783145128651, -4.764057888484067e-05, 0.0, 0.0, 0.0, 2.0]}
data modify storage ps:ani_data data[-1].frames append value {}
data modify storage ps:ani_data data[-1].frames[-1].part_1 set value {interpolation_duration:1,start_interpolation:0,transformation:[-0.6517821105356562, 2.4394252367933683e-07, -0.7584062765995718, 3.983758739667578e-05, -3.878583287222409e-06, 0.999999999985799, 3.6549456538498043e-06, 0.03135071922061748, 0.7584062765896933, 5.3237701015030245e-06, -0.6517821105254541, -2.6895637474338696e-05, 0.0, 0.0, 0.0, 2.0]}
data modify storage ps:ani_data data[-1].frames append value {}
data modify storage ps:ani_data data[-1].frames[-1].part_1 set value {interpolation_duration:1,start_interpolation:0,transformation:[-0.6517749772255469, 3.696920730521909e-05, -0.7584124060799082, 6.552746134099077e-05, -2.821966804612021e-06, 0.9999999986867979, 5.117070118495575e-05, 0.03135518687711053, 0.7584124069756996, 3.549199723360322e-05, -0.6517749762653086, -9.346571509977846e-06, 0.0, 0.0, 0.0, 2.0]}
data modify storage ps:ani_data data[-1].frames append value {}
data modify storage ps:ani_data data[-1].frames[-1].part_1 set value {interpolation_duration:1,start_interpolation:0,transformation:[-0.6517758063415034, 1.7688180470700688e-05, -0.7584116942367192, 4.1289526986136936e-05, -6.252483578424929e-06, 0.9999999995687224, 2.869602111151544e-05, 0.03135069164963399, 0.7584116944172136, 2.3445328962651295e-05, -0.6517758059498121, -3.043018410474203e-05, 0.0, 0.0, 0.0, 2.0]}
data modify storage ps:ani_data data[-1].frames append value {}
data modify storage ps:ani_data data[-1].frames[-1].part_1 set value {interpolation_duration:1,start_interpolation:0,transformation:[-0.6517740678388485, 2.250266282786361e-05, -0.7584131881675253, 7.259474214004915e-05, -9.580750810075007e-06, 0.9999999992357351, 3.790433524574815e-05, 0.031347134155892145, 0.7584131884408452, 3.1971230538756294e-05, -0.6517740671251281, 7.563322356331689e-06, 0.0, 0.0, 0.0, 2.0]}
data modify storage ps:ani_data data[-1].frames append value {}
data modify storage ps:ani_data data[-1].frames[-1].part_1 set value {interpolation_duration:1,start_interpolation:0,transformation:[-0.6517704689062934, 1.3985396693790117e-05, -0.7584162812506593, 7.99836223664221e-05, -1.7202861752621524e-05, 0.9999999993001094, 3.322412054958273e-05, 0.031359746528784566, 0.7584162811845035, 3.470143106689318e-05, -0.6517704682095368, 2.9888511395516418e-05, 0.0, 0.0, 0.0, 2.0]}
data modify storage ps:ani_data data[-1].frames append value {}
data modify storage ps:ani_data data[-1].frames[-1].part_1 set value {interpolation_duration:1,start_interpolation:0,transformation:[-0.6517700080672808, 1.3887706359291441e-05, -0.7584166772896728, 3.1589364400846864e-05, 8.594676201255191e-06, 0.9999999999033843, 1.0925332246823913e-05, 0.03135373549804657, 0.7584166773681256, 6.024581197135566e-07, -0.6517700081236699, 2.0923172580760073e-05, 0.0, 0.0, 0.0, 2.0]}
data modify storage ps:ani_data data[-1].frames append value {}
data modify storage ps:ani_data data[-1].frames[-1].part_1 set value {interpolation_duration:1,start_interpolation:0,transformation:[-0.6517695701952695, 4.425631322304134e-05, -0.7584170524248862, 7.209533398759993e-05, -6.26826035566415e-06, 0.9999999979489378, 6.374035807289544e-05, 0.03135489234318844, 0.7584170536902388, 4.62979813280382e-05, -0.6517695685810392, 7.553557181294527e-06, 0.0, 0.0, 0.0, 2.0]}
data modify storage ps:ani_data data[-1].frames append value {}
data modify storage ps:ani_data data[-1].frames[-1].part_1 set value {interpolation_duration:1,start_interpolation:0,transformation:[-0.6517703783018582, -1.0947415713350246e-05, -0.7584163591645466, 2.261625579893651e-05, -3.3122569824634186e-05, 0.9999999993530214, 1.4030412226848318e-05, 0.03134987021843587, 0.7584163585202705, 3.426530589739648e-05, -0.6517703782427832, 2.4555907562000085e-05, 0.0, 0.0, 0.0, 2.0]}
data modify storage ps:ani_data data[-1].frames append value {}
data modify storage ps:ani_data data[-1].frames[-1].part_1 set value {interpolation_duration:1,start_interpolation:0,transformation:[-0.6517642023869747, -4.740604610112677e-05, -0.7584216651965695, 3.4889409952631924e-05, -2.3882632419517714e-05, 0.9999999988335577, -4.198218832233606e-05, 0.03136732459926461, 0.758421666302124, -9.249381637478924e-06, -0.6517642027589107, 3.3341279758191003e-05, 0.0, 0.0, 0.0, 2.0]}
data modify storage ps:ani_data data[-1].frames append value {}
data modify storage ps:ani_data data[-1].frames[-1].part_1 set value {interpolation_duration:1,start_interpolation:0,transformation:[-0.6517681156875276, 1.1451850185641863e-05, -0.7584183036042735, 4.56198504942426e-05, -9.47984984145703e-06, 0.9999999996848681, 2.3246424784863047e-05, 0.0313532376362806, 0.7584183036314863, 2.234097011368311e-05, -0.6517681153735728, 4.4937708920152426e-05, 0.0, 0.0, 0.0, 2.0]}
data modify storage ps:ani_data data[-1].frames append value {}
data modify storage ps:ani_data data[-1].frames[-1].part_1 set value {interpolation_duration:1,start_interpolation:0,transformation:[-0.6517694414908431, 2.7182699716082715e-05, -0.7584171638351912, 5.452268350821647e-05, 7.3632551353417954e-06, 0.9999999995373675, 2.95135132533141e-05, 0.0313561156188224, 0.7584171642865798, 1.3651586973204302e-05, -0.6517694413894666, 4.0274385008664314e-05, 0.0, 0.0, 0.0, 2.0]}
data modify storage ps:ani_data data[-1].frames append value {}
data modify storage ps:ani_data data[-1].frames[-1].part_1 set value {interpolation_duration:1,start_interpolation:0,transformation:[-0.6517687389378887, 1.2681632332027715e-05, -0.758417767976523, 6.924530993783472e-05, -1.5591757858542835e-05, 0.999999999424829, 3.012040810036524e-05, 0.03135220137710587, 0.7584177679222789, 3.145660659777608e-05, -0.6517687383652813, 6.0174729228460904e-05, 0.0, 0.0, 0.0, 2.0]}
data modify storage ps:ani_data data[-1].frames append value {}
data modify storage ps:ani_data data[-1].frames[-1].part_1 set value {interpolation_duration:1,start_interpolation:0,transformation:[-0.6517522424203791, 4.2225458078176034e-05, -0.7584319433654002, 3.247776523461646e-05, 9.143401233820186e-06, 0.9999999988149485, 4.7817376480374104e-05, 0.03135694888585712, 0.7584319444857297, 2.423043478100748e-05, -0.6517522420341034, 1.71939364038173e-05, 0.0, 0.0, 0.0, 2.0]}
data modify storage ps:ani_data data[-1].frames append value {}
data modify storage ps:ani_data data[-1].frames[-1].part_1 set value {interpolation_duration:1,start_interpolation:0,transformation:[-0.6517482689208625, 4.189362286348134e-05, -0.7584353579597822, 4.3457741493374657e-05, -3.7736204062738088e-06, 0.9999999982829423, 5.8479701524217284e-05, 0.03136347426492772, 0.7584353591074314, 4.097609137905395e-05, -0.6517482676436822, 1.382755371620337e-06, 0.0, 0.0, 0.0, 2.0]}
data modify storage ps:ani_data data[-1].frames append value {}
data modify storage ps:ani_data data[-1].frames[-1].part_1 set value {interpolation_duration:1,start_interpolation:0,transformation:[-0.6517475696737995, 6.947004124561757e-05, -0.7584359568204881, 7.194627133679154e-05, 2.13317285038875e-05, 0.9999999970885668, 7.326543307223791e-05, 0.03136015054218727, 0.7584359597021053, 3.157181802744868e-05, -0.6517475692581962, 7.587278985012055e-05, 0.0, 0.0, 0.0, 2.0]}
data modify storage ps:ani_data data[-1].frames append value {}
data modify storage ps:ani_data data[-1].frames[-1].part_1 set value {interpolation_duration:1,start_interpolation:0,transformation:[-0.651747026050596, 1.1594022718708928e-05, -0.7584364270654346, 7.193581273092478e-05, 2.9515402121514246e-05, 0.9999999995136504, -1.0076721752256791e-05, 0.03135630641957888, 0.7584364265797395, -2.8953029562813527e-05, -0.6517470260758214, 6.204827448773301e-05, 0.0, 0.0, 0.0, 2.0]}
data modify storage ps:ani_data data[-1].frames append value {}
data modify storage ps:ani_data data[-1].frames[-1].part_1 set value {interpolation_duration:1,start_interpolation:0,transformation:[-0.6517470283196476, 5.590359239173088e-05, -0.7584364231438894, 6.118823920768205e-05, 3.0561866079446944e-05, 0.9999999984074113, 4.744628001428387e-05, 0.03135055721605918, 0.7584364245884297, 7.743739610233096e-06, -0.6517470289902009, 6.288784942936248e-05, 0.0, 0.0, 0.0, 2.0]}
data modify storage ps:ani_data data[-1].frames append value {}
data modify storage ps:ani_data data[-1].frames[-1].part_1 set value {interpolation_duration:1,start_interpolation:0,transformation:[-0.6517491367803807, 4.906081448343483e-07, -0.7584346133357759, 5.9672644740920965e-05, 1.6400995133378213e-05, 0.9999999997750917, -1.344707387620146e-05, 0.031357269476399045, 0.7584346131586006, -2.1203201193341955e-05, -0.6517491366418434, 3.083505861386777e-05, 0.0, 0.0, 0.0, 2.0]}
data modify storage ps:ani_data data[-1].frames append value {}
data modify storage ps:ani_data data[-1].frames[-1].part_1 set value {interpolation_duration:1,start_interpolation:0,transformation:[-0.6517493064058234, 3.1264049543311366e-05, -0.7584344669265021, 1.345952501173929e-05, -4.291029154395504e-06, 0.9999999989823729, 4.490925224517968e-05, 0.031355302728182786, 0.7584344675587438, 3.252403841128006e-05, -0.6517493056084308, 1.7965077062057265e-05, 0.0, 0.0, 0.0, 2.0]}
data modify storage ps:ani_data data[-1].frames[-1].is_last set value 1
data modify storage ps:ani_data data[-1].frames[-1].keep_alive set value 1
