data modify storage ps:ani_data data append value {ani_tag:'coin',height:0.1,width:0.3}
data modify storage ps:ani_data data[-1].parts.part_1 set value {name:'coin',init_pos:[1.0, 0.0, 0.0, 0.0, 0.0, 1.0, 0.0, 0.03125, 0.0, 0.0, 1.0, 0.0, 0.0, 0.0, 0.0, 2.0],item_model:'cointosser:test_coin'}
data modify storage ps:ani_data data[-1].frames append value {}
data modify storage ps:ani_data data[-1].frames[-1].part_1 set value {interpolation_duration:1,start_interpolation:0,transformation:[0.9110596611084474, -0.4120615925936582, 0.013249068274363947, 0.0011530291153681543, 0.3959413270129133, 0.8655580418065825, -0.30665899926010226, 0.2540059990144091, 0.11489455802697504, 0.2846304976160008, 0.9517272300205839, 0.0001973746767553824, 0.0, 0.0, 0.0, 2.0]}
data modify storage ps:ani_data data[-1].frames append value {}
data modify storage ps:ani_data data[-1].frames[-1].part_1 set value {interpolation_duration:1,start_interpolation:0,transformation:[0.7526090711633614, -0.6533611738284957, 0.08184596835564084, 0.0002417118745031424, 0.602633602082139, 0.6333606454633289, -0.48547609047179807, 0.5379697211482314, 0.265353212990023, 0.4146968402480604, 0.8704103647384639, 8.563759113130931e-05, 0.0, 0.0, 0.0, 2.0]}
data modify storage ps:ani_data data[-1].frames append value {}
data modify storage ps:ani_data data[-1].frames[-1].part_1 set value {interpolation_duration:1,start_interpolation:0,transformation:[0.5469480064284852, -0.8136271394449622, 0.1971262443778425, 6.027263089107586e-05, 0.706964395641878, 0.32277900551680067, -0.6292972722746374, 0.7953894273349353, 0.4483851263797891, 0.48355412474323123, 0.751748752499921, 2.1680083873075276e-05, 0.0, 0.0, 0.0, 2.0]}
data modify storage ps:ani_data data[-1].frames append value {}
data modify storage ps:ani_data data[-1].frames[-1].part_1 set value {interpolation_duration:1,start_interpolation:0,transformation:[0.32703413901981915, -0.8800749142579303, 0.34426271539256514, 1.5355328864818872e-05, 0.6951978690819167, -0.02270877725908663, -0.718459626046836, 1.0269080151589474, 0.6401160791134117, 0.4742915313699938, 0.6043996596054454, 5.253811146456578e-06, 0.0, 0.0, 0.0, 2.0]}
data modify storage ps:ani_data data[-1].frames append value {}
data modify storage ps:ani_data data[-1].frames[-1].part_1 set value {interpolation_duration:1,start_interpolation:0,transformation:[0.12459520536337237, -0.8539432208927407, 0.5052296609382618, 3.941517954168808e-06, 0.5697397483371988, -0.3553079740631325, -0.7410484887858673, 1.2327802131486232, 0.8123254606160787, 0.3801805085199455, 0.44225572577004724, 1.2538353213131414e-06, 0.0, 0.0, 0.0, 2.0]}
data modify storage ps:ani_data data[-1].frames append value {}
data modify storage ps:ani_data data[-1].frames[-1].part_1 set value {interpolation_duration:1,start_interpolation:0,transformation:[-0.034377111624615785, -0.7489572181324269, 0.6617260003987184, 1.0194956440298793e-06, 0.3485524741963469, -0.6295295128589691, -0.6944089322374485, 1.4131334417318189, 0.9366586288119878, 0.20677446130236915, 0.2826922977818133, 2.939291473990495e-07, 0.0, 0.0, 0.0, 2.0]}
data modify storage ps:ani_data data[-1].frames append value {}
data modify storage ps:ani_data data[-1].frames[-1].part_1 set value {interpolation_duration:1,start_interpolation:0,transformation:[-0.13282559217752077, -0.5880220636929543, 0.7978642833671464, 2.6613295107231377e-07, 0.06245741228779278, -0.8083629199903878, -0.5853618207868757, 1.5680532924429031, 0.9891695677248686, -0.027918491988162382, 0.14409762000846268, 6.711280885257944e-08, 0.0, 0.0, 0.0, 2.0]}
data modify storage ps:ani_data data[-1].frames append value {}
data modify storage ps:ani_data data[-1].frames[-1].part_1 set value {interpolation_duration:1,start_interpolation:0,transformation:[-0.1641238414997593, -0.3988345243989082, 0.9022163747122187, 7.024172379059791e-08, -0.24925643876219333, -0.868171131704195, -0.4291271534301292, 1.697611538037657, 0.9544289352209258, -0.2953132374665136, 0.043075508007401, 1.4699176705058764e-08, 0.0, 0.0, 0.0, 2.0]}
data modify storage ps:ani_data data[-1].frames append value {}
data modify storage ps:ani_data data[-1].frames[-1].part_1 set value {interpolation_duration:1,start_interpolation:0,transformation:[-0.1317896469092126, -0.20922143056306972, 0.9689467900564441, 1.8780385131161682e-08, -0.5442804784984497, -0.8016759027912896, -0.24713257091947516, 1.801875311135334, 0.8284867227017242, -0.5599483367927021, -0.008222556174509451, 2.995582057258553e-09, 0.0, 0.0, 0.0, 2.0]}
data modify storage ps:ani_data data[-1].frames append value {}
data modify storage ps:ani_data data[-1].frames[-1].part_1 set value {interpolation_duration:1,start_interpolation:0,transformation:[-0.04763725610868167, -0.04298963486324436, 0.9979391680482135, 5.0960385012190645e-09, -0.7830305367009771, -0.6186786873399415, -0.06403015246824263, 1.8809101121629612, 0.6201563274080297, -0.7844670631235269, -0.004190041781749472, 5.268417866758129e-10, 0.0, 0.0, 0.0, 2.0]}
data modify storage ps:ani_data data[-1].frames append value {}
data modify storage ps:ani_data data[-1].frames[-1].part_1 set value {interpolation_duration:1,start_interpolation:0,transformation:[0.07116788519197724, 0.0830827452164901, 0.993998183883951, 1.4056869406651098e-09, -0.933908678116214, -0.34447646655412084, 0.0956584806988539, 1.9347807952846676, 0.3503565513252562, -0.9351113417329933, 0.05307603513633681, 5.907539053549004e-11, 0.0, 0.0, 0.0, 2.0]}
data modify storage ps:ani_data data[-1].frames append value {}
data modify storage ps:ani_data data[-1].frames[-1].part_1 set value {interpolation_duration:1,start_interpolation:0,transformation:[0.20554485451534849, 0.1607337036113602, 0.9653579591558978, 3.946438288552107e-10, -0.9773918330977918, -0.01624141472005751, 0.21081133992655385, 1.963551891756409, 0.04956326639762768, -0.9868641714903151, 0.15376146998754683, -9.000349175410296e-12, 0.0, 0.0, 0.0, 2.0]}
data modify storage ps:ani_data data[-1].frames append value {}
data modify storage ps:ani_data data[-1].frames[-1].part_1 set value {interpolation_duration:1,start_interpolation:0,transformation:[0.3377883233513298, 0.1900979970742733, 0.9218252546528801, 1.1284248946394609e-10, -0.9084327178254605, 0.3221035614513078, 0.26645692500783424, 1.9672877161675184, -0.24627026980889233, -0.9274222593882105, 0.2814940621034879, -1.0030809659255825e-11, 0.0, 0.0, 0.0, 2.0]}
data modify storage ps:ani_data data[-1].frames append value {}
data modify storage ps:ani_data data[-1].frames[-1].part_1 set value {interpolation_duration:1,start_interpolation:0,transformation:[0.4541637503391518, 0.17818150294294127, 0.8729184611903166, 3.286227568447122e-11, -0.73689721448791, 0.6257976880494232, 0.2556555278337548, 1.9460524015378824, -0.500717268683471, -0.7593606558421307, 0.41551607815001956, -5.0552910885641826e-12, 0.0, 0.0, 0.0, 2.0]}
data modify storage ps:ani_data data[-1].frames append value {}
data modify storage ps:ani_data data[-1].frames[-1].part_1 set value {interpolation_duration:1,start_interpolation:0,transformation:[0.5464286238547331, 0.13635770332220618, 0.8263306455511105, 9.741010679814666e-12, -0.48602944552820204, 0.8551448940682174, 0.1802847420848639, 1.8999099111017999, -0.6820492189803979, -0.5001337689996054, 0.5335495066012887, -2.0981114521471644e-12, 0.0, 0.0, 0.0, 2.0]}
data modify storage ps:ani_data data[-1].frames append value {}
data modify storage ps:ani_data data[-1].frames[-1].part_1 set value {interpolation_duration:1,start_interpolation:0,transformation:[0.612127585327624, 0.07744939993344915, 0.7869570571072608, 2.935432048582329e-12, -0.18919496520472695, 0.980632191042271, 0.05065344048351657, 1.8289240424518085, -0.7677923445972579, -0.1798946812487341, 0.6149250517227787, -7.977761068256208e-13, 0.0, 0.0, 0.0, 2.0]}
data modify storage ps:ani_data data[-1].frames append value {}
data modify storage ps:ani_data data[-1].frames[-1].part_1 set value {interpolation_duration:1,start_interpolation:0,transformation:[0.6537447037711996, 0.012983151080277946, 0.756603793328538, 8.97858947759799e-13, 0.11462984822581729, 0.9866151832187287, -0.11597619642840831, 1.733158429178304, -0.7479825266587665, 0.16254820217492819, 0.6435061940516704, -2.8894266165239084e-13, 0.0, 0.0, 0.0, 2.0]}
data modify storage ps:ani_data data[-1].frames append value {}
data modify storage ps:ani_data data[-1].frames[-1].part_1 set value {interpolation_duration:1,start_interpolation:0,transformation:[0.6769991039795827, -0.04887872450904028, 0.7343589609320579, 2.7824464567758673e-13, 0.3860047813024544, 0.8731274877162367, -0.2977393138401058, 1.6126765416878543, -0.6266358767438125, 0.48503531880132394, 0.6099739482082913, -1.0154298656616672e-13, 0.0, 0.0, 0.0, 2.0]}
data modify storage ps:ani_data data[-1].frames append value {}
data modify storage ps:ani_data data[-1].frames[-1].part_1 set value {interpolation_duration:1,start_interpolation:0,transformation:[0.6887068701035516, -0.1043917388284888, 0.7174853391788114, 8.71996034228318e-14, 0.5901274967422722, 0.655626803208423, -0.47106584731160817, 1.4675416877516723, -0.4212272363711411, 0.7478341124735273, 0.5131391191090994, -3.496945565539265e-14, 0.0, 0.0, 0.0, 2.0]}
data modify storage ps:ani_data data[-1].frames append value {}
data modify storage ps:ani_data data[-1].frames[-1].part_1 set value {interpolation_duration:1,start_interpolation:0,transformation:[0.6946825706047955, -0.15414973689886724, 0.7026051413930324, 2.7580167919662764e-14, 0.7012342062772065, 0.36276181801260304, -0.613738096698394, 1.2978170129649487, -0.1602707523058695, 0.9190439173435624, 0.36009938065638153, -1.1856619770344925e-14, 0.0, 0.0, 0.0, 2.0]}
data modify storage ps:ani_data data[-1].frames append value {}
data modify storage ps:ani_data data[-1].frames[-1].part_1 set value {interpolation_duration:1,start_interpolation:0,transformation:[0.6981140558007011, -0.20198005734934124, 0.6869067051111474, 8.777210361759318e-15, 0.705752793798119, 0.03249558585748308, -0.7077125341167334, 1.103565501176257, 0.12062238241572533, 0.9788503937440775, 0.16523361500438927, -3.949828398651189e-15, 0.0, 0.0, 0.0, 2.0]}
data modify storage ps:ani_data data[-1].frames append value {}
data modify storage ps:ani_data data[-1].frames[-1].part_1 set value {interpolation_duration:1,start_interpolation:0,transformation:[0.6987265048103956, -0.2531148715462995, 0.6691144395972548, 2.7893237556378148e-15, 0.6038372975999212, -0.2928790044778189, -0.741351742942111, 0.8848499749064404, 0.3836167221363954, 0.9220383671725283, -0.051802123114265866, -1.2664641890715027e-15, 0.0, 0.0, 0.0, 2.0]}
data modify storage ps:ani_data data[-1].frames append value {}
data modify storage ps:ani_data data[-1].frames[-1].part_1 set value {interpolation_duration:1,start_interpolation:0,transformation:[0.692881156395918, -0.31206832349548885, 0.6500223569864116, 8.641827114259088e-16, 0.40912935628353425, -0.5721709963511148, -0.7107978058221577, 0.6417330957633367, 0.5937414192546078, 0.7584416341454939, -0.26877018929977387, -3.5555632495160715e-16, 0.0, 0.0, 0.0, 2.0]}
data modify storage ps:ani_data data[-1].frames append value {}
data modify storage ps:ani_data data[-1].frames[-1].part_1 set value {interpolation_duration:1,start_interpolation:0,transformation:[0.6745638131277513, -0.38069166656726244, 0.6324851911505815, 2.403704588690541e-16, 0.14682112086566465, -0.7704725977759236, -0.6203350179896095, 0.3742773648544316, 0.7234688801090876, 0.5113177398474058, -0.46383935627654804, -4.2235597499353086e-17, 0.0, 0.0, 0.0, 2.0]}
data modify storage ps:ani_data data[-1].frames append value {}
data modify storage ps:ani_data data[-1].frames[-1].part_1 set value {interpolation_duration:1,start_interpolation:0,transformation:[0.6658787904913033, -0.24768121373598698, 0.7037467248492933, 0.0008445203640357762, -0.16678782017128213, -0.9688307199604549, -0.18316347644500253, 0.10562447232070774, 0.7271775982635543, 0.004588291967087924, -0.6864340377344892, -0.0014796941436585993, 0.0, 0.0, 0.0, 2.0]}
data modify storage ps:ani_data data[-1].frames append value {}
data modify storage ps:ani_data data[-1].frames[-1].part_1 set value {interpolation_duration:1,start_interpolation:0,transformation:[0.667469142500438, 0.04375648721098647, 0.7433507339316242, -0.0013500584226457007, -0.001620760676674434, -0.9981842785846967, 0.060212283806360525, 0.004878112550668582, 0.7446356941112606, -0.04139463507875793, -0.6661862856905248, 0.003247906490605227, 0.0, 0.0, 0.0, 2.0]}
data modify storage ps:ani_data data[-1].frames append value {}
data modify storage ps:ani_data data[-1].frames[-1].part_1 set value {interpolation_duration:1,start_interpolation:0,transformation:[0.6321551993844619, -0.034054613174057474, 0.7740930739986995, -0.0003504498462553157, -0.01674461009193952, -0.9994008194960152, -0.030292243620470807, 0.02761820281230492, 0.7746608431591595, 0.006187512606722301, -0.6323466555329295, 0.0011335976144506716, 0.0, 0.0, 0.0, 2.0]}
data modify storage ps:ani_data data[-1].frames append value {}
data modify storage ps:ani_data data[-1].frames[-1].part_1 set value {interpolation_duration:1,start_interpolation:0,transformation:[0.6091005716027271, -0.01365313211495557, 0.7929754634644643, -1.1365266047181004e-05, 0.00889763692800177, -0.9996712474898248, -0.024046392644928208, 0.035748338219722446, 0.7930430793660128, 0.021702279271730126, -0.6087788476483748, 0.0003444887590830885, 0.0, 0.0, 0.0, 2.0]}
data modify storage ps:ani_data data[-1].frames append value {}
data modify storage ps:ani_data data[-1].frames[-1].part_1 set value {interpolation_duration:1,start_interpolation:0,transformation:[0.5936422547000931, -0.004643666421585865, 0.8047156701573261, 0.00011042714380875674, -0.015975351531598597, -0.9998542911823316, 0.00601535931747977, 0.028380061174415935, 0.8045704826663921, -0.016426587181809137, -0.5936299399925232, 0.00017084540939123007, 0.0, 0.0, 0.0, 2.0]}
data modify storage ps:ani_data data[-1].frames append value {}
data modify storage ps:ani_data data[-1].frames[-1].part_1 set value {interpolation_duration:1,start_interpolation:0,transformation:[0.5934050300663777, -0.00114457194330841, 0.8049031993022435, -0.00019948462156011565, -0.004829194478010706, -0.999986053212047, 0.0021382848468065613, 0.03037261190706449, 0.804889526067158, -0.005155903069213275, -0.5934022813327616, 0.0002684968728090976, 0.0, 0.0, 0.0, 2.0]}
data modify storage ps:ani_data data[-1].frames append value {}
data modify storage ps:ani_data data[-1].frames[-1].part_1 set value {interpolation_duration:1,start_interpolation:0,transformation:[0.5934539297866038, -0.00038625040760468984, 0.8048678674363008, -0.0002841676239390655, -0.0014195661796111555, -0.9999988317854919, 0.0005667975949321159, 0.031092928537290065, 0.8048667082521787, -0.0014789314637743873, -0.5934537848131286, 0.00031226322328582577, 0.0, 0.0, 0.0, 2.0]}
data modify storage ps:ani_data data[-1].frames append value {}
data modify storage ps:ani_data data[-1].frames[-1].part_1 set value {interpolation_duration:1,start_interpolation:0,transformation:[0.593496283295377, -9.305190796053406e-05, 0.8048367244701972, -0.00022907440412575877, -0.0001765797306547089, -0.9999999843032755, 1.4596137318010228e-05, 0.031342624378175234, 0.8048367104786982, -0.00015078060527667358, -0.5934962904105101, 0.000276750533675082, 0.0, 0.0, 0.0, 2.0]}
data modify storage ps:ani_data data[-1].frames append value {}
data modify storage ps:ani_data data[-1].frames[-1].part_1 set value {interpolation_duration:1,start_interpolation:0,transformation:[0.5935535399002492, 6.26202855928688e-05, 0.8047945025598666, -0.00016593846719371985, 2.0002090904737882e-05, -0.9999999978118618, 6.305705796015697e-05, 0.031360317110126275, 0.804794504747516, -2.1330167168110596e-05, -0.5935535398540085, 0.00021513216784744418, 0.0, 0.0, 0.0, 2.0]}
data modify storage ps:ani_data data[-1].frames append value {}
data modify storage ps:ani_data data[-1].frames[-1].part_1 set value {interpolation_duration:1,start_interpolation:0,transformation:[0.5935530414540254, 2.868386441721355e-06, 0.804794872605714, -0.00010218450447056136, 6.5755964103677416e-06, -0.9999999999775546, -1.2855186362473693e-06, 0.03135127627599185, 0.8047948725839628, 6.055029771778955e-06, -0.5935530414595644, 0.00014747650451341705, 0.0, 0.0, 0.0, 2.0]}
data modify storage ps:ani_data data[-1].frames append value {}
data modify storage ps:ani_data data[-1].frames[-1].part_1 set value {interpolation_duration:1,start_interpolation:0,transformation:[0.5935535719124136, 3.6214702533938036e-05, 0.8047944805715993, -7.853302545399735e-05, -1.3875303486512442e-05, -0.9999999983784489, 5.5232036866644105e-05, 0.031358471670947984, 0.8047944812667955, -4.394994042839579e-05, -0.593553570447446, 8.58263637172723e-05, 0.0, 0.0, 0.0, 2.0]}
data modify storage ps:ani_data data[-1].frames append value {}
data modify storage ps:ani_data data[-1].frames[-1].part_1 set value {interpolation_duration:1,start_interpolation:0,transformation:[0.5935566479225386, -1.6398211654307393e-05, 0.8047922125853715, -0.00012050643188574772, -2.9583218762996655e-05, -0.9999999995613753, 1.4427382602009732e-06, 0.031353079971530896, 0.8047922122087116, -2.466469096922364e-05, -0.5935566481473019, 3.629108511569907e-05, 0.0, 0.0, 0.0, 2.0]}
data modify storage ps:ani_data data[-1].frames append value {}
data modify storage ps:ani_data data[-1].frames[-1].part_1 set value {interpolation_duration:1,start_interpolation:0,transformation:[0.5935563197186955, 2.9083799192672367e-05, 0.8047924542862775, -4.691135644096994e-05, -1.928739486140384e-06, -0.9999999992927343, 3.7560758083896255e-05, 0.03135358594680846, 0.8047924548094854, -2.3846660318851486e-05, -0.5935563192427987, -2.295610267781616e-05, 0.0, 0.0, 0.0, 2.0]}
data modify storage ps:ani_data data[-1].frames append value {}
data modify storage ps:ani_data data[-1].frames[-1].part_1 set value {interpolation_duration:1,start_interpolation:0,transformation:[0.5935568597115445, -5.115900891994958e-05, 0.8047920549260692, -6.33732789559588e-05, -6.11563025423128e-05, -0.9999999979595032, -1.8463484866709414e-05, 0.0313519782542019, 0.8047920542284672, -3.8258978297892645e-05, -0.5935568616290896, -5.507412499337465e-05, 0.0, 0.0, 0.0, 2.0]}
data modify storage ps:ani_data data[-1].frames append value {}
data modify storage ps:ani_data data[-1].frames[-1].part_1 set value {interpolation_duration:1,start_interpolation:0,transformation:[0.593557949317597, 3.530691080027386e-05, 0.8047912521612738, -1.726632880227708e-05, -4.8251535444113616e-06, -0.9999999988635757, 4.742958984780866e-05, 0.03136247126581918, 0.8047912529212821, -3.2035451449917265e-05, -0.5935579484727023, -5.637351075944154e-06, 0.0, 0.0, 0.0, 2.0]}
data modify storage ps:ani_data data[-1].frames append value {}
data modify storage ps:ani_data data[-1].frames[-1].part_1 set value {interpolation_duration:1,start_interpolation:0,transformation:[0.5935635022787457, 2.8730447370795016e-05, 0.8047871569161317, -3.847970460382702e-05, 1.1353944116030158e-05, -0.9999999995622039, 2.7325436713350358e-05, 0.03135028561536371, 0.8047871573488711, -7.081873511947901e-06, -0.5935635023450898, 4.01675393398453e-05, 0.0, 0.0, 0.0, 2.0]}
data modify storage ps:ani_data data[-1].frames append value {}
data modify storage ps:ani_data data[-1].frames[-1].part_1 set value {interpolation_duration:1,start_interpolation:0,transformation:[0.5935684546086011, 2.2893111296520122e-05, 0.804783504533649, -5.837083217376839e-05, -1.5850442457749684e-05, -0.9999999990688999, 4.013679918605094e-05, 0.03135962613297608, 0.8047835047031715, -3.6580112495356765e-05, -0.5935684536930639, 4.940328580460774e-05, 0.0, 0.0, 0.0, 2.0]}
data modify storage ps:ani_data data[-1].frames append value {}
data modify storage ps:ani_data data[-1].frames[-1].part_1 set value {interpolation_duration:1,start_interpolation:0,transformation:[0.5935443968060307, -3.017255170810901e-07, 0.8048012481476864, -2.7553592255561083e-05, -5.677536202752831e-05, -0.9999999975272718, 4.1497167864244836e-05, 0.031351068159375925, 0.8048012461451108, -7.032329369293335e-05, -0.5935443953554873, 5.778857150459744e-05, 0.0, 0.0, 0.0, 2.0]}
data modify storage ps:ani_data data[-1].frames append value {}
data modify storage ps:ani_data data[-1].frames[-1].part_1 set value {interpolation_duration:1,start_interpolation:0,transformation:[0.5935589202399146, 4.711401248881604e-05, 0.8047905354711227, -2.567618491860256e-05, -3.219102215797586e-06, -0.9999999981394296, 6.091614783691369e-05, 0.03136346916419085, 0.8047905368437577, -3.8748025931241525e-05, -0.5935589189838919, 0.00010854321314460892, 0.0, 0.0, 0.0, 2.0]}
data modify storage ps:ani_data data[-1].frames append value {}
data modify storage ps:ani_data data[-1].frames[-1].part_1 set value {interpolation_duration:1,start_interpolation:0,transformation:[0.5935574498748019, 9.65623988964924e-06, 0.8047916212317812, -2.283441942016291e-05, -2.3580825917030582e-05, -0.9999999992900866, 2.9389986371685165e-05, 0.03136256508756172, 0.8047916209442457, -3.642229648238408e-05, -0.5935574492257254, 3.740648763640199e-05, 0.0, 0.0, 0.0, 2.0]}
data modify storage ps:ani_data data[-1].frames append value {}
data modify storage ps:ani_data data[-1].frames[-1].part_1 set value {interpolation_duration:1,start_interpolation:0,transformation:[0.5935589973327502, -2.5363072031552846e-06, 0.8047904799877462, 1.0535315722273381e-05, -4.745166164678151e-05, -0.9999999983670981, 3.184562211796172e-05, 0.031353596848237374, 0.8047904785928319, -5.709090108670443e-05, -0.5935589964838784, 2.3301744198855832e-05, 0.0, 0.0, 0.0, 2.0]}
data modify storage ps:ani_data data[-1].frames append value {}
data modify storage ps:ani_data data[-1].frames[-1].part_1 set value {interpolation_duration:1,start_interpolation:0,transformation:[0.5935544394891776, 3.6896231964684454e-05, 0.8047938406830388, 3.224058677421286e-05, -1.1734682713524909e-05, -0.999999998446014, 5.4500174716461686e-05, 0.03135524390209085, 0.8047938414432514, -4.179282102610624e-05, -0.5935544381338367, -3.705458549270916e-05, 0.0, 0.0, 0.0, 2.0]}
data modify storage ps:ani_data data[-1].frames append value {}
data modify storage ps:ani_data data[-1].frames[-1].part_1 set value {interpolation_duration:1,start_interpolation:0,transformation:[0.5935542223726438, -3.902035147482761e-05, 0.8047940007113733, -1.2965503936087264e-05, -6.33541627964675e-05, -0.9999999979915764, -1.759730517970125e-06, 0.03135507568449099, 0.8047939991636716, -4.9942554659509576e-05, -0.5935542236526373, -3.604637811520088e-05, 0.0, 0.0, 0.0, 2.0]}
data modify storage ps:ani_data data[-1].frames append value {}
data modify storage ps:ani_data data[-1].frames[-1].part_1 set value {interpolation_duration:1,start_interpolation:0,transformation:[0.5935516967449654, -9.280684365549643e-07, 0.8047958643595973, -1.830386731408427e-05, -1.4308963311712789e-05, -0.9999999998534471, 9.399950162429558e-06, 0.031358478595984014, 0.8047958642329285, -1.709515086476784e-05, -0.5935516966712585, -7.866223004469553e-05, 0.0, 0.0, 0.0, 2.0]}
data modify storage ps:ani_data data[-1].frames append value {}
data modify storage ps:ani_data data[-1].frames[-1].part_1 set value {interpolation_duration:1,start_interpolation:0,transformation:[0.5935527194269414, 2.2906637656783838e-05, 0.80479510978644, 2.2874495678002253e-05, -2.488371571899651e-05, -0.9999999985945809, 4.681493997776095e-05, 0.03135198498894217, 0.8047951097277385, -4.7813427657573414e-05, -0.593552718022749, -4.2516788965783314e-05, 0.0, 0.0, 0.0, 2.0]}
data modify storage ps:ani_data data[-1].frames append value {}
data modify storage ps:ani_data data[-1].frames[-1].part_1 set value {interpolation_duration:1,start_interpolation:0,transformation:[0.5935534562706251, 1.5334446081498952e-06, 0.8047945666732866, -3.2024062552624366e-05, -8.633048909019274e-06, -0.9999999999285188, 8.272447282617828e-06, 0.03135831942527317, 0.804794566628444, -1.1857970532217806e-05, -0.5935534562149588, -4.960077268670921e-06, 0.0, 0.0, 0.0, 2.0]}
data modify storage ps:ani_data data[-1].frames append value {}
data modify storage ps:ani_data data[-1].frames[-1].part_1 set value {interpolation_duration:1,start_interpolation:0,transformation:[0.5935600862270023, 6.9105731433054765e-06, 0.8047896768662214, -1.5771030338395196e-05, -4.628206775655455e-05, -0.9999999980164249, 4.272142430034863e-05, 0.03135820327683654, 0.8047896755650904, -6.260506264595341e-05, -0.5935600847297957, -5.342047863081417e-06, 0.0, 0.0, 0.0, 2.0]}
data modify storage ps:ani_data data[-1].frames append value {}
data modify storage ps:ani_data data[-1].frames[-1].part_1 set value {interpolation_duration:1,start_interpolation:0,transformation:[0.593558789160426, 2.4547491086239162e-05, 0.80479063315115, 1.2360998174394758e-05, -1.868361719513893e-05, -0.9999999988450368, 4.4281474944401026e-05, 0.03135600990105281, 0.8047906333086454, -4.1320058762266e-05, -0.5935587880162516, -2.2887530892063878e-05, 0.0, 0.0, 0.0, 2.0]}
data modify storage ps:ani_data data[-1].frames append value {}
data modify storage ps:ani_data data[-1].frames[-1].part_1 set value {interpolation_duration:1,start_interpolation:0,transformation:[0.5935597523090905, 1.3621161137306393e-05, 0.8047899230564673, 1.9465168011426546e-05, -2.028754865715892e-05, -0.9999999992857894, 3.1887866321705e-05, 0.03135577931325542, 0.804789922916028, -3.525456875837587e-05, -0.5935597516088239, -4.202639501242305e-05, 0.0, 0.0, 0.0, 2.0]}
data modify storage ps:ani_data data[-1].frames append value {}
data modify storage ps:ani_data data[-1].frames[-1].part_1 set value {interpolation_duration:1,start_interpolation:0,transformation:[0.5935641023248945, 1.715846548034722e-05, 0.8047867146870835, -1.7630159271981707e-06, -3.2169276731635243e-05, -0.9999999984679658, 4.5046709467377224e-05, 0.031356974033047956, 0.8047867142270552, -5.2627516202406466e-05, -0.5935641008635586, 3.175181490553813e-05, 0.0, 0.0, 0.0, 2.0]}
data modify storage ps:ani_data data[-1].frames append value {}
data modify storage ps:ani_data data[-1].frames[-1].part_1 set value {interpolation_duration:1,start_interpolation:0,transformation:[0.5935636393817366, 1.643551468293426e-05, 0.8047870561420465, -2.040988933426512e-05, -3.477467175080082e-05, -0.9999999983341412, 4.606994495662161e-05, 0.031354732694650084, 0.8047870555585682, -5.533164990120159e-05, -0.593563637821404, 5.907175477485029e-05, 0.0, 0.0, 0.0, 2.0]}
data modify storage ps:ani_data data[-1].frames append value {}
data modify storage ps:ani_data data[-1].frames[-1].part_1 set value {interpolation_duration:1,start_interpolation:0,transformation:[0.5935644171625413, -1.7715682145617162e-05, 0.8047864824688891, -1.8846733829143632e-05, -3.0199867726028516e-05, -0.99999999954395, 2.607955677935274e-07, 0.03135925430209428, 0.804786482097246, -2.4459244287452152e-05, -0.5935644174268575, 3.6428871247754474e-05, 0.0, 0.0, 0.0, 2.0]}
data modify storage ps:ani_data data[-1].frames append value {}
data modify storage ps:ani_data data[-1].frames[-1].part_1 set value {interpolation_duration:1,start_interpolation:0,transformation:[0.5935634494125921, 1.902221794040635e-05, 0.8047871961951064, -2.2822036845416454e-05, -2.930741572821503e-05, -0.9999999985466773, 4.525174960281076e-05, 0.031353932761727675, 0.8047871958862797, -5.044601751783378e-05, -0.5935634479924607, 4.825764532768178e-05, 0.0, 0.0, 0.0, 2.0]}
data modify storage ps:ani_data data[-1].frames append value {}
data modify storage ps:ani_data data[-1].frames[-1].part_1 set value {interpolation_duration:1,start_interpolation:0,transformation:[0.5935627258603701, 4.640557505546478e-06, 0.8047877300553683, -1.7696415756809908e-05, -6.887471656455564e-06, -0.9999999999174635, 1.0845970471312658e-05, 0.03135977498569557, 0.8047877300392753, -1.1980716477772987e-05, -0.5935627257794178, 5.003500157095855e-05, 0.0, 0.0, 0.0, 2.0]}
data modify storage ps:ani_data data[-1].frames append value {}
data modify storage ps:ani_data data[-1].frames[-1].part_1 set value {interpolation_duration:1,start_interpolation:0,transformation:[0.5935629321509562, 2.0354702545615645e-05, 0.8047875776638488, -2.7876396427303828e-05, -2.161272776531356e-05, -0.9999999989163948, 4.123226738171568e-05, 0.031356839039250274, 0.8047875776310472, -4.18676003512783e-05, -0.5935629310678477, 3.3465022079897554e-05, 0.0, 0.0, 0.0, 2.0]}
data modify storage ps:ani_data data[-1].frames append value {}
data modify storage ps:ani_data data[-1].frames[-1].part_1 set value {interpolation_duration:1,start_interpolation:0,transformation:[0.5935644465583896, 2.524907556535912e-05, 0.8047864605871029, 9.69140154267446e-07, -1.4947858630303277e-05, -0.9999999989894719, 4.239831886595242e-05, 0.03135474541644565, 0.804786460844362, -3.7195968913113335e-05, -0.5935644455811565, 4.5262221097085045e-06, 0.0, 0.0, 0.0, 2.0]}
data modify storage ps:ani_data data[-1].frames[-1].is_last set value 1
data modify storage ps:ani_data data[-1].frames[-1].keep_alive set value 1
