#0
data modify storage ps:ani_data data append value {ani_tag:'coin',height:0.1,width:0.3}
data modify storage ps:ani_data data[-1].parts.part_1 set value {name:'coin',init_pos:[1.0, 0.0, 0.0, 0.0, 0.0, 1.0, 0.0, 0.03125, 0.0, 0.0, 1.0, 0.0, 0.0, 0.0, 0.0, 2.0],item_model:'coin_test'}
#1
data modify storage ps:ani_data data[-1].frames append value {}
data modify storage ps:ani_data data[-1].frames[-1].part_1 set value {interpolation_duration:1,start_interpolation:0,transformation:[0.7745606534897592, -0.6319901636673556, -0.025381629049884825, -0.001299285432279676, 0.6321053374384835, 0.7748710161071636, -0.004213167315999551, 0.24780917215250653, 0.02233016899393586, -0.012780509565773559, 0.9996689562689947, 0.0008771819723941127, 0.0, 0.0, 0.0, 2.0]}
#2
data modify storage ps:ani_data data[-1].frames append value {}
data modify storage ps:ani_data data[-1].frames[-1].part_1 set value {interpolation_duration:1,start_interpolation:0,transformation:[0.30360882370033215, -0.9466306355675502, -0.10822255761289483, -0.00042094808428297083, 0.952553488497875, 0.2990003666807496, 0.05692655158452126, 0.530866494149812, -0.021529833297740178, -0.12037117815221805, 0.9924954638427413, 0.00031806005297591115, 0.0, 0.0, 0.0, 2.0]}
#3
data modify storage ps:ani_data data[-1].frames append value {}
data modify storage ps:ani_data data[-1].frames[-1].part_1 set value {interpolation_duration:1,start_interpolation:0,transformation:[-0.25877465295357754, -0.9433782242047224, -0.20754085160541186, -0.00010685357122243313, 0.9589534236079119, -0.2766946661795547, 0.062035417774437884, 0.7872792321797434, -0.11594830891142724, -0.182968816480101, 0.9762573440729914, 8.119529603846578e-05, 0.0, 0.0, 0.0, 2.0]}
#4
data modify storage ps:ani_data data[-1].frames append value {}
data modify storage ps:ani_data data[-1].frames[-1].part_1 set value {interpolation_duration:1,start_interpolation:0,transformation:[-0.7241991420697451, -0.6256129290698275, -0.290075965233447, -2.659144505461061e-05, 0.6508723066075374, -0.7590894097784672, 0.01218640445586059, 1.0177597161919183, -0.227817565426437, -0.17997702893105227, 0.9569260295029716, 2.0178028756377737e-05, 0.0, 0.0, 0.0, 2.0]}
#5
data modify storage ps:ani_data data[-1].frames append value {}
data modify storage ps:ani_data data[-1].frames[-1].part_1 set value {interpolation_duration:1,start_interpolation:0,transformation:[-0.9385821306595434, -0.10127782077438012, -0.32985813166539296, -6.5956694635293804e-06, 0.1325469157214006, -0.9884353907250347, -0.07366677334451198, 1.2225854216543168, -0.31858264098870026, -0.11286399506237725, 0.9411518578206306, 4.991747855310105e-06, 0.0, 0.0, 0.0, 2.0]}
#6
data modify storage ps:ani_data data[-1].frames append value {}
data modify storage ps:ani_data data[-1].frames[-1].part_1 set value {interpolation_duration:1,start_interpolation:0,transformation:[-0.8326484159742857, 0.4546332899582869, -0.31623596733644466, -1.6320863693173293e-06, -0.4232934473600241, -0.890668332960383, -0.16592943706177785, 1.4018912180661027, -0.3570984077219879, -0.004300270139918626, 0.9340568691889933, 1.230771964662731e-06, 0.0, 0.0, 0.0, 2.0]}
#7
data modify storage ps:ani_data data[-1].frames append value {}
data modify storage ps:ani_data data[-1].frames[-1].part_1 set value {interpolation_duration:1,start_interpolation:0,transformation:[-0.44342404521379086, 0.8588550474985157, -0.2564042189835407, -4.026476319240205e-07, -0.8334396255290591, -0.5003404800567645, -0.23460135254202558, 1.5557651332393605, -0.32977796579550217, 0.10966955549690144, 0.9376668288218859, 3.0217456258644955e-07, 0.0, 0.0, 0.0, 2.0]}
#8
data modify storage ps:ani_data data[-1].frames append value {}
data modify storage ps:ani_data data[-1].frames[-1].part_1 set value {interpolation_duration:1,start_interpolation:0,transformation:[0.0995888413072456, 0.9800517409232832, -0.17199025495743053, -9.893785825282485e-08, -0.9644528874432127, 0.05255581220004324, -0.2589758956089221, 1.6842797336272517, -0.2447706898089102, 0.19166760737598693, 0.9504477038181717, 7.376354882747894e-08, 0.0, 0.0, 0.0, 2.0]}
#9
data modify storage ps:ani_data data[-1].frames append value {}
data modify storage ps:ani_data data[-1].frames[-1].part_1 set value {interpolation_duration:1,start_interpolation:0,transformation:[0.6181380609221974, 0.7807589926045204, -0.09121805252536551, -2.4178775899402892e-08, -0.7754193250098584, 0.5866062278663527, -0.23370495037474914, 1.7875024073175263, -0.12895816391605908, 0.21519416557049859, 0.9680192472589662, 1.7864662371187e-08, 0.0, 0.0, 0.0, 2.0]}
#10
data modify storage ps:ani_data data[-1].frames append value {}
data modify storage ps:ani_data data[-1].frames[-1].part_1 set value {interpolation_duration:1,start_interpolation:0,transformation:[0.9438738173585358, 0.32793789654472905, -0.03948357778676462, -5.86491610097468e-09, -0.3297634658678413, 0.9287161751260847, -0.16953560876112284, 1.8654987338506754, -0.018928113584135476, 0.1730404636753903, 0.9847328188128757, 4.279115982422446e-09, 0.0, 0.0, 0.0, 2.0]}
#11
data modify storage ps:ani_data data[-1].frames append value {}
data modify storage ps:ani_data data[-1].frames[-1].part_1 set value {interpolation_duration:1,start_interpolation:0,transformation:[0.9725806007114751, -0.23042664608189156, -0.03147278022604139, -1.4078963274832675e-09, 0.22690502791086709, 0.9698541961014024, -0.08886476587079416, 1.918333588728053, 0.051000817919663134, 0.0792868152970791, 0.9955463412074659, 1.0089280380176822e-09, 0.0, 0.0, 0.0, 2.0]}
#12
data modify storage ps:ani_data data[-1].frames append value {}
data modify storage ps:ani_data data[-1].frames[-1].part_1 set value {interpolation_duration:1,start_interpolation:0,transformation:[0.6966546799454337, -0.7142503266799175, -0.06722148278457087, -3.3300369052563785e-10, 0.7149120229897371, 0.6989851440065759, -0.017904408474670286, 1.9460715056224702, 0.059775047426552756, -0.03558425629035362, 0.9975774177523344, 2.3240260938943857e-10, 0.0, 0.0, 0.0, 2.0]}
#13
data modify storage ps:ani_data data[-1].frames append value {}
data modify storage ps:ani_data data[-1].frames[-1].part_1 set value {interpolation_duration:1,start_interpolation:0,transformation:[0.2059901781186654, -0.9694631231573173, -0.13307629148988523, -7.707068096463169e-11, 0.97853487126401, 0.20492411835204477, 0.021808517555407966, 1.948776795352007, 0.006127988166427459, -0.13471213217708924, 0.9908658280540987, 5.1630484317875275e-11, 0.0, 0.0, 0.0, 2.0]}
#14
data modify storage ps:ani_data data[-1].frames append value {}
data modify storage ps:ani_data data[-1].frames[-1].part_1 set value {interpolation_duration:1,start_interpolation:0,transformation:[-0.34219481142182323, -0.9165698825704025, -0.20688731570799873, -1.7251512777578607e-11, 0.9351795428699448, -0.3536184643392764, 0.019829379110120195, 1.926513585149265, -0.09133418655434444, -0.1866912746841968, 0.9781638075104014, 1.079435134030861e-11, 0.0, 0.0, 0.0, 2.0]}
#15
data modify storage ps:ani_data data[-1].frames append value {}
data modify storage ps:ani_data data[-1].frames[-1].part_1 set value {interpolation_duration:1,start_interpolation:0,transformation:[-0.7742278737593553, -0.5745354366406223, -0.2654811321699469, -3.6544676221853796e-12, 0.6003610825672663, -0.7994609036818608, -0.020708308063247655, 1.8793458318123037, -0.20034412901986276, -0.17541748923169478, 0.963893632326161, 2.0078285084964393e-12, 0.0, 0.0, 0.0, 2.0]}
#16
data modify storage ps:ani_data data[-1].frames append value {}
data modify storage ps:ani_data data[-1].frames[-1].part_1 set value {interpolation_duration:1,start_interpolation:0,transformation:[-0.9549712868388933, -0.053129772953553395, -0.2919024983434911, -6.984295822671495e-13, 0.08123468878797496, -0.9930627691531747, -0.08501330401383884, 1.807337326296401, -0.2853607657874306, -0.10489787294188763, 0.9526624111412596, 2.7603790541692083e-13, 0.0, 0.0, 0.0, 2.0]}
#17
data modify storage ps:ani_data data[-1].frames append value {}
data modify storage ps:ani_data data[-1].frames[-1].part_1 set value {interpolation_duration:1,start_interpolation:0,transformation:[-0.8295693929758866, 0.4830201273398926, -0.28018954088647274, -1.0423467457470702e-13, -0.4584793878091197, -0.8756060991799293, -0.15202174197489762, 1.7105516955004192, -0.3187652320937671, 0.0023485449668956267, 0.9478307924649552, -4.9125805037244e-15, 0.0, 0.0, 0.0, 2.0]}
#18
data modify storage ps:ani_data data[-1].frames append value {}
data modify storage ps:ani_data data[-1].frames[-1].part_1 set value {interpolation_duration:1,start_interpolation:0,transformation:[-0.4392630720751267, 0.8666968491446364, -0.23639908035751905, -3.0329856386366945e-15, -0.8504852858743922, -0.48595411802551564, -0.20130418198635586, 1.5890524031331776, -0.28934880684439435, 0.112628446037411, 0.950574616282658, -2.5423983142512897e-14, 0.0, 0.0, 0.0, 2.0]}
#19
data modify storage ps:ani_data data[-1].frames append value {}
data modify storage ps:ani_data data[-1].frames[-1].part_1 set value {interpolation_duration:1,start_interpolation:0,transformation:[0.09296908226200143, 0.9800138184298743, -0.17586831843700074, 6.779983222892331e-15, -0.9742257038001297, 0.053075860726311555, -0.21924240252128055, 1.442902750277645, -0.2055262216810869, 0.1917182012607522, 0.9596890660556875, -1.4277406804171408e-14, 0.0, 0.0, 0.0, 2.0]}
#20
data modify storage ps:ani_data data[-1].frames append value {}
data modify storage ps:ani_data data[-1].frames[-1].part_1 set value {interpolation_duration:1,start_interpolation:0,transformation:[0.6017209269588158, 0.7899623342564643, -0.11786193836816686, 4.1656914067285305e-15, -0.7933415600476926, 0.574061130149281, -0.20264004528430113, 1.2721658758553887, -0.09241804564540738, 0.21543752994269263, 0.9721345460023909, -6.162733293415306e-15, 0.0, 0.0, 0.0, 2.0]}
#21
data modify storage ps:ani_data data[-1].frames append value {}
data modify storage ps:ani_data data[-1].frames[-1].part_1 set value {interpolation_duration:1,start_interpolation:0,transformation:[0.9306809759318843, 0.35709843024860566, -0.0794583674162538, 1.8535819373460476e-15, -0.3654755622157368, 0.9171615973052732, -0.15887799675074735, 1.0769047570576336, 0.016141079938025667, 0.17690482057428833, 0.9840956000287839, -2.389230094851514e-15, 0.0, 0.0, 0.0, 2.0]}
#22
data modify storage ps:ani_data data[-1].frames append value {}
data modify storage ps:ani_data data[-1].frames[-1].part_1 set value {interpolation_duration:1,start_interpolation:0,transformation:[0.9802811904000752, -0.18456561848610742, -0.07059971827600692, 7.321579900447047e-16, 0.17688654797474967, 0.9788415637868253, -0.1028607901434686, 0.8571822097646553, 0.08809050399099493, 0.08834435735349905, 0.9921871484908525, -8.743309943775015e-16, 0.0, 0.0, 0.0, 2.0]}
#23
data modify storage ps:ani_data data[-1].frames append value {}
data modify storage ps:ani_data data[-1].frames[-1].part_1 set value {interpolation_duration:1,start_interpolation:0,transformation:[0.7370639506796481, -0.6695723218849374, -0.09170408046604213, 2.72824594601892e-16, 0.6679481022916067, 0.7423919652723705, -0.051956737234627404, 0.6130608889606453, 0.10286916570843568, -0.022958128509110793, 0.9944299166265107, -3.084717196177926e-16, 0.0, 0.0, 0.0, 2.0]}
#24
data modify storage ps:ani_data data[-1].frames append value {}
data modify storage ps:ani_data data[-1].frames[-1].part_1 set value {interpolation_duration:1,start_interpolation:0,transformation:[0.2763465743567085, -0.9516232863818676, -0.13433425347649067, 9.791290646153917e-17, 0.9593392778829294, 0.28150016881251205, -0.020635039849403066, 0.34460328914637955, 0.05745189946704466, -0.12316970315098225, 0.990721203706334, -1.05919731676947e-16, 0.0, 0.0, 0.0, 2.0]}
#25
data modify storage ps:ani_data data[-1].frames append value {}
data modify storage ps:ani_data data[-1].frames[-1].part_1 set value {interpolation_duration:1,start_interpolation:0,transformation:[-0.0778359175499963, -0.930757058963224, -0.3572574241765724, -5.132745581714065e-05, 0.9962168872676239, -0.08650276041560045, 0.008317810005480097, 0.21444836260009711, -0.03864561374795613, -0.3552584546926511, 0.9339689218102671, 0.001328999515198837, 0.0, 0.0, 0.0, 2.0]}
#26
data modify storage ps:ani_data data[-1].frames append value {}
data modify storage ps:ani_data data[-1].frames[-1].part_1 set value {interpolation_duration:1,start_interpolation:0,transformation:[-0.26188850327318075, -0.7686608345835065, -0.5835879824248611, -0.0001915097401163378, 0.9650399349701835, -0.2152116364315854, -0.14960573337002472, 0.2710010105760518, -0.010598856828780865, -0.6023657302020309, 0.798149855172634, 0.0012238209786075815, 0.0, 0.0, 0.0, 2.0]}
#27
data modify storage ps:ani_data data[-1].frames append value {}
data modify storage ps:ani_data data[-1].frames[-1].part_1 set value {interpolation_duration:1,start_interpolation:0,transformation:[-0.3983591553096268, -0.5391292343575963, -0.7420577147648235, -5.507473240649668e-05, 0.914114348689243, -0.29997274153456766, -0.27278436879094825, 0.3102737148553208, -0.07553105918389626, -0.7869917553553066, 0.612322656857748, 0.0003354116091949905, 0.0, 0.0, 0.0, 2.0]}
#28
data modify storage ps:ani_data data[-1].frames append value {}
data modify storage ps:ani_data data[-1].frames[-1].part_1 set value {interpolation_duration:1,start_interpolation:0,transformation:[-0.49704099141997254, -0.25993882034574983, -0.8278780480997853, -1.3913477240690072e-05, 0.8523886388963943, -0.3248580667980399, -0.4097570557252095, 0.3244846504148447, -0.16243109655667232, -0.9093398958109669, 0.3830366728629215, 8.441738831693933e-05, 0.0, 0.0, 0.0, 2.0]}
#29
data modify storage ps:ani_data data[-1].frames append value {}
data modify storage ps:ani_data data[-1].frames[-1].part_1 set value {interpolation_duration:1,start_interpolation:0,transformation:[-0.526810559781996, 0.015793343642353214, -0.8498359867637841, -0.00021006678050064146, 0.7857186319804706, -0.3723255574696419, -0.4939837149275856, 0.3251560451443819, -0.3242173120931668, -0.9279678063120052, 0.18373591099065847, 0.00024268267943789777, 0.0, 0.0, 0.0, 2.0]}
#30
data modify storage ps:ani_data data[-1].frames append value {}
data modify storage ps:ani_data data[-1].frames[-1].part_1 set value {interpolation_duration:1,start_interpolation:0,transformation:[-0.4652768767711626, 0.26374016918302856, -0.8449606802102567, 1.3691221439160602e-05, 0.7080590993677525, -0.46195868287011144, -0.5340847190506753, 0.3180713722022149, -0.531196517067459, -0.8467793682419399, 0.028195066504291544, -0.0001994917507926917, 0.0, 0.0, 0.0, 2.0]}
#31
data modify storage ps:ani_data data[-1].frames append value {}
data modify storage ps:ani_data data[-1].frames[-1].part_1 set value {interpolation_duration:1,start_interpolation:0,transformation:[-0.32823313285812544, 0.462032952806107, -0.8238862549013727, 0.00014741172387159045, 0.5913299213518768, -0.5796538377443483, -0.5606517212157934, 0.2989934244842629, -0.7366083997675584, -0.6712130652106815, -0.08295231450874765, -0.00024697350276909377, 0.0, 0.0, 0.0, 2.0]}
#32
data modify storage ps:ani_data data[-1].frames append value {}
data modify storage ps:ani_data data[-1].frames[-1].part_1 set value {interpolation_duration:1,start_interpolation:0,transformation:[-0.1280731888095187, 0.5803713183471709, -0.8042178754219079, 0.00014345871239607787, 0.4151933805386591, -0.7050405365312478, -0.5749193844397751, 0.2628458542194062, -0.9006729234661387, -0.40753769725964795, -0.15066953987870937, -0.00013528655969961262, 0.0, 0.0, 0.0, 2.0]}
#33
data modify storage ps:ani_data data[-1].frames append value {}
data modify storage ps:ani_data data[-1].frames[-1].part_1 set value {interpolation_duration:1,start_interpolation:0,transformation:[0.10675235564996868, 0.5937522758693258, -0.7975350584539708, 0.00011926043403754746, 0.17423501551561202, -0.8008780791455563, -0.5729192453674415, 0.20655601842950344, -0.97890045149211, -0.07779805424379542, -0.18894805853573207, -8.846759646051362e-05, 0.0, 0.0, 0.0, 2.0]}
#34
data modify storage ps:ani_data data[-1].frames append value {}
data modify storage ps:ani_data data[-1].frames[-1].part_1 set value {interpolation_duration:1,start_interpolation:0,transformation:[0.3219184399259262, 0.45488949576475035, -0.8303276851210905, 0.0008447525515875475, -0.04544257327777208, -0.8685787514641378, -0.4934631952221904, 0.13695627158814955, -0.9456762081016692, 0.19658712864246833, -0.25894016737956566, 0.00013021378146080195, 0.0, 0.0, 0.0, 2.0]}
#35
data modify storage ps:ani_data data[-1].frames append value {}
data modify storage ps:ani_data data[-1].frames[-1].part_1 set value {interpolation_duration:1,start_interpolation:0,transformation:[0.4713056859709073, 0.14227486352588684, -0.8704187575989978, 0.000487130306245313, 0.028737042887417023, -0.9888562090409757, -0.14607388612341599, 0.07472677604675564, -0.8815016351304058, 0.043832191934698124, -0.4701421127835929, 8.845971343738281e-05, 0.0, 0.0, 0.0, 2.0]}
#36
data modify storage ps:ani_data data[-1].frames append value {}
data modify storage ps:ani_data data[-1].frames[-1].part_1 set value {interpolation_duration:1,start_interpolation:0,transformation:[0.5618106247290429, 0.033357453880357844, -0.8265930692984198, 7.201818877169767e-05, -0.019422109657257866, -0.998379456573895, -0.05349058185957014, 0.02843450110703309, -0.8270378489513184, 0.04610575844548838, -0.5602523140872713, -0.0009268786446887055, 0.0, 0.0, 0.0, 2.0]}
#37
data modify storage ps:ani_data data[-1].frames append value {}
data modify storage ps:ani_data data[-1].frames[-1].part_1 set value {interpolation_duration:1,start_interpolation:0,transformation:[0.5661270211982674, 0.0011465013763727893, -0.8243172213436823, -0.00013756789554591982, -0.01334456345624772, -0.99985524189201, -0.010555467172572608, 0.03236860001677445, -0.8242099965999795, 0.0169758886560632, -0.5660297701614271, -0.0003731005602114552, 0.0, 0.0, 0.0, 2.0]}
#38
data modify storage ps:ani_data data[-1].frames append value {}
data modify storage ps:ani_data data[-1].frames[-1].part_1 set value {interpolation_duration:1,start_interpolation:0,transformation:[0.5658818014567519, -2.3950789631792068e-05, -0.82448637721094, -8.935183012603968e-05, 0.00015649920425249352, -0.9999999784430968, 0.0001364617340616789, 0.03133777007439745, -0.8244863627059336, -0.00020625267385126843, -0.565881785509813, 3.2619246262965424e-05, 0.0, 0.0, 0.0, 2.0]}
#39
data modify storage ps:ani_data data[-1].frames append value {}
data modify storage ps:ani_data data[-1].frames[-1].part_1 set value {interpolation_duration:1,start_interpolation:0,transformation:[0.5659392498476746, 1.5352331447928854e-05, -0.8244469450766113, -8.432249905247397e-05, 1.2100531964549204e-05, -0.999999999873589, -1.031499420793307e-05, 0.03134800832013375, -0.8244469451307513, -4.138586527753729e-06, -0.565939249961905, 1.8809412730035826e-05, 0.0, 0.0, 0.0, 2.0]}
#40
data modify storage ps:ani_data data[-1].frames append value {}
data modify storage ps:ani_data data[-1].frames[-1].part_1 set value {interpolation_duration:1,start_interpolation:0,transformation:[0.565928143660357, -2.135488392083538e-05, -0.8244545686434823, -6.69562131842523e-05, 5.55995052832688e-06, -0.9999999995429538, 2.9718334186355593e-05, 0.031347557965553705, -0.8244545689013, -2.14023683132732e-05, -0.5659281432829698, 3.616302101966089e-05, 0.0, 0.0, 0.0, 2.0]}
#41
data modify storage ps:ani_data data[-1].frames append value {}
data modify storage ps:ani_data data[-1].frames[-1].part_1 set value {interpolation_duration:1,start_interpolation:0,transformation:[0.5659291252730724, 3.678486939451132e-05, -0.8244538942927786, 2.922624552381739e-05, 1.6888702885446103e-05, -0.9999999993120815, -3.302435794982148e-05, 0.031353432363870296, -0.8244538949404184, 4.765489143787576e-06, -0.5659291255050082, 4.384259402005957e-05, 0.0, 0.0, 0.0, 2.0]}
#42
data modify storage ps:ani_data data[-1].frames append value {}
data modify storage ps:ani_data data[-1].frames[-1].part_1 set value {interpolation_duration:1,start_interpolation:0,transformation:[0.5659298245326528, 1.7057701406716443e-05, -0.8244534149443955, -2.7711138856151837e-05, -4.967744102003139e-06, -0.9999999996972627, -2.4099719389072147e-05, 0.03135127658814589, -0.8244534151058884, 1.7734423554610144e-05, -0.5659298242765864, 3.9281996817728294e-05, 0.0, 0.0, 0.0, 2.0]}
#43
data modify storage ps:ani_data data[-1].frames append value {}
data modify storage ps:ani_data data[-1].frames[-1].part_1 set value {interpolation_duration:1,start_interpolation:0,transformation:[0.5659252355816484, 4.205557686409436e-05, -0.8244565640245602, -5.755774780574814e-06, 4.0401609862064734e-05, -0.999999998912934, -2.3277498265801446e-05, 0.0313603434894323, -0.8244565641072702, -2.013604875811359e-05, -0.5659252366655634, 1.1883375721711957e-05, 0.0, 0.0, 0.0, 2.0]}
#44
data modify storage ps:ani_data data[-1].frames append value {}
data modify storage ps:ani_data data[-1].frames[-1].part_1 set value {interpolation_duration:1,start_interpolation:0,transformation:[0.5659246215538436, -2.9718982375750116e-05, -0.8244569860434933, -5.414993669847024e-06, -3.1133436516726216e-05, -0.9999999994076608, 1.4676088970770368e-05, 0.031351451258612155, -0.8244569859912935, 1.7362619139082777e-05, -0.5659246221438783, 3.4758809475714453e-05, 0.0, 0.0, 0.0, 2.0]}
#45
data modify storage ps:ani_data data[-1].frames append value {}
data modify storage ps:ani_data data[-1].frames[-1].part_1 set value {interpolation_duration:1,start_interpolation:0,transformation:[0.5659251425827283, 2.109755750664225e-05, -0.8244566286637589, 1.690764263667503e-06, 2.7068224884824547e-05, -0.999999999609089, -7.009426900182244e-06, 0.031355660511294306, -0.8244566284893523, -1.8349766514546056e-05, -0.5659251429325755, 5.318526179123583e-05, 0.0, 0.0, 0.0, 2.0]}
#46
data modify storage ps:ani_data data[-1].frames append value {}
data modify storage ps:ani_data data[-1].frames[-1].part_1 set value {interpolation_duration:1,start_interpolation:0,transformation:[0.5659164349226254, 3.670367889054404e-05, -0.824462605178249, 2.8343409326212593e-05, 4.893527494989913e-05, -0.9999999987429498, -1.0928818901194728e-05, 0.03135096145368982, -0.8244626045429861, -3.416050603982862e-05, -0.5659164360073448, 3.947650076090144e-05, 0.0, 0.0, 0.0, 2.0]}
#47
data modify storage ps:ani_data data[-1].frames append value {}
data modify storage ps:ani_data data[-1].frames[-1].part_1 set value {interpolation_duration:1,start_interpolation:0,transformation:[0.5659132449091955, 7.488000668515345e-05, -0.8244647922314994, 7.908270893316343e-06, 6.941788417431646e-05, -0.9999999966585784, -4.317407690725846e-05, 0.03136101152547298, -0.8244647927094897, -3.2799819494382336e-05, -0.5659132482162523, 5.69840599847928e-05, 0.0, 0.0, 0.0, 2.0]}
#48
data modify storage ps:ani_data data[-1].frames append value {}
data modify storage ps:ani_data data[-1].frames[-1].part_1 set value {interpolation_duration:1,start_interpolation:0,transformation:[0.5659106196766621, 3.908459147059942e-05, -0.8244665966608777, -1.424920121404877e-05, 3.886299685464765e-05, -0.9999999990299565, -2.0730504873577105e-05, 0.0313571692096363, -0.8244665966713531, -2.0309629893577664e-05, -0.5659106206466485, 3.467037767225319e-05, 0.0, 0.0, 0.0, 2.0]}
#49
data modify storage ps:ani_data data[-1].frames append value {}
data modify storage ps:ani_data data[-1].frames[-1].part_1 set value {interpolation_duration:1,start_interpolation:0,transformation:[0.5659105124840195, 4.458757586349532e-05, -0.8244666699582354, -5.878967903105111e-06, 3.2780383706732445e-05, -0.9999999989640688, -3.1580187560189465e-05, 0.03136121625337305, -0.824466670512229, -9.154773668114624e-06, -0.565910513359373, 3.67960948906062e-05, 0.0, 0.0, 0.0, 2.0]}
#50
data modify storage ps:ani_data data[-1].frames append value {}
data modify storage ps:ani_data data[-1].frames[-1].part_1 set value {interpolation_duration:1,start_interpolation:0,transformation:[0.5659107014114693, 3.638128373917203e-06, -0.824466541476816, -1.7408624310350728e-06, 2.1569944253392012e-05, -0.9999999997133632, 1.0392821876823153e-05, 0.0313506643518215, -0.8244665412026834, -2.3665106456399293e-05, -0.5659107013277326, 9.549228474570695e-06, 0.0, 0.0, 0.0, 2.0]}
#51
data modify storage ps:ani_data data[-1].frames append value {}
data modify storage ps:ani_data data[-1].frames[-1].part_1 set value {interpolation_duration:1,start_interpolation:0,transformation:[0.5659085152532428, 5.10430567609492e-05, -0.824468040471234, -6.642245234505159e-06, 4.287142539677274e-05, -0.9999999985534261, -3.248367514491692e-05, 0.03135312519921303, -0.824468040936646, -1.6963331717857318e-05, -0.5659085166229026, -3.81730462651723e-05, 0.0, 0.0, 0.0, 2.0]}
#52
data modify storage ps:ani_data data[-1].frames append value {}
data modify storage ps:ani_data data[-1].frames[-1].part_1 set value {interpolation_duration:1,start_interpolation:0,transformation:[0.5659011553661664, 4.921663197893402e-05, -0.824473092303782, 3.0954523958756186e-05, 3.901271697492918e-05, -0.9999999986972348, -3.29171328428642e-05, 0.03135927479665595, -0.824473092849758, -1.3537091896373684e-05, -0.5659011565490045, -4.058607734145609e-05, 0.0, 0.0, 0.0, 2.0]}
#53
data modify storage ps:ani_data data[-1].frames append value {}
data modify storage ps:ani_data data[-1].frames[-1].part_1 set value {interpolation_duration:1,start_interpolation:0,transformation:[0.5659032308147122, 4.318527583458081e-05, -0.8244716680932718, -2.786655054987467e-05, 3.184651123960041e-05, -0.9999999990271512, -3.0520432861077344e-05, 0.03136005123302502, -0.8244716686092192, -8.984934682717304e-06, -0.5659032316394743, 5.33159549123237e-05, 0.0, 0.0, 0.0, 2.0]}
#54
data modify storage ps:ani_data data[-1].frames append value {}
data modify storage ps:ani_data data[-1].frames[-1].part_1 set value {interpolation_duration:1,start_interpolation:0,transformation:[0.565905244006145, 6.306343208594087e-05, -0.8244702849887003, 1.6148556323536326e-05, 6.622757332175429e-06, -0.9999999973901099, -7.194386492426093e-05, 0.031351145273523714, -0.8244702873739503, 3.525314380963935e-05, -0.5659052429468481, 6.11756094426064e-05, 0.0, 0.0, 0.0, 2.0]}
#55
data modify storage ps:ani_data data[-1].frames append value {}
data modify storage ps:ani_data data[-1].frames[-1].part_1 set value {interpolation_duration:1,start_interpolation:0,transformation:[0.5659063096931856, 4.402726394568422e-06, -0.8244695559146232, 8.113926710313372e-05, -1.83772584108609e-05, -0.999999999669965, -1.7954007854495687e-05, 0.03134944415826733, -0.824469555721566, 2.531177641007089e-05, -0.5659063094255067, 7.068543274435012e-05, 0.0, 0.0, 0.0, 2.0]}
#56
data modify storage ps:ani_data data[-1].frames append value {}
data modify storage ps:ani_data data[-1].frames[-1].part_1 set value {interpolation_duration:1,start_interpolation:0,transformation:[0.565915054814463, 5.2296505245963084e-05, -0.8244635516500521, 3.5774670036935806e-05, 3.86863704379868e-05, -0.999999998571745, -3.687647035873972e-05, 0.031361628071453665, -0.824463552401019, -1.1026552627322066e-05, -0.5659150560293542, 5.716181141936843e-06, 0.0, 0.0, 0.0, 2.0]}
#57
data modify storage ps:ani_data data[-1].frames append value {}
data modify storage ps:ani_data data[-1].frames[-1].part_1 set value {interpolation_duration:1,start_interpolation:0,transformation:[0.5659424018891749, 5.266462869562359e-05, -0.8244447798187265, 3.611599003497385e-05, 4.362986199953233e-05, -0.9999999984726269, -3.392906402685565e-05, 0.03136153764295289, -0.8244447803463532, -1.6768515980515573e-05, -0.5659424033225202, 1.0523006854178477e-05, 0.0, 0.0, 0.0, 2.0]}
#58
data modify storage ps:ani_data data[-1].frames append value {}
data modify storage ps:ani_data data[-1].frames[-1].part_1 set value {interpolation_duration:1,start_interpolation:0,transformation:[0.5659737806603894, 1.8682886580298136e-06, -0.8244232405757947, 2.163269757759408e-05, 1.7501095050385479e-06, -0.9999999999979016, -1.064711087325108e-06, 0.03135855390413508, -0.8244232405760539, -8.402323901019544e-07, -0.5659737806624717, -1.3832496025354253e-05, 0.0, 0.0, 0.0, 2.0]}
#59
data modify storage ps:ani_data data[-1].frames append value {}
data modify storage ps:ani_data data[-1].frames[-1].part_1 set value {interpolation_duration:1,start_interpolation:0,transformation:[0.565982339583744, 5.3918204120623935e-05, -0.8244173629734749, 1.4695622908869783e-05, 2.7121996388795178e-05, -0.9999999985379356, -4.6781684621944054e-05, 0.03135825174942437, -0.8244173642905084, 4.117762570570124e-06, -0.5659823402186106, -1.4807494134513393e-05, 0.0, 0.0, 0.0, 2.0]}
data modify storage ps:ani_data data[-1].frames[-1].is_last set value 1
data modify storage ps:ani_data data[-1].frames[-1].keep_alive set value 1
