#0
data modify storage ps:ani_data data append value {ani_tag:'coin',height:0.1,width:0.3}
data modify storage ps:ani_data data[-1].parts.part_1 set value {name:'coin',init_pos:[1.0, 0.0, 0.0, 0.0, 0.0, 1.0, 0.0, 0.03125, 0.0, 0.0, 1.0, 0.0, 0.0, 0.0, 0.0, 2.0],item_model:'coin_test'}
#1
data modify storage ps:ani_data data[-1].frames append value {}
data modify storage ps:ani_data data[-1].frames[-1].part_1 set value {interpolation_duration:1,start_interpolation:0,transformation:[0.6815557582835328, -0.728127657040898, 0.07288253153322172, -0.0013466676380218827, 0.7309249924825746, 0.6726130908793951, -0.1155001529956336, 0.2480419561251408, 0.03507711098290071, 0.1319914581698342, 0.99063002743471, 0.00016586290267650211, 0.0, 0.0, 0.0, 2.0]}
#2
data modify storage ps:ani_data data[-1].frames append value {}
data modify storage ps:ani_data data[-1].frames[-1].part_1 set value {interpolation_duration:1,start_interpolation:0,transformation:[0.052816360202065434, -0.9727252269022654, 0.22586736161504495, -0.00046592449450810086, 0.984852666115803, 0.013332018705456255, -0.17287996795994617, 0.5322733631018729, 0.16515343817069122, 0.2315769639346132, 0.9586951818149638, 9.521504269373258e-06, 0.0, 0.0, 0.0, 2.0]}
#3
data modify storage ps:ani_data data[-1].frames append value {}
data modify storage ps:ani_data data[-1].frames[-1].part_1 set value {interpolation_duration:1,start_interpolation:0,transformation:[-0.5736761284846374, -0.7266301990006399, 0.3780267894040948, -0.00011873246225266525, 0.750890334576587, -0.650919435562283, -0.11165838010082067, 0.7898568298493958, 0.32719933533908385, 0.21980091516544895, 0.9190365349898189, 1.5676362452769822e-06, 0.0, 0.0, 0.0, 2.0]}
#4
data modify storage ps:ani_data data[-1].frames append value {}
data modify storage ps:ani_data data[-1].frames[-1].part_1 set value {interpolation_duration:1,start_interpolation:0,transformation:[-0.8844288367627797, -0.11637354417128758, 0.4519323300223711, -2.9544282246289526e-05, 0.15040557581278405, -0.987815727534615, 0.03997813401953394, 1.0215049295439074, 0.4417734662322544, 0.10333095689227081, 0.8911559447598758, 3.390999231162112e-07, 0.0, 0.0, 0.0, 2.0]}
#5
data modify storage ps:ani_data data[-1].frames append value {}
data modify storage ps:ani_data data[-1].frames[-1].part_1 set value {interpolation_duration:1,start_interpolation:0,transformation:[-0.7272942969498454, 0.5517165607088725, 0.40823013394873525, -7.323621677893819e-06, -0.5145964030018596, -0.8319334506450123, 0.20755065819078924, 1.2274952225105837, 0.4541294393031321, -0.05912334849663878, 0.8889718117132664, 7.222797117556749e-08, 0.0, 0.0, 0.0, 2.0]}
#6
data modify storage ps:ani_data data[-1].frames append value {}
data modify storage ps:ani_data data[-1].frames[-1].part_1 set value {interpolation_duration:1,start_interpolation:0,transformation:[-0.18379676268887976, 0.9462865502687596, 0.2660084863412027, -1.810670345647391e-06, -0.9143298942810799, -0.26393192799621873, 0.3071494453977534, 1.407962611198095, 0.36085952176579233, -0.18676643746843014, 0.9137279154027824, 1.406054051848872e-08, 0.0, 0.0, 0.0, 2.0]}
#7
data modify storage ps:ani_data data[-1].frames append value {}
data modify storage ps:ani_data data[-1].frames[-1].part_1 set value {interpolation_duration:1,start_interpolation:0,transformation:[0.4753706190227307, 0.8747464115694106, 0.0940291976802169, -4.4619254875149174e-07, -0.8542027336323783, 0.4333175998889651, 0.28735613353718237, 1.5629951393457473, 0.21061924039583407, -0.21692066077924943, 0.9531972316903652, 2.210570148057529e-09, 0.0, 0.0, 0.0, 2.0]}
#8
data modify storage ps:ani_data data[-1].frames append value {}
data modify storage ps:ani_data data[-1].frames[-1].part_1 set value {interpolation_duration:1,start_interpolation:0,transformation:[0.9265611206504919, 0.37544631862096783, -0.022903090028802482, -1.09467430181585e-07, -0.36768852627695786, 0.9168895142512781, 0.15530217738439536, 1.6926653837429206, 0.07930723386415378, -0.13547575609686802, 0.9876014794272019, 1.2588538942938512e-10, 0.0, 0.0, 0.0, 2.0]}
#9
data modify storage ps:ani_data data[-1].frames append value {}
data modify storage ps:ani_data data[-1].frames[-1].part_1 set value {interpolation_duration:1,start_interpolation:0,transformation:[0.9520350341005646, -0.30489958206962137, -0.025798036725822315, -2.669534645884858e-08, 0.3042545224714195, 0.9522321911307177, -0.02613502879433697, 1.7970407409684155, 0.03253428039507137, 0.017032293684720624, 0.9993254832991162, -1.0819954118334183e-10, 0.0, 0.0, 0.0, 2.0]}
#10
data modify storage ps:ani_data data[-1].frames append value {}
data modify storage ps:ani_data data[-1].frames[-1].part_1 set value {interpolation_duration:1,start_interpolation:0,transformation:[0.5436724494286485, -0.8345538562256821, 0.0891074003161192, -6.456367798185781e-09, 0.8340205596687409, 0.5253140373580517, -0.168685708358543, 1.8761867984360763, 0.0939679401822421, 0.16602717612917206, 0.9816338436527537, -7.277531976504668e-11, 0.0, 0.0, 0.0, 2.0]}
#11
data modify storage ps:ani_data data[-1].frames append value {}
data modify storage ps:ani_data data[-1].frames[-1].part_1 set value {interpolation_duration:1,start_interpolation:0,transformation:[-0.09702674027725364, -0.9585572386654647, 0.2678690573269139, -1.5434740774767923e-09, 0.9672169068300811, -0.1542740086933439, -0.20172006688412525, 1.930168439305163, 0.23468546357459014, 0.23951524052495116, 0.9421014715746144, -3.3166672060077273e-11, 0.0, 0.0, 0.0, 2.0]}
#12
data modify storage ps:ani_data data[-1].frames append value {}
data modify storage ps:ani_data data[-1].frames[-1].part_1 set value {interpolation_duration:1,start_interpolation:0,transformation:[-0.6597216977497977, -0.6201056979830194, 0.4245423475309815, -3.6288888126486933e-10, 0.6435650043609552, -0.7578855709112271, -0.10692776330984824, 1.9590502048227885, 0.388061034735527, 0.20267803219282476, 0.8990718817683245, -1.3195347840253667e-11, 0.0, 0.0, 0.0, 2.0]}
#13
data modify storage ps:ani_data data[-1].frames append value {}
data modify storage ps:ani_data data[-1].frames[-1].part_1 set value {interpolation_duration:1,start_interpolation:0,transformation:[-0.8757057173457297, 0.015565540750806794, 0.48259425043108, -8.323233901027682e-11, 0.02208690834393274, -0.9971426800858175, 0.07224018293913813, 1.9628964133409657, 0.4823397817802383, 0.07392015619848492, 0.8728597512887069, -4.905013059704654e-12, 0.0, 0.0, 0.0, 2.0]}
#14
data modify storage ps:ani_data data[-1].frames append value {}
data modify storage ps:ani_data data[-1].frames[-1].part_1 set value {interpolation_duration:1,start_interpolation:0,transformation:[-0.645011014068084, 0.6436089354429916, 0.4119809825086603, -1.8363825319495264e-11, -0.5987027407450216, -0.7606435115428651, 0.2509511437952391, 1.941771199600061, 0.474885059730522, -0.084787891621849, 0.8759538763422765, -1.752394474944347e-12, 0.0, 0.0, 0.0, 2.0]}
#15
data modify storage ps:ani_data data[-1].frames append value {}
data modify storage ps:ani_data data[-1].frames[-1].part_1 set value {interpolation_duration:1,start_interpolation:0,transformation:[-0.08057553073449454, 0.9664132643291274, 0.2440348056642218, -3.7925267568940136e-12, -0.9248002054613803, -0.16381475742059967, 0.34337924402884074, 1.8957385278844174, 0.37182275861684766, -0.19801547358716706, 0.906938646433488, -6.104595287984042e-13, 0.0, 0.0, 0.0, 2.0]}
#16
data modify storage ps:ani_data data[-1].frames append value {}
data modify storage ps:ani_data data[-1].frames[-1].part_1 set value {interpolation_duration:1,start_interpolation:0,transformation:[0.5489977393622866, 0.8338754750679817, 0.05703660452065794, -6.871211598551972e-13, -0.8051834358203029, 0.5093318426981392, 0.30374447928205917, 1.8248621966156828, 0.22423451307885206, -0.21267996166509265, 0.9510447502880316, -2.0908296349516002e-13, 0.0, 0.0, 0.0, 2.0]}
#17
data modify storage ps:ani_data data[-1].frames append value {}
data modify storage ps:ani_data data[-1].frames[-1].part_1 set value {interpolation_duration:1,start_interpolation:0,transformation:[0.9483449021799669, 0.31139456941119453, -0.06062481876662254, -8.639936826855827e-14, -0.29993340484223213, 0.9423401109837783, 0.14844213650721233, 1.7292058401397228, 0.1033532736250517, -0.12259093511470122, 0.9870610738240507, -7.077251555339148e-14, 0.0, 0.0, 0.0, 2.0]}
#18
data modify storage ps:ani_data data[-1].frames append value {}
data modify storage ps:ani_data data[-1].frames[-1].part_1 set value {interpolation_duration:1,start_interpolation:0,transformation:[0.933679492908845, -0.3542833647379495, -0.05221017134082882, 6.3410362970478625e-15, 0.35179753049845747, 0.9346744987859716, -0.051206238432242375, 1.6088329295932084, 0.0669410341768674, 0.029442805388580566, 0.9973224248728099, -2.3755399713693792e-14, 0.0, 0.0, 0.0, 2.0]}
#19
data modify storage ps:ani_data data[-1].frames append value {}
data modify storage ps:ani_data data[-1].frames[-1].part_1 set value {interpolation_duration:1,start_interpolation:0,transformation:[0.5160202574558054, -0.8527946172833506, 0.08040170786611354, 1.0719308184444994e-14, 0.8462316307197162, 0.49299392013170046, -0.20211140958052795, 1.463806773467907, 0.13272196903562575, 0.17233204996669133, 0.9760566292431931, -7.922611767705277e-15, 0.0, 0.0, 0.0, 2.0]}
#20
data modify storage ps:ani_data data[-1].frames append value {}
data modify storage ps:ani_data data[-1].frames[-1].part_1 set value {interpolation_duration:1,start_interpolation:0,transformation:[-0.1075982235199199, -0.9547803986673788, 0.277158822006296, 5.6435200313903995e-15, 0.956560148617087, -0.17539752584787502, -0.23286989930881846, 1.2941905180752, 0.27095258694652197, 0.24006269649198791, 0.932177342236971, -2.624344490020586e-15, 0.0, 0.0, 0.0, 2.0]}
#21
data modify storage ps:ani_data data[-1].frames append value {}
data modify storage ps:ani_data data[-1].frames[-1].part_1 set value {interpolation_duration:1,start_interpolation:0,transformation:[-0.6482586914063029, -0.6160983300754959, 0.4474187263563884, 2.345455424203033e-15, 0.6357668188780851, -0.7613282433914221, -0.12720007007927026, 1.100047147977194, 0.41900026375866106, 0.20199542938570778, 0.8852325262197813, -8.577121054780612e-16, 0.0, 0.0, 0.0, 2.0]}
#22
data modify storage ps:ani_data data[-1].frames append value {}
data modify storage ps:ani_data data[-1].frames[-1].part_1 set value {interpolation_duration:1,start_interpolation:0,transformation:[-0.8591015821690988, 0.005062867737858023, 0.5117800688624168, 8.576405470725659e-16, 0.03471617100089172, -0.9970715674208621, 0.06814012703203694, 0.8814394864061678, 0.5106263398862105, 0.07630633532790213, 0.8564099977249435, -2.7033383523101757e-16, 0.0, 0.0, 0.0, 2.0]}
#23
data modify storage ps:ani_data data[-1].frames append value {}
data modify storage ps:ani_data data[-1].frames[-1].part_1 set value {interpolation_duration:1,start_interpolation:0,transformation:[-0.6469150242710593, 0.6236717897922978, 0.43878747702007864, 2.7931432133564333e-16, -0.57030679423216, -0.7776723373706523, 0.26452957517280057, 0.6384301956794831, 0.5062125164641927, -0.0791153228252134, 0.8587721780945462, -7.736049483203212e-17, 0.0, 0.0, 0.0, 2.0]}
#24
data modify storage ps:ani_data data[-1].frames append value {}
data modify storage ps:ani_data data[-1].frames[-1].part_1 set value {interpolation_duration:1,start_interpolation:0,transformation:[-0.11142966090904331, 0.959251146079351, 0.25965490446965783, 8.282038661566666e-17, -0.9051620079296353, -0.2058182449465686, 0.3719147609976038, 0.3710817776123038, 0.4102013774604932, -0.19358741899350235, 0.89121195073728, -1.7357356050962232e-17, 0.0, 0.0, 0.0, 2.0]}
#25
data modify storage ps:ani_data data[-1].frames append value {}
data modify storage ps:ani_data data[-1].frames[-1].part_1 set value {interpolation_duration:1,start_interpolation:0,transformation:[0.10628260965831172, 0.9161683498965456, 0.3864447716453923, -0.003913200535400939, -0.9821559335058297, 0.15737257094796364, -0.10297376458360609, 0.2702522140148564, -0.1551571112244319, -0.3686047050175413, 0.9165461484701247, 0.002761225154020654, 0.0, 0.0, 0.0, 2.0]}
#26
data modify storage ps:ani_data data[-1].frames append value {}
data modify storage ps:ani_data data[-1].frames[-1].part_1 set value {interpolation_duration:1,start_interpolation:0,transformation:[0.33443616845270685, 0.8093929410460772, 0.4827375231069711, -0.0013970981613846136, -0.9151355007255114, 0.40127416589254405, -0.03880797726125195, 0.27698295974053055, -0.2251209997813166, -0.4287914537068384, 0.8749048089280549, 0.0013918082695718, 0.0, 0.0, 0.0, 2.0]}
#27
data modify storage ps:ani_data data[-1].frames append value {}
data modify storage ps:ani_data data[-1].frames[-1].part_1 set value {interpolation_duration:1,start_interpolation:0,transformation:[0.5275937170769495, 0.6379524477785458, 0.5609470064759142, -0.00035816179333723885, -0.7919114036301945, 0.6083332043250282, 0.052981518627708606, 0.2587348685501272, -0.30744300041045397, -0.47217304760967177, 0.8261545948607996, 0.0003630809020096897, 0.0, 0.0, 0.0, 2.0]}
#28
data modify storage ps:ani_data data[-1].frames append value {}
data modify storage ps:ani_data data[-1].frames[-1].part_1 set value {interpolation_duration:1,start_interpolation:0,transformation:[0.6724124793264902, 0.4157529583104376, 0.6123813642674977, -0.00011893971913039839, -0.6227147531177529, 0.7649822786356105, 0.16440331390505783, 0.21591724737125315, -0.40010972731926686, -0.4918857499761389, 0.7732791314104585, 8.750099480297605e-05, 0.0, 0.0, 0.0, 2.0]}
#29
data modify storage ps:ani_data data[-1].frames append value {}
data modify storage ps:ani_data data[-1].frames[-1].part_1 set value {interpolation_duration:1,start_interpolation:0,transformation:[0.7537421557810475, 0.16003221161691628, 0.6373872087228748, -0.00020235881106924676, -0.35265926877778153, 0.9169125319151332, 0.18682304183933074, 0.15923988725980057, -0.5545306147938627, -0.3655969092620703, 0.747552471198084, 0.00015015596373228548, 0.0, 0.0, 0.0, 2.0]}
#30
data modify storage ps:ani_data data[-1].frames append value {}
data modify storage ps:ani_data data[-1].frames[-1].part_1 set value {interpolation_duration:1,start_interpolation:0,transformation:[0.747778209699503, -0.10671831741949203, 0.655315916047946, -6.428816765590881e-05, -0.02111165558899073, 0.9826771000930463, 0.18411956699659315, 0.080287008488921, -0.6636128744206957, -0.15151540410094835, 0.7325715222578805, 8.967641823786865e-05, 0.0, 0.0, 0.0, 2.0]}
#31
data modify storage ps:ani_data data[-1].frames append value {}
data modify storage ps:ani_data data[-1].frames[-1].part_1 set value {interpolation_duration:1,start_interpolation:0,transformation:[0.7095120751356191, 0.020393453596541475, 0.7043981276857236, 0.0009184484379716152, 0.02133751210330583, 0.9985011202629376, -0.05040062907246188, 0.02279149715254932, -0.7043701624955365, 0.05078995849638315, 0.7080134563000529, -0.00020294710196820244, 0.0, 0.0, 0.0, 2.0]}
#32
data modify storage ps:ani_data data[-1].frames append value {}
data modify storage ps:ani_data data[-1].frames[-1].part_1 set value {interpolation_duration:1,start_interpolation:0,transformation:[0.7091270216330683, 0.0012977248179368737, 0.705079557993359, 0.00036440330113215536, -0.010314719465555029, 0.9999103884543731, 0.008533558658122668, 0.030678514184769048, -0.7050053005135213, -0.01332407487676465, 0.7090768613320545, -0.00012928892865759654, 0.0, 0.0, 0.0, 2.0]}
#33
data modify storage ps:ani_data data[-1].frames append value {}
data modify storage ps:ani_data data[-1].frames[-1].part_1 set value {interpolation_duration:1,start_interpolation:0,transformation:[0.7090302528460769, 0.00017642707679455037, 0.7051780409389634, 0.00018888776559150333, -0.0014352997568758807, 0.9999982583874917, 0.0011929528873028045, 0.031286538836270444, -0.7051766023228762, -0.0018579815580316698, 0.7090292712158602, 0.00013367494055379755, 0.0, 0.0, 0.0, 2.0]}
#34
data modify storage ps:ani_data data[-1].frames append value {}
data modify storage ps:ani_data data[-1].frames[-1].part_1 set value {interpolation_duration:1,start_interpolation:0,transformation:[0.7089891789157485, -2.6637971480891394e-05, 0.7052193584061563, 0.00010357895877729916, 7.6266582766477515e-06, 0.9999999995177561, 3.0105176532018133e-05, 0.03134692644161409, -0.7052193588680096, -1.596577733390867e-05, 0.7089891787770016, 0.00015193404988093863, 0.0, 0.0, 0.0, 2.0]}
#35
data modify storage ps:ani_data data[-1].frames append value {}
data modify storage ps:ani_data data[-1].frames[-1].part_1 set value {interpolation_duration:1,start_interpolation:0,transformation:[0.7089165189758694, -4.232597627007119e-05, 0.7052923984643867, 6.573630678667408e-05, 1.1623803572641896e-05, 0.9999999987646253, 4.832842368075982e-05, 0.03134417804094707, -0.7052923996386341, -2.606263758232773e-05, 0.7089165185920807, 0.00011673830365871946, 0.0, 0.0, 0.0, 2.0]}
#36
data modify storage ps:ani_data data[-1].frames append value {}
data modify storage ps:ani_data data[-1].frames[-1].part_1 set value {interpolation_duration:1,start_interpolation:0,transformation:[0.7089181448945995, -4.8071443314252265e-05, 0.7052907638189627, 6.424108488849879e-05, -9.565802712202658e-07, 0.9999999976107666, 6.911983370765917e-05, 0.03135845225987023, -0.7052907654565486, -4.967497151760004e-05, 0.7089181431548445, 7.352470221857841e-05, 0.0, 0.0, 0.0, 2.0]}
#37
data modify storage ps:ani_data data[-1].frames append value {}
data modify storage ps:ani_data data[-1].frames[-1].part_1 set value {interpolation_duration:1,start_interpolation:0,transformation:[0.708915925125681, 2.357237752622303e-05, 0.7052929962416631, 7.13020539132125e-05, -1.8719464759929206e-05, 0.9999999997181162, -1.4606483966708366e-05, 0.03135993961391662, -0.7052929963871618, -2.8479382944782065e-06, 0.7089159253671115, 4.90480272409021e-05, 0.0, 0.0, 0.0, 2.0]}
#38
data modify storage ps:ani_data data[-1].frames append value {}
data modify storage ps:ani_data data[-1].frames[-1].part_1 set value {interpolation_duration:1,start_interpolation:0,transformation:[0.7089191359850481, -4.81419618011516e-05, 0.7052897676250269, 5.5616789802431474e-05, 8.429369464849084e-08, 0.9999999976761706, 6.817368758660625e-05, 0.031352386329066645, -0.7052897692680686, -4.8270180220500616e-05, 0.7089191343416992, 4.3824852422451716e-05, 0.0, 0.0, 0.0, 2.0]}
#39
data modify storage ps:ani_data data[-1].frames append value {}
data modify storage ps:ani_data data[-1].frames[-1].part_1 set value {interpolation_duration:1,start_interpolation:0,transformation:[0.7089202657495784, -3.1598705431274875e-05, 0.7052886329801923, 1.5574372559809724e-05, -8.291662730233794e-06, 0.9999999985538603, 5.3136873868849774e-05, 0.03135664368162195, -0.7052886336393027, -4.351782221634623e-05, 0.7089202644623752, -2.8879168702256292e-05, 0.0, 0.0, 0.0, 2.0]}
#40
data modify storage ps:ani_data data[-1].frames append value {}
data modify storage ps:ani_data data[-1].frames[-1].part_1 set value {interpolation_duration:1,start_interpolation:0,transformation:[0.7089204656390656, -4.887376372019521e-05, 0.7052884310758579, 6.0129442010590015e-05, 3.305121218860296e-05, 0.9999999988031159, 3.607472036399028e-05, 0.03136934724129188, -0.7052884319948168, -2.2634699685840228e-06, 0.7089204664059072, -1.6445507795149661e-06, 0.0, 0.0, 0.0, 2.0]}
#41
data modify storage ps:ani_data data[-1].frames append value {}
data modify storage ps:ani_data data[-1].frames[-1].part_1 set value {interpolation_duration:1,start_interpolation:0,transformation:[0.7089205961207412, -5.0216204834986776e-05, 0.7052882998279112, 4.259011741296665e-05, 4.747503405898288e-05, 0.9999999985974052, 2.3480008561956562e-05, 0.03136545536728235, -0.7052883000177543, 1.6838124389069856e-05, 0.7089205975104289, 6.483190396196432e-06, 0.0, 0.0, 0.0, 2.0]}
#42
data modify storage ps:ani_data data[-1].frames append value {}
data modify storage ps:ani_data data[-1].frames[-1].part_1 set value {interpolation_duration:1,start_interpolation:0,transformation:[0.708923267865619, -6.359568042172081e-05, 0.7052856132336185, 5.629396560092931e-06, 4.7126575451746146e-05, 0.999999997973603, 4.280046814209463e-05, 0.03136032099200825, -0.7052856145263545, 2.89544792561312e-06, 0.7089232694261057, 1.1549431986627009e-05, 0.0, 0.0, 0.0, 2.0]}
#43
data modify storage ps:ani_data data[-1].frames append value {}
data modify storage ps:ani_data data[-1].frames[-1].part_1 set value {interpolation_duration:1,start_interpolation:0,transformation:[0.7089231269720083, -4.419748562459577e-05, 0.7052857563362612, -1.9358636609347604e-05, 3.15404610769065e-05, 0.9999999990232477, 3.0962943874106355e-05, 0.03135768993229623, -0.7052857570158558, 2.946909543301394e-07, 0.7089231276735752, -1.5225330540574365e-06, 0.0, 0.0, 0.0, 2.0]}
#44
data modify storage ps:ani_data data[-1].frames append value {}
data modify storage ps:ani_data data[-1].frames[-1].part_1 set value {interpolation_duration:1,start_interpolation:0,transformation:[0.7088970201516117, -4.445921220328789e-05, 0.7053119968095988, -3.725840450715434e-05, 2.8023134181031902e-05, 0.9999999989994199, 3.4869243616736214e-05, 0.03135891119310019, -0.7053119976541368, -4.953650168757982e-06, 0.70889702068819, -2.740780766521884e-05, 0.0, 0.0, 0.0, 2.0]}
#45
data modify storage ps:ani_data data[-1].frames append value {}
data modify storage ps:ani_data data[-1].frames[-1].part_1 set value {interpolation_duration:1,start_interpolation:0,transformation:[0.7088981179252516, -2.5708926727772482e-05, 0.705310894387069, -2.918473080280415e-05, 3.759522511363022e-05, 0.9999999992924071, -1.335946493874076e-06, 0.03136210363958553, -0.7053108938536503, 2.7463371804733907e-05, 0.7088981183901731, 1.1625171663242502e-05, 0.0, 0.0, 0.0, 2.0]}
#46
data modify storage ps:ani_data data[-1].frames append value {}
data modify storage ps:ani_data data[-1].frames[-1].part_1 set value {interpolation_duration:1,start_interpolation:0,transformation:[0.7088974182627886, -5.251137097851905e-05, 0.7053115961211105, -5.281709136070061e-05, 4.2928034187501455e-05, 0.9999999985885896, 3.130502662825362e-05, 0.03136400370617717, -0.7053115967694962, 8.085587755711408e-06, 0.7088974195164535, 9.66384347861401e-06, 0.0, 0.0, 0.0, 2.0]}
#47
data modify storage ps:ani_data data[-1].frames append value {}
data modify storage ps:ani_data data[-1].frames[-1].part_1 set value {interpolation_duration:1,start_interpolation:0,transformation:[0.7089001655880366, -3.047739987880153e-05, 0.7053088361139268, -5.402130347550564e-05, 4.5429918690431496e-05, 0.9999999989650602, -2.4498162316508503e-06, 0.03136087748267944, -0.7053088353093108, 3.377879820857612e-05, 0.7089001662389536, -1.6172610916243354e-05, 0.0, 0.0, 0.0, 2.0]}
#48
data modify storage ps:ani_data data[-1].frames append value {}
data modify storage ps:ani_data data[-1].frames[-1].part_1 set value {interpolation_duration:1,start_interpolation:0,transformation:[0.7089114830144562, -5.5352201891787726e-05, 0.7052974593647546, -7.028421038592e-06, 4.4409720446927235e-05, 0.9999999984412015, 3.3843367371144404e-05, 0.03136042957321922, -0.705297460138643, 7.330111249035739e-06, 0.7089114843675819, 8.463674183630201e-06, 0.0, 0.0, 0.0, 2.0]}
#49
data modify storage ps:ani_data data[-1].frames append value {}
data modify storage ps:ani_data data[-1].frames[-1].part_1 set value {interpolation_duration:1,start_interpolation:0,transformation:[0.7089104046954682, -3.550382005878872e-05, 0.7052985444859402, 2.062071782118822e-05, 3.6434192333556366e-05, 0.9999999992421839, 1.3717938418547587e-05, 0.03136587564316353, -0.7052985444384929, 1.5972193546498034e-05, 0.7089104054517973, 1.7420185192549588e-05, 0.0, 0.0, 0.0, 2.0]}
#50
data modify storage ps:ani_data data[-1].frames append value {}
data modify storage ps:ani_data data[-1].frames[-1].part_1 set value {interpolation_duration:1,start_interpolation:0,transformation:[0.7089104453970849, -4.842336067301572e-05, 0.7052985028072047, 5.173603462981435e-05, 5.045703486488077e-05, 0.999999998566102, 1.794111499420216e-05, 0.03136427611894634, -0.7052985026646478, 2.2868627324831173e-05, 0.7089104468238788, 7.530433082202615e-05, 0.0, 0.0, 0.0, 2.0]}
#51
data modify storage ps:ani_data data[-1].frames append value {}
data modify storage ps:ani_data data[-1].frames[-1].part_1 set value {interpolation_duration:1,start_interpolation:0,transformation:[0.7089067392116303, -5.846462339916651e-05, 0.7053022271921602, 8.587960664628466e-06, 4.756990738565215e-05, 0.9999999982532491, 3.507999041230944e-05, 0.031359249273616344, -0.7053022280111112, 8.682720011659705e-06, 0.7089067407545036, 3.5555456029073906e-05, 0.0, 0.0, 0.0, 2.0]}
#52
data modify storage ps:ani_data data[-1].frames append value {}
data modify storage ps:ani_data data[-1].frames[-1].part_1 set value {interpolation_duration:1,start_interpolation:0,transformation:[0.7089072726302469, -5.2737056327914724e-05, 0.7053016914985724, 1.9956912555708076e-05, 4.392538047788814e-05, 0.9999999985664146, 3.062240575745135e-05, 0.03136024519886582, -0.7053016921023978, 9.27219900388127e-06, 0.708907273930463, -1.2328335571994091e-05, 0.0, 0.0, 0.0, 2.0]}
#53
data modify storage ps:ani_data data[-1].frames append value {}
data modify storage ps:ani_data data[-1].frames[-1].part_1 set value {interpolation_duration:1,start_interpolation:0,transformation:[0.7089090957082307, -4.177630567041374e-05, 0.7052998598304687, 5.197506735491583e-05, 3.3745985010636834e-05, 0.9999999991102224, 2.5313304216251304e-05, 0.031358762015235825, -0.7052998602604051, 5.856206896513206e-06, 0.7089090964872419, -1.2235427781508362e-06, 0.0, 0.0, 0.0, 2.0]}
#54
data modify storage ps:ani_data data[-1].frames append value {}
data modify storage ps:ani_data data[-1].frames[-1].part_1 set value {interpolation_duration:1,start_interpolation:0,transformation:[0.7089220577408759, -2.721076818819771e-05, 0.7052868319400384, 4.090745902973112e-05, 6.978392762870178e-05, 0.9999999970670067, -3.156247423783386e-05, 0.03135156563060673, -0.7052868290125976, 7.159301942165857e-05, 0.7089220575604867, 7.396337814659471e-05, 0.0, 0.0, 0.0, 2.0]}
#55
data modify storage ps:ani_data data[-1].frames append value {}
data modify storage ps:ani_data data[-1].frames[-1].part_1 set value {interpolation_duration:1,start_interpolation:0,transformation:[0.7089230872878206, -6.283752383936721e-05, 0.7052857948106924, 5.162024246059652e-05, 6.522278421418587e-05, 0.9999999975960232, 2.353597118191613e-05, 0.03135780803725167, -0.7052857945941441, 2.9315509851667222e-05, 0.708923089682024, 7.486584004791928e-05, 0.0, 0.0, 0.0, 2.0]}
#56
data modify storage ps:ani_data data[-1].frames append value {}
data modify storage ps:ani_data data[-1].frames[-1].part_1 set value {interpolation_duration:1,start_interpolation:0,transformation:[0.7089228253008862, -5.5647744194560554e-05, 0.7052860587525728, 5.002880406637189e-05, 5.438800947299773e-05, 0.9999999982273653, 2.4232497645078626e-05, 0.03136368567994159, -0.7052860588508422, 2.1180134149961952e-05, 0.708922827070795, 5.3943653260446166e-05, 0.0, 0.0, 0.0, 2.0]}
#57
data modify storage ps:ani_data data[-1].frames append value {}
data modify storage ps:ani_data data[-1].frames[-1].part_1 set value {interpolation_duration:1,start_interpolation:0,transformation:[0.7089159215757138, -4.3745815565006787e-05, 0.7052929988471173, 5.669745828581554e-05, 2.5765370247149984e-05, 0.9999999990154819, 3.6127303645564274e-05, 0.03135547378992733, -0.7052929997331618, -7.439085509922142e-06, 0.7089159220049004, 5.929641578683741e-05, 0.0, 0.0, 0.0, 2.0]}
#58
data modify storage ps:ani_data data[-1].frames append value {}
data modify storage ps:ani_data data[-1].frames[-1].part_1 set value {interpolation_duration:1,start_interpolation:0,transformation:[0.7088792695525153, -1.236877253769728e-05, 0.7053298384767976, 5.586473374228149e-05, 1.5063946387601264e-05, 0.9999999998836674, 2.396401133528607e-06, 0.031360438835645175, -0.7053298384243852, 8.926291787299364e-06, 0.708879269656372, 5.4190042345489746e-05, 0.0, 0.0, 0.0, 2.0]}
#59
data modify storage ps:ani_data data[-1].frames append value {}
data modify storage ps:ani_data data[-1].frames[-1].part_1 set value {interpolation_duration:1,start_interpolation:0,transformation:[0.7088781379793395, -9.329961552574356e-06, 0.705330975789307, 9.035805852965121e-05, 1.1572802434458788e-05, 0.9999999999317601, 1.5967750597305358e-06, 0.031359846580920184, -0.7053309757560733, 7.0307371026000555e-06, 0.7088781380389396, 5.43388941169469e-05, 0.0, 0.0, 0.0, 2.0]}
data modify storage ps:ani_data data[-1].frames[-1].is_last set value 1
data modify storage ps:ani_data data[-1].frames[-1].keep_alive set value 1
