data modify storage ps:ani_data data append value {ani_tag:'coin',height:0.1,width:0.3}
data modify storage ps:ani_data data[-1].parts.part_1 set value {name:'coin',init_pos:[1.0, 0.0, 0.0, 0.0, 0.0, 1.0, 0.0, 0.03125, 0.0, 0.0, 1.0, 0.0, 0.0, 0.0, 0.0, 2.0],item_model:'cointosser:test_coin'}
data modify storage ps:ani_data data[-1].frames append value {}
data modify storage ps:ani_data data[-1].frames[-1].part_1 set value {interpolation_duration:1,start_interpolation:0,transformation:[0.9923546168749501, -0.08736219391517701, -0.08717890479523852, -0.0007485643648476555, 0.12341651992031683, 0.6977125085332055, 0.7056667896727602, 0.24709032689337668, -0.0008227865630287542, -0.7110310137473812, 0.7031601670399449, 0.00023504492168419718, 0.0, 0.0, 0.0, 2.0]}
data modify storage ps:ani_data data[-1].frames append value {}
data modify storage ps:ani_data data[-1].frames[-1].part_1 set value {interpolation_duration:1,start_interpolation:0,transformation:[0.9463875663569641, -0.16105516405994183, -0.2800210855892249, -0.00028158443461016316, 0.29146316666786815, 0.051966866981709464, 0.9551694442412004, 0.530419826040051, -0.13928315304042085, -0.9855763181335729, 0.09612244489913976, 0.00010205679097265811, 0.0, 0.0, 0.0, 2.0]}
data modify storage ps:ani_data data[-1].frames append value {}
data modify storage ps:ani_data data[-1].frames[-1].part_1 set value {interpolation_duration:1,start_interpolation:0,transformation:[0.8772278349938082, -0.08362598313040691, -0.4727346194828011, -7.202708429484264e-05, 0.3272320574582737, -0.6163542816398232, 0.7162587382195641, 0.7870904735454148, -0.3512698479569529, -0.7830160243888561, -0.5133180295553321, 2.6282598551297952e-05, 0.0, 0.0, 0.0, 2.0]}
data modify storage ps:ani_data data[-1].frames append value {}
data modify storage ps:ani_data data[-1].frames[-1].part_1 set value {interpolation_duration:1,start_interpolation:0,transformation:[0.8176136540945985, 0.11446206050631301, -0.5642750653207412, -1.7899274359911725e-05, 0.21362028810760075, -0.9703960344531491, 0.11268499823147615, 1.0178237596394804, -0.5346721286423142, -0.2126733951914326, -0.8178604659908957, 6.52807309613241e-06, 0.0, 0.0, 0.0, 2.0]}
data modify storage ps:ani_data data[-1].frames append value {}
data modify storage ps:ani_data data[-1].frames[-1].part_1 set value {interpolation_duration:1,start_interpolation:0,transformation:[0.7972396920939462, 0.3379997942559571, -0.5001649852127595, -4.426881704343489e-06, 0.008623200123356713, -0.8348421722629609, -0.5504218271752073, 1.2229001625378386, -0.6036012870840999, 0.4345051052567641, -0.6684839562294864, 1.6121017647396995e-06, 0.0, 0.0, 0.0, 2.0]}
data modify storage ps:ani_data data[-1].frames append value {}
data modify storage ps:ani_data data[-1].frames[-1].part_1 set value {interpolation_duration:1,start_interpolation:0,transformation:[0.8271406837244634, 0.47309119795660376, -0.30335294253363104, -1.0910994373537508e-06, -0.18485058629385737, -0.28072093948663135, -0.941820585292422, 1.4024555367840856, -0.5307245519802565, 0.8350930921458565, -0.14474452451000439, 3.96502211765591e-07, 0.0, 0.0, 0.0, 2.0]}
data modify storage ps:ani_data data[-1].frames append value {}
data modify storage ps:ani_data data[-1].frames[-1].part_1 set value {interpolation_duration:1,start_interpolation:0,transformation:[0.8930370552649882, 0.445072120967971, -0.06629951025995856, -2.677499649094071e-07, -0.27082603597756666, 0.4139513442835611, -0.8690785596265223, 1.5565782340709324, -0.3593578664233139, 0.7940749912337653, 0.49021100776785836, 9.702175699665721e-08, 0.0, 0.0, 0.0, 2.0]}
data modify storage ps:ani_data data[-1].frames append value {}
data modify storage ps:ani_data data[-1].frames[-1].part_1 set value {interpolation_duration:1,start_interpolation:0,transformation:[0.9614451434786031, 0.2587430995908346, 0.09314099256254162, -6.531594800081259e-08, -0.20757358705226778, 0.9049885480015458, -0.3713609214016846, 1.6853409280791933, -0.18037860748897747, 0.3377095444315735, 0.9238050776869304, 2.3575220768260622e-08, 0.0, 0.0, 0.0, 2.0]}
data modify storage ps:ani_data data[-1].frames append value {}
data modify storage ps:ani_data data[-1].frames[-1].part_1 set value {interpolation_duration:1,start_interpolation:0,transformation:[0.995879984155893, -0.00044073036058036447, 0.09068000283638766, -1.5803921444430357e-08, -0.027229470339649196, 0.952387274006795, 0.3036725806768329, 1.7888110431286066, -0.08649631843425576, -0.30489061328065625, 0.9484514224938801, 5.673213087157951e-09, 0.0, 0.0, 0.0, 2.0]}
data modify storage ps:ani_data data[-1].frames append value {}
data modify storage ps:ani_data data[-1].frames[-1].part_1 set value {interpolation_duration:1,start_interpolation:0,transformation:[0.9752196425270221, -0.20618219903473725, -0.08022187750649433, -3.7804963226560146e-09, 0.18115675737060216, 0.5360444639461939, 0.8245232331060214, 1.8670541717249902, -0.12699952003230477, -0.8186239878441368, 0.5601123891128695, 1.3465948637719872e-09, 0.0, 0.0, 0.0, 2.0]}
data modify storage ps:ani_data data[-1].frames append value {}
data modify storage ps:ani_data data[-1].frames[-1].part_1 set value {interpolation_duration:1,start_interpolation:0,transformation:[0.9049790501890612, -0.25327557441877374, -0.3418543580558013, -8.896517934278765e-10, 0.315932175743397, -0.13810527340081968, 0.9386766183243979, 1.9201351947082033, -0.2849557492821422, -0.9574854656138257, -0.04496447585959259, 3.132950112181805e-10, 0.0, 0.0, 0.0, 2.0]}
data modify storage ps:ani_data data[-1].frames append value {}
data modify storage ps:ani_data data[-1].frames[-1].part_1 set value {interpolation_duration:1,start_interpolation:0,transformation:[0.8155934390006697, -0.11109945475462611, -0.5678593605922908, -2.043336373897116e-10, 0.3123108335263135, -0.7416410405096153, 0.5936585805780238, 1.948118648587614, -0.4871029516654152, -0.6615326735581845, -0.570180003414536, 7.070716534769628e-11, 0.0, 0.0, 0.0, 2.0]}
data modify storage ps:ani_data data[-1].frames append value {}
data modify storage ps:ani_data data[-1].frames[-1].part_1 set value {interpolation_duration:1,start_interpolation:0,transformation:[0.7482035475176925, 0.15837075390762717, -0.6442904281367756, -4.518358999678748e-11, 0.17300315189773086, -0.984068170548186, -0.04098469406251287, 1.951068846195238, -0.6405164798156177, -0.0807993813137012, -0.7636819357978373, 1.5190026120930025e-11, 0.0, 0.0, 0.0, 2.0]}
data modify storage ps:ani_data data[-1].frames append value {}
data modify storage ps:ani_data data[-1].frames[-1].part_1 set value {interpolation_duration:1,start_interpolation:0,transformation:[0.7346885450211172, 0.4279365148506101, -0.5264058140562916, -9.3687186210656e-12, -0.03420703974014732, -0.7515917732196421, -0.6587409846523667, 1.9290499165052746, -0.6775416003810907, 0.5019762401608936, -0.5375474249468255, 2.984935966327432e-12, 0.0, 0.0, 0.0, 2.0]}
data modify storage ps:ani_data data[-1].frames append value {}
data modify storage ps:ani_data data[-1].frames[-1].part_1 set value {interpolation_duration:1,start_interpolation:0,transformation:[0.7816826194714928, 0.5655144852180236, -0.26299363000798864, -1.7121847722755423e-12, -0.20991469844694752, -0.1585198209155006, -0.9647835434712, 1.8821258179653746, -0.5872887720637201, 0.8093607560201512, -0.005202386219458255, 4.805511244385049e-13, 0.0, 0.0, 0.0, 2.0]}
data modify storage ps:ani_data data[-1].frames append value {}
data modify storage ps:ani_data data[-1].frames[-1].part_1 set value {interpolation_duration:1,start_interpolation:0,transformation:[0.8665253009252292, 0.49853257556971714, 0.024478029991501442, -2.2197914297098566e-13, -0.2708584963320257, 0.5108531635139405, -0.8158827858783104, 1.8103603431474924, -0.4192488256646578, 0.700352994156249, 0.5776989750338684, 3.321276094721354e-14, 0.0, 0.0, 0.0, 2.0]}
data modify storage ps:ani_data data[-1].frames append value {}
data modify storage ps:ani_data data[-1].frames[-1].part_1 set value {interpolation_duration:1,start_interpolation:0,transformation:[0.9473802559074515, 0.25100299433404727, 0.1986659194529191, 1.1938372620645969e-14, -0.1890260708619597, 0.9395173422152193, -0.28561566520647974, 1.7138171205536257, -0.25834046382868664, 0.23303360382612792, 0.9375262898908949, -2.0158804384780592e-14, 0.0, 0.0, 0.0, 2.0]}
data modify storage ps:ani_data data[-1].frames append value {}
data modify storage ps:ani_data data[-1].frames[-1].part_1 set value {interpolation_duration:1,start_interpolation:0,transformation:[0.982890116709992, -0.06527924003174576, 0.1722371600285367, 2.506136905132481e-14, -0.003916355546695768, 0.9274733302473704, 0.373868805651239, 1.592559615488544, -0.1841512439085056, -0.36814649597779653, 0.9113487130984607, -1.435562147273441e-14, 0.0, 0.0, 0.0, 2.0]}
data modify storage ps:ani_data data[-1].frames append value {}
data modify storage ps:ani_data data[-1].frames[-1].part_1 set value {interpolation_duration:1,start_interpolation:0,transformation:[0.9520540443030325, -0.3020114933906914, -0.04880732103038764, 1.3504185271048054e-14, 0.19708192469049352, 0.4834409815032927, 0.852903002904447, 1.4466511306260665, -0.23399105044110044, -0.821628794081036, 0.5197829480181253, -6.607231595988291e-15, 0.0, 0.0, 0.0, 2.0]}
data modify storage ps:ani_data data[-1].frames append value {}
data modify storage ps:ani_data data[-1].frames[-1].part_1 set value {interpolation_duration:1,start_interpolation:0,transformation:[0.8647912204776351, -0.3442497429604638, -0.36555199282243944, 5.767649420236752e-15, 0.3202116990094519, -0.18268193154069243, 0.9295653714000118, 1.2761548064742088, -0.38678238429675477, -0.9209339967447266, -0.04774893545934997, -2.57690191571271e-15, 0.0, 0.0, 0.0, 2.0]}
data modify storage ps:ani_data data[-1].frames append value {}
data modify storage ps:ani_data data[-1].frames[-1].part_1 set value {interpolation_duration:1,start_interpolation:0,transformation:[0.7580022706794834, -0.16582265791587328, -0.6308212137891859, 2.255777034292061e-15, 0.3089314353985329, -0.7605084389391353, 0.571128954374545, 1.0811336218064689, -0.574450977775605, -0.6277975473224424, -0.5252392918552233, -8.660822598188061e-16, 0.0, 0.0, 0.0, 2.0]}
data modify storage ps:ani_data data[-1].frames append value {}
data modify storage ps:ani_data data[-1].frames[-1].part_1 set value {interpolation_duration:1,start_interpolation:0,transformation:[0.6787854421035694, 0.1562056305001798, -0.717530573974589, 8.655183346549234e-16, 0.16938635775354782, -0.9840697266608969, -0.053991062932074604, 0.8616503940813087, -0.7145338238286897, -0.08489154298037835, -0.6944313072832774, -2.1176985736730173e-16, 0.0, 0.0, 0.0, 2.0]}
data modify storage ps:ani_data data[-1].frames append value {}
data modify storage ps:ani_data data[-1].frames[-1].part_1 set value {interpolation_duration:1,start_interpolation:0,transformation:[0.6625517590577744, 0.4753946385571636, -0.5788135314594436, 3.4776194988785494e-16, -0.03345910597492878, -0.7532089263333542, -0.6569298299811888, 0.6177677798570523, -0.7482684376591108, 0.45461659772038565, -0.4831336194887843, 2.8933101305106307e-18, 0.0, 0.0, 0.0, 2.0]}
data modify storage ps:ani_data data[-1].frames append value {}
data modify storage ps:ani_data data[-1].frames[-1].part_1 set value {interpolation_duration:1,start_interpolation:0,transformation:[0.7162400609346311, 0.6428221569996424, -0.2716244642565966, 1.5474421526120176e-16, -0.20648906148073332, -0.17658230369819436, -0.9623829578236747, 0.349548275204572, -0.666605162447128, 0.7453847090536306, 0.006260423937104496, 4.1542586933734086e-17, 0.0, 0.0, 0.0, 2.0]}
data modify storage ps:ani_data data[-1].frames append value {}
data modify storage ps:ani_data data[-1].frames[-1].part_1 set value {interpolation_duration:1,start_interpolation:0,transformation:[0.7971557488665898, 0.43778155665118723, -0.4158004577979794, -0.0013718159450925767, -0.38226228894477426, -0.1671228333226011, -0.9088154383773022, 0.34866346441464624, -0.4673523879254794, 0.8834122861033171, 0.03412445255330486, -0.0015333732997217051, 0.0, 0.0, 0.0, 2.0]}
data modify storage ps:ani_data data[-1].frames append value {}
data modify storage ps:ani_data data[-1].frames[-1].part_1 set value {interpolation_duration:1,start_interpolation:0,transformation:[0.817397420883515, 0.21891498572865423, -0.5328580348989779, -0.0003728840200526705, -0.5298714114470967, -0.07724930704345381, -0.8445524447258249, 0.32281745152778973, -0.22604810033273662, 0.9726812291726046, 0.052853408132605154, -0.0004167981880419187, 0.0, 0.0, 0.0, 2.0]}
data modify storage ps:ani_data data[-1].frames append value {}
data modify storage ps:ani_data data[-1].frames[-1].part_1 set value {interpolation_duration:1,start_interpolation:0,transformation:[0.7856598121136333, 0.0029163316354511915, -0.618651884858813, -9.378637033796144e-05, -0.6171419786128868, 0.07367538905917977, -0.7833949931425076, 0.2720765868794439, 0.04329477870761237, 0.9972780114174632, 0.059683583001427724, -0.00010483149482872784, 0.0, 0.0, 0.0, 2.0]}
data modify storage ps:ani_data data[-1].frames append value {}
data modify storage ps:ani_data data[-1].frames[-1].part_1 set value {interpolation_duration:1,start_interpolation:0,transformation:[0.7626794826335731, -0.002722376113532967, -0.6467708987254156, 0.0006999094204312281, -0.6334383788880062, 0.19889381089660924, -0.7477948061726278, 0.24649916272161895, 0.13067450754267118, 0.9800172654883792, 0.1499677712815659, 9.895874380848287e-05, 0.0, 0.0, 0.0, 2.0]}
data modify storage ps:ani_data data[-1].frames append value {}
data modify storage ps:ani_data data[-1].frames[-1].part_1 set value {interpolation_duration:1,start_interpolation:0,transformation:[0.7621771467628292, -0.0011812339411460212, -0.6473674394336257, 0.0006008316251781258, -0.6174956322347354, 0.29894088287714266, -0.7275530858402424, 0.24422073932483046, 0.19438400428918318, 0.9542709013854557, 0.22711650236275652, 0.00021862704542963373, 0.0, 0.0, 0.0, 2.0]}
data modify storage ps:ani_data data[-1].frames append value {}
data modify storage ps:ani_data data[-1].frames[-1].part_1 set value {interpolation_duration:1,start_interpolation:0,transformation:[0.7615900373449094, 0.0012781646205151092, -0.6480578533681864, 0.0004128548197107168, -0.5948147045021273, 0.39832798772272104, -0.698233686887717, 0.2376145425162097, 0.2572471230646243, 0.9172421602237711, 0.3041228981563266, 0.0002339212404250997, 0.0, 0.0, 0.0, 2.0]}
data modify storage ps:ani_data data[-1].frames append value {}
data modify storage ps:ani_data data[-1].frames[-1].part_1 set value {interpolation_duration:1,start_interpolation:0,transformation:[0.7609285868900241, 0.0007522709815728075, -0.648835202298643, 0.00044216558914118484, -0.5540610977328079, 0.5211386779037045, -0.6491770008032435, 0.22555424778708225, 0.33764476248368885, 0.853471682295991, 0.39696612183684427, 0.00036202690249801864, 0.0, 0.0, 0.0, 2.0]}
data modify storage ps:ani_data data[-1].frames append value {}
data modify storage ps:ani_data data[-1].frames[-1].part_1 set value {interpolation_duration:1,start_interpolation:0,transformation:[0.7864966152422523, -0.0010722698543495625, -0.6175936564196879, 0.0008276762803110268, -0.4745837341920627, 0.638872826863332, -0.6054847564852254, 0.20815844263416128, 0.39521304818135466, 0.7693116152333943, 0.5019624340667213, 0.0007563852510847201, 0.0, 0.0, 0.0, 2.0]}
data modify storage ps:ani_data data[-1].frames append value {}
data modify storage ps:ani_data data[-1].frames[-1].part_1 set value {interpolation_duration:1,start_interpolation:0,transformation:[0.8132836436004045, 3.743829434462726e-05, -0.5818674364925606, 0.0003276325832802168, -0.36788350405242776, 0.7748005847706788, -0.5141456809943282, 0.17817006298210233, 0.45081198131611055, 0.6322057042113652, 0.630146415576931, 0.0004243882717610536, 0.0, 0.0, 0.0, 2.0]}
data modify storage ps:ani_data data[-1].frames append value {}
data modify storage ps:ani_data data[-1].frames[-1].part_1 set value {interpolation_duration:1,start_interpolation:0,transformation:[0.8350538507412011, -0.0003640052924273342, -0.5501680960056106, 0.00014196560893864308, -0.23222583515969847, 0.9063160136268739, -0.35307569291565843, 0.1304626433706531, 0.49875467701734116, 0.4226004625454625, 0.7567381457344995, 0.0002136530172428226, 0.0, 0.0, 0.0, 2.0]}
data modify storage ps:ani_data data[-1].frames append value {}
data modify storage ps:ani_data data[-1].frames[-1].part_1 set value {interpolation_duration:1,start_interpolation:0,transformation:[0.8528191739227299, 0.001136790710996244, -0.5222050979228676, 3.8475047645305026e-05, -0.07120425304728253, 0.9909111454071053, -0.11412736856668906, 0.06312953412430286, 0.5173291127877214, 0.1345132321180995, 0.8451489687903614, 0.00012699685084309814, 0.0, 0.0, 0.0, 2.0]}
data modify storage ps:ani_data data[-1].frames append value {}
data modify storage ps:ani_data data[-1].frames[-1].part_1 set value {interpolation_duration:1,start_interpolation:0,transformation:[0.8528361778795155, -0.039447149618284987, -0.5206864469974728, 7.816853547268768e-05, 0.043156149034127185, 0.9990558147213571, -0.00500258652993104, 0.0368239830137532, 0.5203921602987537, -0.018204435130975166, 0.853733329583166, 0.00029412635898441015, 0.0, 0.0, 0.0, 2.0]}
data modify storage ps:ani_data data[-1].frames append value {}
data modify storage ps:ani_data data[-1].frames[-1].part_1 set value {interpolation_duration:1,start_interpolation:0,transformation:[0.8470102814036625, -0.01854707661567848, -0.5312528485998925, 0.000104483050870204, 0.015300107841839317, 0.9998276873901011, -0.010512004004488762, 0.03405607045866126, 0.5313562739786896, 0.0007755495950957631, 0.8471481031238333, 0.00010814458099619632, 0.0, 0.0, 0.0, 2.0]}
data modify storage ps:ani_data data[-1].frames append value {}
data modify storage ps:ani_data data[-1].frames[-1].part_1 set value {interpolation_duration:1,start_interpolation:0,transformation:[0.8460778184245337, 0.010700788445409757, -0.532951984982351, -1.8159877059145887e-05, -0.010715153966594216, 0.999937889256212, 0.003066448320659486, 0.030292957248092944, 0.5329516963529187, 0.0031162086704327463, 0.8461399284976854, 3.874219480209644e-05, 0.0, 0.0, 0.0, 2.0]}
data modify storage ps:ani_data data[-1].frames append value {}
data modify storage ps:ani_data data[-1].frames[-1].part_1 set value {interpolation_duration:1,start_interpolation:0,transformation:[0.8461425305075324, 0.0018845904947489278, -0.5329533435348507, 0.00017796024089767449, -0.0013579757225403292, 0.9999981255670843, 0.0013801319700779855, 0.031010795474167314, 0.5329549455331534, -0.0004440506558291096, 0.8461435036982607, 1.0806461411512462e-05, 0.0, 0.0, 0.0, 2.0]}
data modify storage ps:ani_data data[-1].frames append value {}
data modify storage ps:ani_data data[-1].frames[-1].part_1 set value {interpolation_duration:1,start_interpolation:0,transformation:[0.8461486204805609, 0.00023181703800308656, -0.5329469563846894, 0.00017195507534278356, -0.00014911186483594502, 0.9999999692352006, 0.00019823029454887453, 0.031331522173830804, 0.532946985941843, -8.826357574482336e-05, 0.8461486290156393, 3.4383975768052464e-05, 0.0, 0.0, 0.0, 2.0]}
data modify storage ps:ani_data data[-1].frames append value {}
data modify storage ps:ani_data data[-1].frames[-1].part_1 set value {interpolation_duration:1,start_interpolation:0,transformation:[0.846148395293739, 3.232677702683352e-05, -0.5329473633453959, 0.00014252624456781562, -8.333372530017054e-06, 0.9999999988406696, 4.742589781669778e-05, 0.03135835822959692, 0.5329473642606603, -3.568809841531613e-05, 0.8461483945821645, 1.4788228225707423e-05, 0.0, 0.0, 0.0, 2.0]}
data modify storage ps:ani_data data[-1].frames append value {}
data modify storage ps:ani_data data[-1].frames[-1].part_1 set value {interpolation_duration:1,start_interpolation:0,transformation:[0.846150327530427, 1.2770251671957606e-05, -0.5329442963922887, 0.00011078164464172635, -1.1764548957439508e-06, 0.9999999997552389, 2.209385493602553e-05, 0.031353012958792045, 0.5329442965439888, -1.8067737663878218e-05, 0.8461503273383457, 1.9391032176689865e-05, 0.0, 0.0, 0.0, 2.0]}
data modify storage ps:ani_data data[-1].frames append value {}
data modify storage ps:ani_data data[-1].frames[-1].part_1 set value {interpolation_duration:1,start_interpolation:0,transformation:[0.8461510029139452, 3.7430598706775155e-05, -0.5329432229296799, 9.00983096446595e-05, -2.024390362805713e-05, 0.9999999990695686, 3.8092611821904006e-05, 0.03135532561815124, 0.5329432238596422, -2.1443250452501086e-05, 0.8461510028844014, 7.706161409780265e-05, 0.0, 0.0, 0.0, 2.0]}
data modify storage ps:ani_data data[-1].frames append value {}
data modify storage ps:ani_data data[-1].frames[-1].part_1 set value {interpolation_duration:1,start_interpolation:0,transformation:[0.8461595629867582, 1.9512215684683532e-05, -0.532929632864726, 4.2581486571592124e-05, 7.176065097740578e-07, 0.9999999992871168, 3.7752498717945e-05, 0.03136293531215283, 0.5329296332214444, -3.2327071590629716e-05, 0.8461595623695433, 6.41169085009304e-05, 0.0, 0.0, 0.0, 2.0]}
data modify storage ps:ani_data data[-1].frames append value {}
data modify storage ps:ani_data data[-1].frames[-1].part_1 set value {interpolation_duration:1,start_interpolation:0,transformation:[0.8461576296151931, -8.887565214743762e-06, -0.5329327028481256, -7.670913029241868e-06, -3.0787763787661258e-06, 0.999999999762736, -2.156500299941666e-05, 0.03134900327012931, 0.5329327029133402, 1.9888172437631726e-05, 0.8461576293870673, 8.37176863923204e-05, 0.0, 0.0, 0.0, 2.0]}
data modify storage ps:ani_data data[-1].frames append value {}
data modify storage ps:ani_data data[-1].frames[-1].part_1 set value {interpolation_duration:1,start_interpolation:0,transformation:[0.8461585242567978, 6.201461565344084e-07, -0.532931282462545, -6.449225477364136e-05, 2.300572496090771e-05, 0.9999999990250681, 3.769085639989799e-05, 0.03135962255338229, 0.5329312819663471, -4.41529099367097e-05, 0.8461585234175839, 7.482463794133265e-05, 0.0, 0.0, 0.0, 2.0]}
data modify storage ps:ani_data data[-1].frames append value {}
data modify storage ps:ani_data data[-1].frames[-1].part_1 set value {interpolation_duration:1,start_interpolation:0,transformation:[0.8461564170619282, 4.207540165928276e-06, -0.5329346281179489, -2.6691581751445054e-05, 2.6790606692148487e-05, 0.9999999983694737, 5.0431295904951284e-05, 0.03136028805959728, 0.5329346274611767, -5.695040666525787e-05, 0.8461564155695254, 7.102307598112412e-05, 0.0, 0.0, 0.0, 2.0]}
data modify storage ps:ani_data data[-1].frames append value {}
data modify storage ps:ani_data data[-1].frames[-1].part_1 set value {interpolation_duration:1,start_interpolation:0,transformation:[0.8461553248686912, -1.3235972679319262e-05, -0.5329363620744683, -2.7632347138566606e-05, 2.075688403161608e-05, 0.9999999997516067, 8.120247712423158e-06, 0.03135614963041827, 0.532936361834611, -1.793308910493076e-05, 0.8461553249332494, 8.68233097199002e-05, 0.0, 0.0, 0.0, 2.0]}
data modify storage ps:ani_data data[-1].frames append value {}
data modify storage ps:ani_data data[-1].frames[-1].part_1 set value {interpolation_duration:1,start_interpolation:0,transformation:[0.8461553970926116, 3.186662008134767e-05, -0.5329362466145114, -2.147823783332324e-05, -1.031855829087334e-05, 0.999999999004488, 4.3411414420684884e-05, 0.03135960809839534, 0.5329362474673421, -3.123366888147545e-05, 0.8461553965790714, -3.437063064067773e-06, 0.0, 0.0, 0.0, 2.0]}
data modify storage ps:ani_data data[-1].frames append value {}
data modify storage ps:ani_data data[-1].frames[-1].part_1 set value {interpolation_duration:1,start_interpolation:0,transformation:[0.8461556963748441, 3.2448779684864535e-05, -0.5329357714016564, -2.8591323977258725e-05, -1.2811604027484173e-05, 0.999999999095961, 4.054553866996775e-05, 0.031360331910404965, 0.532935772235515, -2.748007643289989e-05, 0.8461556960256075, -1.9703549781578723e-05, 0.0, 0.0, 0.0, 2.0]}
data modify storage ps:ani_data data[-1].frames append value {}
data modify storage ps:ani_data data[-1].frames[-1].part_1 set value {interpolation_duration:1,start_interpolation:0,transformation:[0.8461563372946447, 2.651856212482426e-05, -0.5329347541236894, -6.110234785390286e-06, -1.0806601654352568e-05, 0.9999999994101786, 3.2601528611702e-05, 0.03136419107102505, 0.5329347546738991, -2.1826776444709286e-05, 0.8461563370821392, 1.050782298719088e-05, 0.0, 0.0, 0.0, 2.0]}
data modify storage ps:ani_data data[-1].frames append value {}
data modify storage ps:ani_data data[-1].frames[-1].part_1 set value {interpolation_duration:1,start_interpolation:0,transformation:[0.8461563491575487, 2.6218007648046454e-05, -0.5329347353034747, -5.3856837398318486e-06, 9.641074378541727e-06, 0.999999997873209, 6.450295245029296e-05, 0.03135594792226787, 0.532934735861173, -5.971764617719211e-05, 0.8461563471051816, 6.70096440181032e-06, 0.0, 0.0, 0.0, 2.0]}
data modify storage ps:ani_data data[-1].frames append value {}
data modify storage ps:ani_data data[-1].frames[-1].part_1 set value {interpolation_duration:1,start_interpolation:0,transformation:[0.8461573588150046, -2.1492382367070688e-05, -0.5329331324484273, -2.891011315767488e-05, 3.9160807093253e-06, 0.9999999994105597, -3.411077438735207e-05, 0.03135790965682287, 0.5329331328674168, 2.6776073603394747e-05, 0.8461573584004113, -2.0450317146088832e-06, 0.0, 0.0, 0.0, 2.0]}
data modify storage ps:ani_data data[-1].frames append value {}
data modify storage ps:ani_data data[-1].frames[-1].part_1 set value {interpolation_duration:1,start_interpolation:0,transformation:[0.8461592414104777, 1.2575873810612847e-05, -0.5329301436562699, -9.170456813884134e-06, -1.4359928783087963e-05, 0.9999999998965778, 7.976418083421595e-07, 0.031360677287773586, 0.5329301436111842, 6.977906921800789e-06, 0.8461592415035548, 1.1453899317404765e-05, 0.0, 0.0, 0.0, 2.0]}
data modify storage ps:ani_data data[-1].frames append value {}
data modify storage ps:ani_data data[-1].frames[-1].part_1 set value {interpolation_duration:1,start_interpolation:0,transformation:[0.8461914006978691, 1.1809619138579449e-05, -0.5328790793843488, -5.998656548357541e-06, 1.636745279789106e-05, 0.9999999987067074, 4.815279474258058e-05, 0.03136067382509961, 0.5328790792638464, -4.946835400954821e-05, 0.8461913994102026, 2.2253765799005974e-05, 0.0, 0.0, 0.0, 2.0]}
data modify storage ps:ani_data data[-1].frames append value {}
data modify storage ps:ani_data data[-1].frames[-1].part_1 set value {interpolation_duration:1,start_interpolation:0,transformation:[0.846188471273063, 9.965512919782877e-06, -0.5328837312071415, 3.9821647579308676e-05, 1.4448428061048621e-05, 0.9999999990284949, 4.164436792451561e-05, 0.03135034240034264, 0.5328837311044498, -4.29383162864284e-05, 0.8461884703070006, 3.967270714853984e-05, 0.0, 0.0, 0.0, 2.0]}
data modify storage ps:ani_data data[-1].frames append value {}
data modify storage ps:ani_data data[-1].frames[-1].part_1 set value {interpolation_duration:1,start_interpolation:0,transformation:[0.8461902508371045, 1.888627391872694e-05, -0.5328809051106511, 3.814496215433122e-05, 5.692475495604172e-06, 0.9999999989945085, 4.448121698473025e-05, 0.03135502854511262, 0.5328809054149284, -4.0672983652266315e-05, 0.8461902498787579, -5.234576837159022e-07, 0.0, 0.0, 0.0, 2.0]}
data modify storage ps:ani_data data[-1].frames append value {}
data modify storage ps:ani_data data[-1].frames[-1].part_1 set value {interpolation_duration:1,start_interpolation:0,transformation:[0.8461902771827935, 5.948008989831526e-06, -0.5328808635763986, -2.73851558943066e-07, 1.5479512228963498e-05, 0.9999999992414207, 3.574273919534334e-05, 0.031351978758285465, 0.5328808633847643, -3.849389423129136e-05, 0.8461902764488186, 4.8338467194918356e-06, 0.0, 0.0, 0.0, 2.0]}
data modify storage ps:ani_data data[-1].frames append value {}
data modify storage ps:ani_data data[-1].frames[-1].part_1 set value {interpolation_duration:1,start_interpolation:0,transformation:[0.8461906312230991, 1.7922287589755723e-05, -0.5328803011080862, -1.8541343083558115e-05, 1.0693124696171648e-05, 0.9999999986619869, 5.0613072853495655e-05, 0.0313563637004516, 0.5328803013021873, -4.852646357392245e-05, 0.8461906298992395, -2.323869609590461e-06, 0.0, 0.0, 0.0, 2.0]}
data modify storage ps:ani_data data[-1].frames append value {}
data modify storage ps:ani_data data[-1].frames[-1].part_1 set value {interpolation_duration:1,start_interpolation:0,transformation:[0.8461917566080877, 2.3194173154127185e-06, -0.5328785143380607, -1.7509431591839007e-05, 1.4170588871871755e-05, 0.9999999995390016, 2.685500056571061e-05, 0.03135516588246808, 0.5328785141546926, -3.0275682447748334e-05, 0.8461917561851271, -1.5812841799037283e-05, 0.0, 0.0, 0.0, 2.0]}
data modify storage ps:ani_data data[-1].frames[-1].is_last set value 1
data modify storage ps:ani_data data[-1].frames[-1].keep_alive set value 1
