#0
data modify storage ps:ani_data data append value {ani_tag:'coin',height:0.1,width:0.3}
data modify storage ps:ani_data data[-1].parts.part_1 set value {name:'coin',init_pos:[1.0, 0.0, 0.0, 0.0, 0.0, 1.0, 0.0, 0.03125, 0.0, 0.0, 1.0, 0.0, 0.0, 0.0, 0.0, 2.0],item_model:'coin_test'}
#1
data modify storage ps:ani_data data[-1].frames append value {}
data modify storage ps:ani_data data[-1].frames[-1].part_1 set value {interpolation_duration:1,start_interpolation:0,transformation:[0.9601804117182469, -0.27030661487561614, 0.07062514358968228, -0.0009790493964392738, 0.27389585513453585, 0.8609114512803487, -0.42873363944818366, 0.25385239248601654, 0.055087543897865056, 0.43100557654031485, 0.9006661731731973, 0.001805127777126149, 0.0, 0.0, 0.0, 2.0]}
#2
data modify storage ps:ani_data data[-1].frames append value {}
data modify storage ps:ani_data data[-1].frames[-1].part_1 set value {interpolation_duration:1,start_interpolation:0,transformation:[0.9042426494302725, -0.3862617310754592, 0.18206346711493476, -0.0003389016653623018, 0.39942156546730606, 0.6142859392602066, -0.6805256775955278, 0.5375122277983042, 0.1510219983676811, 0.6880804167637642, 0.7097448105306841, 0.0005455849263329886, 0.0, 0.0, 0.0, 2.0]}
#3
data modify storage ps:ani_data data[-1].frames append value {}
data modify storage ps:ani_data data[-1].frames[-1].part_1 set value {interpolation_duration:1,start_interpolation:0,transformation:[0.8333015956414912, -0.4482936798515148, 0.3234829629308653, -8.636141744756387e-05, 0.47535869147692783, 0.28234377666186494, -0.833256326839261, 0.7946274574790642, 0.2822101435786584, 0.8481242647074201, 0.4483778166633699, 0.00013768045099586595, 0.0, 0.0, 0.0, 2.0]}
#4
data modify storage ps:ani_data data[-1].frames append value {}
data modify storage ps:ani_data data[-1].frames[-1].part_1 set value {interpolation_duration:1,start_interpolation:0,transformation:[0.757286639881932, -0.44817495745336705, 0.4750327910450026, -2.14879508892174e-05, 0.49139008213066565, -0.08809069044552335, -0.8664732064180912, 1.0258419003929675, 0.4301775589683289, 0.8895949852424436, 0.15351882617954782, 3.4197681482087055e-05, 0.0, 0.0, 0.0, 2.0]}
#5
data modify storage ps:ani_data data[-1].frames append value {}
data modify storage ps:ani_data data[-1].frames[-1].part_1 set value {interpolation_duration:1,start_interpolation:0,transformation:[0.6867281791041182, -0.38638714771363114, 0.61571858840388, -5.326079119688896e-06, 0.4456089888302391, -0.4454483187999687, -0.7765361706655866, 1.2314105856092084, 0.5743144061383397, 0.8076390080722984, -0.1337243266648218, 8.465125504229582e-06, 0.0, 0.0, 0.0, 2.0]}
#6
data modify storage ps:ani_data data[-1].frames append value {}
data modify storage ps:ani_data data[-1].frames[-1].part_1 set value {interpolation_duration:1,start_interpolation:0,transformation:[0.6312954384488262, -0.2719021915929087, 0.7263162311284784, -1.316642072289291e-06, 0.3446533318722485, -0.7406063635401102, -0.5768156508913843, 1.4114610306960365, 0.6947518623386782, 0.6144683982849457, -0.37382942271318237, 2.0891082193243563e-06, 0.0, 0.0, 0.0, 2.0]}
#7
data modify storage ps:ani_data data[-1].frames append value {}
data modify storage ps:ani_data data[-1].frames[-1].part_1 set value {interpolation_duration:1,start_interpolation:0,transformation:[0.5984822682745159, -0.12080342397785891, 0.7919756986904432, -3.243985784924284e-07, 0.20266347128195453, -0.933582453461274, -0.2955525672315782, 1.5660788576813895, 0.7750783779521517, 0.3373875150986678, -0.5342501031226923, 5.135578448048609e-07, 0.0, 0.0, 0.0, 2.0]}
#8
data modify storage ps:ani_data data[-1].frames append value {}
data modify storage ps:ani_data data[-1].frames[-1].part_1 set value {interpolation_duration:1,start_interpolation:0,transformation:[0.5926169474940374, 0.046033398352362594, 0.8041679425213252, -7.956910474243328e-08, 0.03923575111525673, -0.9988302099131751, 0.028262476877017776, 1.6953358479792129, 0.8045282526905259, 0.014803310472155709, -0.5937298650243172, 1.2558013145287555e-07, 0.0, 0.0, 0.0, 2.0]}
#9
data modify storage ps:ani_data data[-1].frames append value {}
data modify storage ps:ani_data data[-1].frames[-1].part_1 set value {interpolation_duration:1,start_interpolation:0,transformation:[0.61432257126245, 0.2058580278141993, 0.761728462657094, -1.9398238726803836e-08, -0.12332430107958191, -0.9284548039488988, 0.3503752185692427, 1.7992991357153145, 0.7793580019482218, -0.30918303544771075, -0.5449834450610541, 3.048643917502017e-08, 0.0, 0.0, 0.0, 2.0]}
#10
data modify storage ps:ani_data data[-1].frames append value {}
data modify storage ps:ani_data data[-1].frames[-1].part_1 set value {interpolation_duration:1,start_interpolation:0,transformation:[0.6604897051984214, 0.337151473480129, 0.6708816835009581, -4.689544642340472e-09, -0.26305948015690683, -0.7329704466689927, 0.6273388511876455, 1.8780342204832463, 0.7032446652669891, -0.5908326397889971, -0.3954285428917404, 7.326871153930678e-09, 0.0, 0.0, 0.0, 2.0]}
#11
data modify storage ps:ani_data data[-1].frames append value {}
data modify storage ps:ani_data data[-1].frames[-1].part_1 set value {interpolation_duration:1,start_interpolation:0,transformation:[0.7247520400430332, 0.42249639901450586, 0.5442713232141086, -1.1204197260264067e-09, -0.3613093368753273, -0.43956520911012925, 0.8223369078587432, 1.931605954850278, 0.5866771203482991, -0.7926406624440508, -0.16592388827436386, 1.7358843728931093e-09, 0.0, 0.0, 0.0, 2.0]}
#12
data modify storage ps:ani_data data[-1].frames append value {}
data modify storage ps:ani_data data[-1].frames[-1].part_1 set value {interpolation_duration:1,start_interpolation:0,transformation:[0.7983885665803353, 0.4508342270738405, 0.3991543516642775, -2.631932700635127e-10, -0.40515707572365334, -0.08817384485927132, 0.9099852290415437, 1.9600788682287527, 0.445447461262105, -0.8882420125064261, 0.11226168747030026, 4.0275484346828624e-10, 0.0, 0.0, 0.0, 2.0]}
#13
data modify storage ps:ani_data data[-1].frames append value {}
data modify storage ps:ani_data data[-1].frames[-1].part_1 set value {interpolation_duration:1,start_interpolation:0,transformation:[0.8715211585891449, 0.418825019242438, 0.25502249584694675, -6.028584926476334e-11, -0.38906126956088616, 0.2740580560808877, 0.8795018535653216, 1.9635172732869168, 0.29846641127454515, -0.8657238504013485, 0.4017959882666296, 9.050633690791288e-11, 0.0, 0.0, 0.0, 2.0]}
#14
data modify storage ps:ani_data data[-1].frames append value {}
data modify storage ps:ani_data data[-1].frames[-1].part_1 set value {interpolation_duration:1,start_interpolation:0,transformation:[0.9344411748028423, 0.33115444426043167, 0.130982536544566, -1.3272414483235197e-11, -0.3154765057549392, 0.5991406188395914, 0.7358702964335256, 1.941985301101556, 0.16520976106071267, -0.7289494172458578, 0.6643331106810695, 1.9301653629700293e-11, 0.0, 0.0, 0.0, 2.0]}
#15
data modify storage ps:ani_data data[-1].frames append value {}
data modify storage ps:ani_data data[-1].frames[-1].part_1 set value {interpolation_duration:1,start_interpolation:0,transformation:[0.9788866702667969, 0.19977620394070733, 0.04324760239625186, -2.730407397987179e-12, -0.19440662548709092, 0.8445744313581621, 0.49889888140058913, 1.8955469129600186, 0.06314230547505656, -0.4967730852563151, 0.8655804705653983, 3.738801532308146e-12, 0.0, 0.0, 0.0, 2.0]}
#16
data modify storage ps:ani_data data[-1].frames append value {}
data modify storage ps:ani_data data[-1].frames[-1].part_1 set value {interpolation_duration:1,start_interpolation:0,transformation:[0.9991036981297299, 0.04221851466342731, 0.0030655184082230454, -4.904778998540841e-13, -0.041976280091340745, 0.9788230308140449, 0.20035834461708982, 1.8242659045099892, 0.005458231690803501, -0.20030744211741405, 0.9797178860974155, 5.793609166155293e-13, 0.0, 0.0, 0.0, 2.0]}
#17
data modify storage ps:ani_data data[-1].frames append value {}
data modify storage ps:ani_data data[-1].frames[-1].part_1 set value {interpolation_duration:1,start_interpolation:0,transformation:[0.9925584686862294, -0.12079857553878641, 0.015342437454557321, -5.977849833993359e-14, 0.1217676307852804, 0.9852322181763892, -0.12037491582622813, 1.7282059074010405, -0.0005747453231763517, 0.12134735438002761, 0.9926099381190886, 2.858311918360804e-14, 0.0, 0.0, 0.0, 2.0]}
#18
data modify storage ps:ani_data data[-1].frames append value {}
data modify storage ps:ani_data data[-1].frames[-1].part_1 set value {interpolation_duration:1,start_interpolation:0,transformation:[0.9602166130380076, -0.2681066033469833, 0.07812109374272987, 5.613560640461815e-15, 0.2755192307782149, 0.8639296144938738, -0.42156230224232233, 1.6074303901035814, 0.04553251055232702, 0.4263149896991775, 0.9034280934532599, -3.089740896445174e-14, 0.0, 0.0, 0.0, 2.0]}
#19
data modify storage ps:ani_data data[-1].frames append value {}
data modify storage ps:ani_data data[-1].frames[-1].part_1 set value {interpolation_duration:1,start_interpolation:0,transformation:[0.9063644003060629, -0.38082834750066663, 0.18295721794381958, 8.121733762020676e-15, 0.3994852999753989, 0.631514303217309, -0.6645307968300055, 1.462002658457522, 0.1375320652117036, 0.6753957762466892, 0.7245174093606969, -2.016172869948464e-14, 0.0, 0.0, 0.0, 2.0]}
#20
data modify storage ps:ani_data data[-1].frames append value {}
data modify storage ps:ani_data data[-1].frames[-1].part_1 set value {interpolation_duration:1,start_interpolation:0,transformation:[0.8380065429142497, -0.4447615010251338, 0.3161206118537308, 4.21246831030957e-15, 0.47790575037256083, 0.318637062203107, -0.81858201565354, 1.2919858561316628, 0.26334602293132664, 0.837052943245792, 0.4795740218254215, -9.083203068523363e-15, 0.0, 0.0, 0.0, 2.0]}
#21
data modify storage ps:ani_data data[-1].frames append value {}
data modify storage ps:ani_data data[-1].frames[-1].part_1 set value {interpolation_duration:1,start_interpolation:0,transformation:[0.7639284606399285, -0.452111118609559, 0.46044418060599057, 1.7435629574825618e-15, 0.5010065171656248, -0.03416135628619824, -0.8647690278301237, 1.097442965053112, 0.4067010902147661, 0.8913072075139415, 0.20041378458534231, -3.55202470820758e-15, 0.0, 0.0, 0.0, 2.0]}
#22
data modify storage ps:ani_data data[-1].frames append value {}
data modify storage ps:ani_data data[-1].frames[-1].part_1 set value {interpolation_duration:1,start_interpolation:0,transformation:[0.6935510135657881, -0.40236814202995164, 0.5975674605107213, 6.323774005920917e-16, 0.4661504314796649, -0.38177631005187807, -0.7980918645835792, 0.8784368058261641, 0.5492638408025692, 0.8320737511558314, -0.07721726377095356, -1.2532205714494e-15, 0.0, 0.0, 0.0, 2.0]}
#23
data modify storage ps:ani_data data[-1].frames append value {}
data modify storage ps:ani_data data[-1].frames[-1].part_1 set value {interpolation_duration:1,start_interpolation:0,transformation:[0.6357281728502291, -0.3022461422393477, 0.71027949410492, 1.8889162159564626e-16, 0.3780605382494436, -0.6803231548247455, -0.6278778817794478, 0.6350300381470173, 0.6729932538020347, 0.6676883064055691, -0.31823325694561333, -3.6959733969750036e-16, 0.0, 0.0, 0.0, 2.0]}
#24
data modify storage ps:ani_data data[-1].frames append value {}
data modify storage ps:ani_data data[-1].frames[-1].part_1 set value {interpolation_duration:1,start_interpolation:0,transformation:[0.5976407408181181, -0.16471007881571048, 0.7846630709106251, 2.1924367275954477e-17, 0.2481112595812149, -0.8926374610726239, -0.37634979202710217, 0.36728516121641264, 0.7624082553221688, 0.41960571138432173, -0.4926100883967598, -4.242989143476443e-17, 0.0, 0.0, 0.0, 2.0]}
#25
data modify storage ps:ani_data data[-1].frames append value {}
data modify storage ps:ani_data data[-1].frames[-1].part_1 set value {interpolation_duration:1,start_interpolation:0,transformation:[0.5839225194523675, -0.007243763353717222, 0.8117770747987865, -3.772231336382889e-17, 0.09280005969317576, -0.9928096707881285, -0.07561155011313231, 0.07526451415088617, 0.8064878425601604, 0.11948424784063817, -0.5790517026316514, 7.481250303580294e-17, 0.0, 0.0, 0.0, 2.0]}
#26
data modify storage ps:ani_data data[-1].frames append value {}
data modify storage ps:ani_data data[-1].frames[-1].part_1 set value {interpolation_duration:1,start_interpolation:0,transformation:[0.60515718134077, 0.0585970728416062, 0.7939465781311041, -0.00018027859659217296, 0.06064963109089338, -0.9977826121864523, 0.027413154997515597, 0.036601514723961594, 0.7937924213043563, 0.03156329945957446, -0.6073692040324337, 0.0003827900513895269, 0.0, 0.0, 0.0, 2.0]}
#27
data modify storage ps:ani_data data[-1].frames append value {}
data modify storage ps:ani_data data[-1].frames[-1].part_1 set value {interpolation_duration:1,start_interpolation:0,transformation:[0.6214269563686426, -0.022558499888185615, 0.7831472734940722, 2.3333781673248237e-06, 0.018435738947997805, -0.9988875921528529, -0.04340163329318994, 0.04449999051640972, 0.7832551700613574, 0.041408843570787945, -0.6203197935309527, 7.07942252160999e-05, 0.0, 0.0, 0.0, 2.0]}
#28
data modify storage ps:ani_data data[-1].frames append value {}
data modify storage ps:ani_data data[-1].frames[-1].part_1 set value {interpolation_duration:1,start_interpolation:0,transformation:[0.6255294221077959, -0.01674576137878868, 0.7800208468709865, 8.237154466987924e-05, -0.005575765636327111, -0.9998400532536446, -0.016993491322204467, 0.03447854044899201, 0.7801806540251144, 0.00628071537277039, -0.6255227411528302, 0.00013811971691148205, 0.0, 0.0, 0.0, 2.0]}
#29
data modify storage ps:ani_data data[-1].frames append value {}
data modify storage ps:ani_data data[-1].frames[-1].part_1 set value {interpolation_duration:1,start_interpolation:0,transformation:[0.62553489896024, 0.003155202462895301, 0.7801898069573967, 0.00018874287939529282, 0.0018996799864501193, -0.9999950178359284, 0.002521015523707665, 0.030976042232822545, 0.7801938742381608, -9.487222899032193e-05, -0.6255377763177127, 0.0004982030326849379, 0.0, 0.0, 0.0, 2.0]}
#30
data modify storage ps:ani_data data[-1].frames append value {}
data modify storage ps:ani_data data[-1].frames[-1].part_1 set value {interpolation_duration:1,start_interpolation:0,transformation:[0.6256686691797649, 0.0005570623115963149, 0.7800887168062376, 0.00020310078597039684, 0.00030625169821749836, -0.9999998433716827, 0.00046847252628263455, 0.03128793769200768, 0.7800888555906429, -5.420508778431901e-05, -0.6256687417836129, 0.00033556469741359514, 0.0, 0.0, 0.0, 2.0]}
#31
data modify storage ps:ani_data data[-1].frames append value {}
data modify storage ps:ani_data data[-1].frames[-1].part_1 set value {interpolation_duration:1,start_interpolation:0,transformation:[0.625704279615838, 6.416457218919677e-05, 0.7800603504558686, 0.00014917776419918704, -3.226092781811077e-06, -0.9999999963955754, 8.484363034124188e-05, 0.03135275883592625, 0.7800603530881554, -5.560356966864191e-05, -0.6257042771535329, 0.00029319162781215913, 0.0, 0.0, 0.0, 2.0]}
#32
data modify storage ps:ani_data data[-1].frames append value {}
data modify storage ps:ani_data data[-1].frames[-1].part_1 set value {interpolation_duration:1,start_interpolation:0,transformation:[0.6257060884729662, 6.062748692146458e-05, 0.7800588998096027, 0.00010761344056163126, 5.4712283260744376e-05, -0.9999999979308626, 3.383549377098938e-05, 0.031361057064600385, 0.7800589002469147, 2.1507729027450437e-05, -0.6257060904953625, 0.00020637188492816713, 0.0, 0.0, 0.0, 2.0]}
#33
data modify storage ps:ani_data data[-1].frames append value {}
data modify storage ps:ani_data data[-1].frames[-1].part_1 set value {interpolation_duration:1,start_interpolation:0,transformation:[0.6257048399265059, -2.8109472581049276e-06, 0.7800599036514078, 0.00013053956907097097, -3.751897562307687e-05, -0.9999999989452668, 2.649137237354831e-05, 0.0313539802233795, 0.7800599027541869, -4.584282842006139e-05, -0.6257048393720182, 0.0001129385697678332, 0.0, 0.0, 0.0, 2.0]}
#34
data modify storage ps:ani_data data[-1].frames append value {}
data modify storage ps:ani_data data[-1].frames[-1].part_1 set value {interpolation_duration:1,start_interpolation:0,transformation:[0.6257053485958937, 1.4110777668168823e-05, 0.7800594955126029, 0.00018758490474552752, -3.867501580520557e-05, -0.9999999980461487, 4.911156406316363e-05, 0.03135258875119503, 0.780059494681485, -6.0898181630182e-05, -0.6257053468276239, 0.00010245283372108668, 0.0, 0.0, 0.0, 2.0]}
#35
data modify storage ps:ani_data data[-1].frames append value {}
data modify storage ps:ani_data data[-1].frames[-1].part_1 set value {interpolation_duration:1,start_interpolation:0,transformation:[0.6257034759905233, -1.6963715186699749e-06, 0.7800609976985766, 0.00014598967474753434, -2.115242794005647e-05, -0.9999999996668836, 1.4792146003543967e-05, 0.03135546598605722, 0.7800609974136322, -2.5755681214444486e-05, -0.6257034758179738, 4.047655060152246e-05, 0.0, 0.0, 0.0, 2.0]}
#36
data modify storage ps:ani_data data[-1].frames append value {}
data modify storage ps:ani_data data[-1].frames[-1].part_1 set value {interpolation_duration:1,start_interpolation:0,transformation:[0.6256921511767828, -6.357072578389613e-06, 0.7800700814127902, 9.925408191146093e-05, -4.141028940162394e-05, -0.9999999988284484, 2.506572287736074e-05, 0.03134666476847768, 0.7800700803395535, -4.798635389278894e-05, -0.6256921507070006, -2.316580011787714e-05, 0.0, 0.0, 0.0, 2.0]}
#37
data modify storage ps:ani_data data[-1].frames append value {}
data modify storage ps:ani_data data[-1].frames[-1].part_1 set value {interpolation_duration:1,start_interpolation:0,transformation:[0.6256928563191694, 3.3324447632244044e-05, 0.7800695151335169, 0.00010123713646870523, 7.292957721069823e-06, -0.9999999992937015, 3.6870170546625106e-05, 0.031353738871627776, 0.7800695158112332, -1.73803883289286e-05, -0.6256928561202774, -6.217638524654977e-05, 0.0, 0.0, 0.0, 2.0]}
#38
data modify storage ps:ani_data data[-1].frames append value {}
data modify storage ps:ani_data data[-1].frames[-1].part_1 set value {interpolation_duration:1,start_interpolation:0,transformation:[0.6256936969124837, -1.993701401148632e-05, 0.7800688413508798, 4.470650746753894e-05, -3.793462506503815e-05, -0.9999999992686269, 4.869367419482925e-06, 0.03135520989019176, 0.7800688406832779, -3.263835152388585e-05, -0.6256936972111711, -8.45817702633203e-05, 0.0, 0.0, 0.0, 2.0]}
#39
data modify storage ps:ani_data data[-1].frames append value {}
data modify storage ps:ani_data data[-1].frames[-1].part_1 set value {interpolation_duration:1,start_interpolation:0,transformation:[0.6256919460489716, 8.633792815901183e-07, 0.7800702459706464, 9.07707611648898e-06, -4.614863394482e-05, -0.9999999982084903, 3.812247424393937e-05, 0.03135581764889089, 0.7800702446060571, -5.985210133043731e-05, -0.6256919448881946, -6.53884293854135e-05, 0.0, 0.0, 0.0, 2.0]}
#40
data modify storage ps:ani_data data[-1].frames append value {}
data modify storage ps:ani_data data[-1].frames[-1].part_1 set value {interpolation_duration:1,start_interpolation:0,transformation:[0.6256710665181678, -3.495325493045348e-05, 0.7800869921363184, 7.645360051887306e-06, -6.125021661757999e-05, -0.9999999981148786, 4.319048420229238e-06, 0.03135852132332559, 0.7800869905147947, -5.048280088033438e-05, -0.6256710674795962, -4.207226269128428e-05, 0.0, 0.0, 0.0, 2.0]}
#41
data modify storage ps:ani_data data[-1].frames append value {}
data modify storage ps:ani_data data[-1].frames[-1].part_1 set value {interpolation_duration:1,start_interpolation:0,transformation:[0.6256475636972927, -1.3306055427031125e-05, 0.7801058427307095, -1.5353606127371788e-05, -2.1374031559554675e-05, -0.9999999997715717, 8.531579176462842e-08, 0.03135625558005342, 0.7801058425513764, -1.6727384519581633e-05, -0.625647563838781, -4.2181004397585284e-05, 0.0, 0.0, 0.0, 2.0]}
#42
data modify storage ps:ani_data data[-1].frames append value {}
data modify storage ps:ani_data data[-1].frames[-1].part_1 set value {interpolation_duration:1,start_interpolation:0,transformation:[0.6256364669804345, 5.7316939105086865e-05, 0.7801147402139045, 1.816776512485625e-05, -3.1034665112402086e-05, -0.9999999946809197, 9.836162948801304e-05, 0.03136180586796808, 0.7801147417021992, -8.574922207110611e-05, -0.6256364618738117, -3.317186554532542e-05, 0.0, 0.0, 0.0, 2.0]}
#43
data modify storage ps:ani_data data[-1].frames append value {}
data modify storage ps:ani_data data[-1].frames[-1].part_1 set value {interpolation_duration:1,start_interpolation:0,transformation:[0.6256388468729704, 4.5819800112419566e-05, 0.780112832341582, -4.893698516334979e-06, -1.101141365736875e-05, -0.9999999976568041, 6.756582633038005e-05, 0.03135684029379316, 0.7801128336094775, -5.0861950769693105e-05, -0.6256388449024352, -7.751531955122046e-06, 0.0, 0.0, 0.0, 2.0]}
#44
data modify storage ps:ani_data data[-1].frames append value {}
data modify storage ps:ani_data data[-1].frames[-1].part_1 set value {interpolation_duration:1,start_interpolation:0,transformation:[0.6256387655042567, -6.613407394131707e-06, 0.7801128989156454, -1.4031033155049171e-05, -8.390240363330535e-06, -0.9999999999632728, -1.7486542942526349e-06, 0.031364190681874085, 0.7801128988985587, -5.451308818486907e-06, -0.6256387655367668, -1.9525422346779227e-05, 0.0, 0.0, 0.0, 2.0]}
#45
data modify storage ps:ani_data data[-1].frames append value {}
data modify storage ps:ani_data data[-1].frames[-1].part_1 set value {interpolation_duration:1,start_interpolation:0,transformation:[0.6256391050620542, 2.3839319962078662e-05, 0.7801126262590796, 1.035733611267979e-05, -3.4729872631994285e-05, -0.999999997690956, 5.841167647541623e-05, 0.03136222719396806, 0.7801126258502599, -6.363784114384207e-05, -0.6256391027894895, -2.200453623882048e-06, 0.0, 0.0, 0.0, 2.0]}
#46
data modify storage ps:ani_data data[-1].frames append value {}
data modify storage ps:ani_data data[-1].frames[-1].part_1 set value {interpolation_duration:1,start_interpolation:0,transformation:[0.6256405187102742, 1.5957050367186506e-05, 0.7801114927324883, 4.485396156051522e-05, -2.8536124388845364e-05, -0.999999998653646, 4.3340479310070714e-05, 0.03136647527352648, 0.7801114923737683, -4.9376918550486686e-05, -0.6256405174125883, 3.0288668768321858e-05, 0.0, 0.0, 0.0, 2.0]}
#47
data modify storage ps:ani_data data[-1].frames append value {}
data modify storage ps:ani_data data[-1].frames[-1].part_1 set value {interpolation_duration:1,start_interpolation:0,transformation:[0.6256419526040847, 1.9091530619422198e-05, 0.78011034269343, -1.2277730926255534e-05, 1.367687963285524e-05, -0.9999999998152905, 1.3504116482410461e-05, 0.03135694595601546, 0.780110342807151, 2.2207334531152116e-06, -0.6256419527496355, -3.093699097460835e-06, 0.0, 0.0, 0.0, 2.0]}
#48
data modify storage ps:ani_data data[-1].frames append value {}
data modify storage ps:ani_data data[-1].frames[-1].part_1 set value {interpolation_duration:1,start_interpolation:0,transformation:[0.6256417067980459, 2.3515844470954767e-05, 0.7801105397069268, 2.5582674650956882e-05, 7.0026896832131455e-06, -0.9999999996746662, 2.4528151798731306e-05, 0.031360613326991825, 0.7801105400299307, -9.882962727788285e-06, -0.6256417067591775, 2.9207914784049533e-05, 0.0, 0.0, 0.0, 2.0]}
#49
data modify storage ps:ani_data data[-1].frames append value {}
data modify storage ps:ani_data data[-1].frames[-1].part_1 set value {interpolation_duration:1,start_interpolation:0,transformation:[0.6256418945687169, 6.95424592136212e-06, 0.7801103894399208, -1.3223018432539143e-05, -3.137270247613816e-05, -0.9999999989273213, 3.4075078717896515e-05, 0.03136025751858958, 0.7801103888400794, -4.579296795308586e-05, -0.6256418936794308, 1.4996286173499445e-05, 0.0, 0.0, 0.0, 2.0]}
#50
data modify storage ps:ani_data data[-1].frames append value {}
data modify storage ps:ani_data data[-1].frames[-1].part_1 set value {interpolation_duration:1,start_interpolation:0,transformation:[0.625641708875889, -4.023376459759464e-06, 0.7801105383845737, 9.30296166801383e-07, -4.0549452043222455e-05, -0.9999999988035077, 2.7362855601925023e-05, 0.03136221711580457, 0.7801105373410866, -4.8752398603150294e-05, -0.6256417082904594, -1.05563083979341e-05, 0.0, 0.0, 0.0, 2.0]}
#51
data modify storage ps:ani_data data[-1].frames append value {}
data modify storage ps:ani_data data[-1].frames[-1].part_1 set value {interpolation_duration:1,start_interpolation:0,transformation:[0.625642385802117, 2.1838948743173128e-05, 0.7801099951999684, -6.975778255575621e-07, -1.352585549841654e-05, -0.9999999991541619, 3.884233943314323e-05, 0.03136478832574196, 0.7801099953883976, -3.485306898103259e-05, -0.6256423849775343, 1.2503073451259307e-05, 0.0, 0.0, 0.0, 2.0]}
#52
data modify storage ps:ani_data data[-1].frames append value {}
data modify storage ps:ani_data data[-1].frames[-1].part_1 set value {interpolation_duration:1,start_interpolation:0,transformation:[0.6256429514028699, 1.157549657360952e-05, 0.7801095418118622, -1.803185084797078e-05, -2.7423238129008613e-05, -0.9999999989457008, 3.683156103273449e-05, 0.03136131388879334, 0.7801095414157373, -4.443653628111345e-05, -0.6256429504258175, 5.2089597196612795e-05, 0.0, 0.0, 0.0, 2.0]}
#53
data modify storage ps:ani_data data[-1].frames append value {}
data modify storage ps:ani_data data[-1].frames[-1].part_1 set value {interpolation_duration:1,start_interpolation:0,transformation:[0.6256427837797035, 3.6866805244169036e-05, 0.7801096754593048, -2.814389331288531e-05, 6.185794898651347e-06, -0.9999999990863278, 4.229752342294036e-05, 0.03135985644665855, 0.7801096763059148, -2.1637541850470898e-05, -0.6256427834361216, 4.295497269780407e-05, 0.0, 0.0, 0.0, 2.0]}
#54
data modify storage ps:ani_data data[-1].frames append value {}
data modify storage ps:ani_data data[-1].frames[-1].part_1 set value {interpolation_duration:1,start_interpolation:0,transformation:[0.6256531822428469, -1.1174337163129208e-05, 0.7801013366380888, -1.617775030604719e-05, -4.6549612906319194e-05, -0.9999999986518531, 2.3009287968024673e-05, 0.03135955925760016, 0.780101335329284, -5.0709249486541945e-05, -0.6256531819195356, 2.514786318856825e-05, 0.0, 0.0, 0.0, 2.0]}
#55
data modify storage ps:ani_data data[-1].frames append value {}
data modify storage ps:ani_data data[-1].frames[-1].part_1 set value {interpolation_duration:1,start_interpolation:0,transformation:[0.6256563147647541, 1.9570157482081148e-05, 0.7800988241319139, 7.554673165443747e-06, 4.1126664982917705e-06, -0.9999999997541773, 2.178831859028475e-05, 0.031362711916765824, 0.7800988243665491, -1.0423712814753824e-05, -0.6256563146914392, 3.598138432871336e-05, 0.0, 0.0, 0.0, 2.0]}
#56
data modify storage ps:ani_data data[-1].frames append value {}
data modify storage ps:ani_data data[-1].frames[-1].part_1 set value {interpolation_duration:1,start_interpolation:0,transformation:[0.6256562287869383, 2.0506844858115474e-05, 0.7800988930639341, 3.0240080476673823e-05, 1.4457198441945639e-06, -0.9999999996832467, 2.512799518151876e-05, 0.031360601481475285, 0.7800988933321312, -1.4593682252108643e-05, -0.6256562286184068, -7.545372863396213e-07, 0.0, 0.0, 0.0, 2.0]}
#57
data modify storage ps:ani_data data[-1].frames append value {}
data modify storage ps:ani_data data[-1].frames[-1].part_1 set value {interpolation_duration:1,start_interpolation:0,transformation:[0.6256531315609466, 2.3327356322155652e-05, 0.7801013770169969, 8.84341605186774e-06, -3.196289692294035e-05, -0.9999999979469679, 5.5537708436729575e-05, 0.03135632800107249, 0.7801013767109717, -5.9681641106196797e-05, -0.6256531295308511, -3.202146221193581e-05, 0.0, 0.0, 0.0, 2.0]}
#58
data modify storage ps:ani_data data[-1].frames append value {}
data modify storage ps:ani_data data[-1].frames[-1].part_1 set value {interpolation_duration:1,start_interpolation:0,transformation:[0.6256505487115249, 9.185235686569456e-06, 0.7801034487890685, 5.916802317077959e-05, -8.611014768589093e-06, -0.9999999997884446, 1.8680499134028804e-05, 0.031361969584248736, 0.7801034487956183, -1.8404946851960246e-05, -0.625650548500071, -2.764293836464398e-05, 0.0, 0.0, 0.0, 2.0]}
#59
data modify storage ps:ani_data data[-1].frames append value {}
data modify storage ps:ani_data data[-1].frames[-1].part_1 set value {interpolation_duration:1,start_interpolation:0,transformation:[0.6256505066720229, 2.2350320508490192e-05, 0.7801034822390578, 7.340194974527472e-06, -2.9956893623107418e-06, -0.9999999995133674, 3.1053027728380324e-05, 0.03136217954100279, 0.780103482553479, -2.176529023520664e-05, -0.6256505063006066, 3.484538072427716e-05, 0.0, 0.0, 0.0, 2.0]}
data modify storage ps:ani_data data[-1].frames[-1].is_last set value 1
data modify storage ps:ani_data data[-1].frames[-1].keep_alive set value 1
