data modify storage ps:ani_data data append value {ani_tag:'coin',height:0.1,width:0.3}
data modify storage ps:ani_data data[-1].parts.part_1 set value {name:'coin',init_pos:[1.0, 0.0, 0.0, 0.0, 0.0, 1.0, 0.0, 0.03125, 0.0, 0.0, 1.0, 0.0, 0.0, 0.0, 0.0, 2.0],item_model:'cointosser:test_coin'}
data modify storage ps:ani_data data[-1].frames append value {}
data modify storage ps:ani_data data[-1].frames[-1].part_1 set value {interpolation_duration:1,start_interpolation:0,transformation:[0.9981401845892168, 0.02009825237829992, -0.05755199526985928, -0.0009950328599350505, 0.01970419946421222, 0.7870415191884507, 0.6165852670937008, 0.24726628945871296, 0.05768809610030725, -0.6165725483062587, 0.7851817472683936, 0.00047610482017708454, 0.0, 0.0, 0.0, 2.0]}
data modify storage ps:ani_data data[-1].frames append value {}
data modify storage ps:ani_data data[-1].frames[-1].part_1 set value {interpolation_duration:1,start_interpolation:0,transformation:[0.9843827044374165, -0.028640142893499206, -0.17369638286250352, -0.0003321193488917132, 0.1728889632149312, 0.34317877460582125, 0.9232213900568559, 0.5304924527375399, 0.03316771929065421, -0.9388333562859206, 0.34277081486318145, 0.00022714784696083545, 0.0, 0.0, 0.0, 2.0]}
data modify storage ps:ani_data data[-1].frames append value {}
data modify storage ps:ani_data data[-1].frames[-1].part_1 set value {interpolation_duration:1,start_interpolation:0,transformation:[0.9507283944874357, -0.00957858670523753, -0.3098770249503391, -8.46713932659029e-05, 0.3017231806178733, -0.20117018924715957, 0.9319300817315085, 0.7870545817174646, -0.07126459284369084, -0.979509471947562, -0.18836812939515724, 5.81321074495974e-05, 0.0, 0.0, 0.0, 2.0]}
data modify storage ps:ani_data data[-1].frames append value {}
data modify storage ps:ani_data data[-1].frames[-1].part_1 set value {interpolation_duration:1,start_interpolation:0,transformation:[0.901948343338976, 0.08646775153774357, -0.4230987046684062, -2.114521026716115e-05, 0.36577844195090775, -0.6737715851057774, 0.6420576161903341, 1.0176778422588033, -0.22955460647097153, -0.733863188236101, -0.6393352044115059, 1.4225617400026444e-05, 0.0, 0.0, 0.0, 2.0]}
data modify storage ps:ani_data data[-1].frames append value {}
data modify storage ps:ani_data data[-1].frames[-1].part_1 set value {interpolation_duration:1,start_interpolation:0,transformation:[0.8491840894407006, 0.24223093557886863, -0.46926597584882984, -5.268198077637365e-06, 0.34541999443751936, -0.9269267465977522, 0.14660093411875236, 1.2226439165178833, -0.39946390285425365, -0.2865850315182087, -0.8708028537080909, 3.440389969629338e-06, 0.0, 0.0, 0.0, 2.0]}
data modify storage ps:ani_data data[-1].frames append value {}
data modify storage ps:ani_data data[-1].frames[-1].part_1 set value {interpolation_duration:1,start_interpolation:0,transformation:[0.8069173352046324, 0.4155558088376339, -0.41975919750203766, -1.3113055413797409e-06, 0.24759163107197302, -0.8831733781452489, -0.3983756623573155, 1.4020890530570536, -0.5362674690575355, 0.2175273635127533, -0.8155360493281798, 8.220566102601228e-07, 0.0, 0.0, 0.0, 2.0]}
data modify storage ps:ani_data data[-1].frames append value {}
data modify storage ps:ani_data data[-1].frames[-1].part_1 set value {interpolation_duration:1,start_interpolation:0,transformation:[0.7881918432041642, 0.5507675281374924, -0.27460653352704234, -3.260544080447445e-07, 0.10321784930908369, -0.5581863072338519, -0.823270382074227, 1.5561017321937942, -0.6067122002155795, 0.6205507041055971, -0.49680693407360765, 1.931263758562568e-07, 0.0, 0.0, 0.0, 2.0]}
data modify storage ps:ani_data data[-1].frames append value {}
data modify storage ps:ani_data data[-1].frames[-1].part_1 set value {interpolation_duration:1,start_interpolation:0,transformation:[0.7997077098278994, 0.5966616255254944, -0.06680182233360431, -8.096187714391963e-08, -0.04275476453367421, -0.05438671016656354, -0.9976041879758366, 1.6847546692706348, -0.5988652677785596, 0.8006478566651715, -0.017983344126754456, 4.424356174812545e-08, 0.0, 0.0, 0.0, 2.0]}
data modify storage ps:ani_data data[-1].frames append value {}
data modify storage ps:ani_data data[-1].frames[-1].part_1 set value {interpolation_duration:1,start_interpolation:0,transformation:[0.8386028600843185, 0.5251406754512252, 0.14481890085562563, -2.006693195775967e-08, -0.1454192035714596, 0.4720096789676015, -0.8695171753298173, 1.788115301774223, -0.5249747596704464, 0.7081201408995034, 0.4721942055568071, 9.743041618964173e-09, 0.0, 0.0, 0.0, 2.0]}
data modify storage ps:ani_data data[-1].frames append value {}
data modify storage ps:ani_data data[-1].frames[-1].part_1 set value {interpolation_duration:1,start_interpolation:0,transformation:[0.8922654193220626, 0.3437764915443369, 0.2927117102944294, -4.9616798869811695e-09, -0.17365752736051765, 0.8597172752215533, -0.48034286699883255, 1.8662492260413468, -0.41677989955497446, 0.3777617378018764, 0.8267953705602441, 2.0052604988199755e-09, 0.0, 0.0, 0.0, 2.0]}
data modify storage ps:ani_data data[-1].frames append value {}
data modify storage ps:ani_data data[-1].frames[-1].part_1 set value {interpolation_duration:1,start_interpolation:0,transformation:[0.9415275831914156, 0.0972491435689104, 0.32259636415317067, -1.222832575108732e-09, -0.11939396206919412, 0.9916105495605166, 0.0495338250260376, 1.9192213236848759, -0.31507283588267565, -0.08515352062835523, 0.9452396447533526, 3.6058175785869155e-10, 0.0, 0.0, 0.0, 2.0]}
data modify storage ps:ani_data data[-1].frames append value {}
data modify storage ps:ani_data data[-1].frames[-1].part_1 set value {interpolation_duration:1,start_interpolation:0,transformation:[0.9664142854922475, -0.14379872477097783, 0.21299144478299764, -3.000580745177072e-10, 0.0003388819243850538, 0.8295077981650258, 0.5584950294697815, 1.947096130986391, -0.2569889374186163, -0.539665395905325, 0.8016969168624756, 4.411305955335038e-11, 0.0, 0.0, 0.0, 2.0]}
data modify storage ps:ani_data data[-1].frames append value {}
data modify storage ps:ani_data data[-1].frames[-1].part_1 set value {interpolation_duration:1,start_interpolation:0,transformation:[0.9526706867263326, -0.30365330550033587, -0.01460248989374918, -7.31913059009703e-11, 0.1489571661259265, 0.42438185727894234, 0.8931471333840847, 1.9499379602234101, -0.2650100475682205, -0.8530502384216271, 0.44952749128022673, -4.0348353619534795e-12, 0.0, 0.0, 0.0, 2.0]}
data modify storage ps:ani_data data[-1].frames append value {}
data modify storage ps:ani_data data[-1].frames[-1].part_1 set value {interpolation_duration:1,start_interpolation:0,transformation:[0.896913263725305, -0.3257969659403203, -0.2990032346609361, -1.7707425061111156e-11, 0.2816374621389081, -0.10042956109864558, 0.9542506186413965, 1.9278109397098115, -0.3409207199241139, -0.9400905489587771, 0.00168002524050198, -5.939345794606419e-12, 0.0, 0.0, 0.0, 2.0]}
data modify storage ps:ani_data data[-1].frames append value {}
data modify storage ps:ani_data data[-1].frames[-1].part_1 set value {interpolation_duration:1,start_interpolation:0,transformation:[0.8085914437661327, -0.19266966134878818, -0.5559301023185773, -4.235129322131342e-12, 0.3588498251938936, -0.5872881099966603, 0.7254787928084889, 1.8807790271994698, -0.4662688924070664, -0.786111364535772, -0.4057366664737036, -3.0991404942885008e-12, 0.0, 0.0, 0.0, 2.0]}
data modify storage ps:ani_data data[-1].frames append value {}
data modify storage ps:ani_data data[-1].frames[-1].part_1 set value {interpolation_duration:1,start_interpolation:0,transformation:[0.7079169628121118, 0.0658689201386697, -0.7032175048465736, -9.96366189823497e-13, 0.3580266669609522, -0.8917097261198459, 0.27689469133246414, 1.8089060145608253, -0.6088271343392199, -0.4477890683156911, -0.6548392709583463, -1.303359273307522e-12, 0.0, 0.0, 0.0, 2.0]}
data modify storage ps:ani_data data[-1].frames append value {}
data modify storage ps:ani_data data[-1].frames[-1].part_1 set value {interpolation_duration:1,start_interpolation:0,transformation:[0.620208187779312, 0.37877022861920717, -0.6869315233145552, -2.2871359334518914e-13, 0.27996007822097996, -0.9249099934026472, -0.257223363453668, 1.7122555295903923, -0.7327783828784828, -0.03278136689750106, -0.6796772936992428, -4.988917323717568e-13, 0.0, 0.0, 0.0, 2.0]}
data modify storage ps:ani_data data[-1].frames append value {}
data modify storage ps:ani_data data[-1].frames[-1].part_1 set value {interpolation_duration:1,start_interpolation:0,transformation:[0.5682857894590756, 0.6534730700792487, -0.500024207594069, -5.049159471340051e-14, 0.14817975073201742, -0.679028259094924, -0.7190016584289036, 1.590891036888025, -0.8093787883135264, 0.33450496264139046, -0.48271358691920985, -1.813548784191429e-13, 0.0, 0.0, 0.0, 2.0]}
data modify storage ps:ani_data data[-1].frames append value {}
data modify storage ps:ani_data data[-1].frames[-1].part_1 set value {interpolation_duration:1,start_interpolation:0,transformation:[0.5652508135164573, 0.8033910055940261, -0.18722822957450114, -1.0403473036248524e-14, 0.0016774006772739263, -0.22808448850774546, -0.9736398987454896, 1.4448758384240297, -0.8249173923163158, 0.5500366880788763, -0.13027255129638746, -6.385882738048565e-14, 0.0, 0.0, 0.0, 2.0]}
data modify storage ps:ani_data data[-1].frames append value {}
data modify storage ps:ani_data data[-1].frames[-1].part_1 set value {interpolation_duration:1,start_interpolation:0,transformation:[0.6099398551771434, 0.7748774475689669, 0.165946721315873, -1.844179562927901e-15, -0.1167246525231034, 0.2949760728404563, -0.9483482862034299, 1.2742730740045758, -0.7838040115742237, 0.5590653429614686, 0.2703649639645073, -2.201987473649662e-14, 0.0, 0.0, 0.0, 2.0]}
data modify storage ps:ani_data data[-1].frames append value {}
data modify storage ps:ani_data data[-1].frames[-1].part_1 set value {interpolation_duration:1,start_interpolation:0,transformation:[0.686582740081738, 0.5652230500540518, 0.4573041052838332, -1.8728674515553322e-16, -0.17286809879594048, 0.7378569648786145, -0.6524444189345143, 1.0791457217030724, -0.7062016436121693, 0.3689037856511014, 0.6043088907932403, -7.48907802717639e-15, 0.0, 0.0, 0.0, 2.0]}
data modify storage ps:ani_data data[-1].frames append value {}
data modify storage ps:ani_data data[-1].frames[-1].part_1 set value {interpolation_duration:1,start_interpolation:0,transformation:[0.7689191430539705, 0.22579269991709894, 0.5981479817815103, 6.486140546012913e-17, -0.15098194137289833, 0.9732285974632637, -0.17329324989438935, 0.8595565982796692, -0.6212630721557638, 0.04293895368817799, 0.7824247193383822, -2.5247010232211403e-15, 0.0, 0.0, 0.0, 2.0]}
data modify storage ps:ani_data data[-1].frames append value {}
data modify storage ps:ani_data data[-1].frames[-1].part_1 set value {interpolation_duration:1,start_interpolation:0,transformation:[0.8276554916569635, -0.15114247764526956, 0.5405019320791732, 7.282834131650532e-17, -0.057909823121048525, 0.9349168753679968, 0.3501098235386004, 0.6155683595961627, -0.5582408436473981, -0.3210706894180629, 0.7650364519945768, -8.389258725841554e-16, 0.0, 0.0, 0.0, 2.0]}
data modify storage ps:ani_data data[-1].frames append value {}
data modify storage ps:ani_data data[-1].frames[-1].part_1 set value {interpolation_duration:1,start_interpolation:0,transformation:[0.8390908622792715, -0.4583482946005031, 0.2929903849552715, 5.754245559089382e-17, 0.07922499111987501, 0.6358149002970421, 0.767764816426435, 0.3472435010286802, -0.538191346661653, -0.6210122811966542, 0.569819112509789, -2.558399116368526e-16, 0.0, 0.0, 0.0, 2.0]}
data modify storage ps:ani_data data[-1].frames append value {}
data modify storage ps:ani_data data[-1].frames[-1].part_1 set value {interpolation_duration:1,start_interpolation:0,transformation:[0.9381225004973199, -0.014747619950042612, 0.3459894243563884, -0.0007454285594509089, -0.1429762309800105, 0.8934722923639978, 0.42575234603296475, 0.210511718767958, -0.31541079790553556, -0.4488761193064649, 0.8360779019212031, -0.004250826653559109, 0.0, 0.0, 0.0, 2.0]}
data modify storage ps:ani_data data[-1].frames append value {}
data modify storage ps:ani_data data[-1].frames[-1].part_1 set value {interpolation_duration:1,start_interpolation:0,transformation:[0.9214852872893108, 0.3203266034515858, 0.21967187446395234, -0.0002047165369271075, -0.30456526101127246, 0.9468886614559231, -0.10315941348876113, 0.11958349555502303, -0.241049511707598, 0.02815545999233876, 0.9701043258217891, -0.0011256472213404729, 0.0, 0.0, 0.0, 2.0]}
data modify storage ps:ani_data data[-1].frames append value {}
data modify storage ps:ani_data data[-1].frames[-1].part_1 set value {interpolation_duration:1,start_interpolation:0,transformation:[0.9889880023113584, -0.008065325046597672, 0.14777578223809415, 6.0718543024074725e-05, 0.026217264298956232, 0.992269286063186, -0.12130259266946179, 0.05928212023468576, -0.14565502509994832, 0.12384108553928062, 0.9815538697369521, -0.00020650022322395547, 0.0, 0.0, 0.0, 2.0]}
data modify storage ps:ani_data data[-1].frames append value {}
data modify storage ps:ani_data data[-1].frames[-1].part_1 set value {interpolation_duration:1,start_interpolation:0,transformation:[0.9922862918276512, -0.025218269873210124, 0.12137526072281458, 0.0018193283636343636, 0.020038350961658142, 0.9988432791203208, 0.04371004743651493, 0.02806536191486573, -0.12233715519688482, -0.04094072081396361, 0.9916438260976397, 0.0010772849184465187, 0.0, 0.0, 0.0, 2.0]}
data modify storage ps:ani_data data[-1].frames append value {}
data modify storage ps:ani_data data[-1].frames[-1].part_1 set value {interpolation_duration:1,start_interpolation:0,transformation:[0.9927154038742009, 0.005055630619591779, 0.12037677313302604, 0.000850885790138692, -0.005263798193215446, 0.9999851500998302, 0.0014113852771300496, 0.030719222910964558, -0.12036785010733919, -0.002034742946330986, 0.9927272739688775, 0.00019029830130351592, 0.0, 0.0, 0.0, 2.0]}
data modify storage ps:ani_data data[-1].frames append value {}
data modify storage ps:ani_data data[-1].frames[-1].part_1 set value {interpolation_duration:1,start_interpolation:0,transformation:[0.9926642085879553, 0.001377635049733063, 0.12089611701836625, 0.0006241384859013917, -0.0014462475360406696, 0.9999988390842658, 0.00047978973023940746, 0.03117059622633359, -0.1208953156930129, -0.0006511158042114264, 0.9926650485897528, 8.822417505205749e-05, 0.0, 0.0, 0.0, 2.0]}
data modify storage ps:ani_data data[-1].frames append value {}
data modify storage ps:ani_data data[-1].frames[-1].part_1 set value {interpolation_duration:1,start_interpolation:0,transformation:[0.992697985457904, 0.00010228067557229517, 0.12062627908744472, 0.000482089976226227, -0.0001108978675241013, 0.9999999917562336, 6.472399723095104e-05, 0.03134120486818047, -0.1206262714730157, -7.762857878011278e-05, 0.9926979886170426, 5.087294537444778e-05, 0.0, 0.0, 0.0, 2.0]}
data modify storage ps:ani_data data[-1].frames append value {}
data modify storage ps:ani_data data[-1].frames[-1].part_1 set value {interpolation_duration:1,start_interpolation:0,transformation:[0.992682570355085, -4.886628553885378e-05, 0.12075310399864497, 0.0003375742104328532, 4.440643100618932e-05, 0.9999999982289793, 3.9624616033427393e-05, 0.03135667022642862, -0.12075310572109656, -3.397245131189699e-05, 0.9926825707670012, 2.8582226057423382e-05, 0.0, 0.0, 0.0, 2.0]}
data modify storage ps:ani_data data[-1].frames append value {}
data modify storage ps:ani_data data[-1].frames[-1].part_1 set value {interpolation_duration:1,start_interpolation:0,transformation:[0.9926823747097737, 3.572418442139436e-05, 0.12075471694450142, 0.000235736496718397, -3.884548025066244e-05, 0.9999999989695249, 2.3494230860493966e-05, 0.031358446549658414, -0.12075471598075443, -2.8013083854816758e-05, 0.9926823750745621, 5.28607564523633e-05, 0.0, 0.0, 0.0, 2.0]}
data modify storage ps:ani_data data[-1].frames append value {}
data modify storage ps:ani_data data[-1].frames[-1].part_1 set value {interpolation_duration:1,start_interpolation:0,transformation:[0.9926972417977494, -5.390641443150554e-05, 0.12063243022188933, 0.00017683811160333054, 5.220992122461976e-05, 0.9999999984887294, 1.7223971630669688e-05, 0.031364105031800406, -0.12063243096806366, -1.0799979451549201e-05, 0.9926972431119652, 4.991417200077071e-06, 0.0, 0.0, 0.0, 2.0]}
data modify storage ps:ani_data data[-1].frames append value {}
data modify storage ps:ani_data data[-1].frames[-1].part_1 set value {interpolation_duration:1,start_interpolation:0,transformation:[0.9927024017232204, -5.72456786336459e-05, 0.12058995951521836, 0.00013461265040666084, 5.2933021468629706e-05, 0.9999999978398625, 3.8966270380237384e-05, 0.031358716008435414, -0.12058996148537807, -3.2298719276737795e-05, 0.9927024026090333, 2.7203493532729052e-05, 0.0, 0.0, 0.0, 2.0]}
data modify storage ps:ani_data data[-1].frames append value {}
data modify storage ps:ani_data data[-1].frames[-1].part_1 set value {interpolation_duration:1,start_interpolation:0,transformation:[0.9927045966337602, -7.351590070666246e-05, 0.12057188070862616, 0.00013051103729573314, 7.061287034308007e-05, 0.9999999971050579, 2.8349723854927918e-05, 0.03135554109374396, -0.12057188244373304, -1.962897460458518e-05, 0.9927045989511067, 1.8215643117326284e-05, 0.0, 0.0, 0.0, 2.0]}
data modify storage ps:ani_data data[-1].frames append value {}
data modify storage ps:ani_data data[-1].frames[-1].part_1 set value {interpolation_duration:1,start_interpolation:0,transformation:[0.992704684248665, 4.386457678680961e-05, 0.12057117377987575, 9.550488270401383e-05, -4.8312556002179147e-05, 0.9999999982560466, 3.3967687405569046e-05, 0.03136232331380496, -0.120571172079627, -3.954498398609149e-05, 0.9927046846366441, 4.401646550112711e-06, 0.0, 0.0, 0.0, 2.0]}
data modify storage ps:ani_data data[-1].frames append value {}
data modify storage ps:ani_data data[-1].frames[-1].part_1 set value {interpolation_duration:1,start_interpolation:0,transformation:[0.992703966826019, 7.884735941755142e-05, 0.12057706262378395, 9.531522366413517e-06, -8.137645229079424e-05, 0.9999999965601211, 1.6050879054934896e-05, 0.0313505367521517, -0.120577060943444, -2.5745904892847e-05, 0.9927039698275559, -1.0208819528889258e-05, 0.0, 0.0, 0.0, 2.0]}
data modify storage ps:ani_data data[-1].frames append value {}
data modify storage ps:ani_data data[-1].frames[-1].part_1 set value {interpolation_duration:1,start_interpolation:0,transformation:[0.9927039597986687, 4.51214345041117e-05, 0.12057713781682997, 3.1227089953669355e-05, -5.0956629194213364e-05, 0.9999999976751892, 4.531052302945432e-05, 0.03135172324795039, -0.12057713549203514, -5.112414013291984e-05, 0.9927039597900561, 4.255378680481096e-06, 0.0, 0.0, 0.0, 2.0]}
data modify storage ps:ani_data data[-1].frames append value {}
data modify storage ps:ani_data data[-1].frames[-1].part_1 set value {interpolation_duration:1,start_interpolation:0,transformation:[0.9927040163859615, 3.0133183995403668e-05, 0.12057667661356342, -1.7444672463103483e-05, -3.463230964528661e-05, 0.9999999987801538, 3.52178301991348e-05, 0.031366253329191185, -0.12057667540525305, -3.913673028756043e-05, 0.9927040162185972, 5.901756324333843e-05, 0.0, 0.0, 0.0, 2.0]}
data modify storage ps:ani_data data[-1].frames append value {}
data modify storage ps:ani_data data[-1].frames[-1].part_1 set value {interpolation_duration:1,start_interpolation:0,transformation:[0.9927048344208058, -4.7529212835776874e-05, 0.12056993596470766, -6.590663726902561e-05, 4.267871207690454e-05, 0.9999999981728269, 4.281207335837799e-05, 0.031360754616066695, -0.1205699377792297, -3.735398261227144e-05, 0.9927048346354481, 5.3333955922429455e-05, 0.0, 0.0, 0.0, 2.0]}
data modify storage ps:ani_data data[-1].frames append value {}
data modify storage ps:ani_data data[-1].frames[-1].part_1 set value {interpolation_duration:1,start_interpolation:0,transformation:[0.992704809613781, -4.682500637137741e-05, 0.12057014048712734, -1.5535924729488464e-05, 4.088258306996162e-05, 0.999999997824776, 5.175965957510835e-05, 0.031359527718111256, -0.12057014264850667, -4.645284421996011e-05, 0.9927048093687527, 4.2436147345503594e-05, 0.0, 0.0, 0.0, 2.0]}
data modify storage ps:ani_data data[-1].frames append value {}
data modify storage ps:ani_data data[-1].frames[-1].part_1 set value {interpolation_duration:1,start_interpolation:0,transformation:[0.9927047025490756, -3.21289561378626e-05, 0.12057102680445775, -6.686861004822582e-06, 2.6168581440183954e-05, 0.9999999983561889, 5.1017913617968506e-05, 0.031366755129143865, -0.12057102824541405, -4.7490550028540815e-05, 0.9927047017580258, 3.5783587471857584e-06, 0.0, 0.0, 0.0, 2.0]}
data modify storage ps:ani_data data[-1].frames append value {}
data modify storage ps:ani_data data[-1].frames[-1].part_1 set value {interpolation_duration:1,start_interpolation:0,transformation:[0.992704942084533, -5.288124827258208e-05, 0.12056904729041099, 5.41655649321202e-06, 4.866705270153432e-05, 0.9999999980976615, 3.789715968706924e-05, 0.03135883630112478, -0.12056904906509697, -3.175295753366416e-05, 0.9927049427696467, 7.584800930957447e-05, 0.0, 0.0, 0.0, 2.0]}
data modify storage ps:ani_data data[-1].frames append value {}
data modify storage ps:ani_data data[-1].frames[-1].part_1 set value {interpolation_duration:1,start_interpolation:0,transformation:[0.9927046760047671, -4.8449986144453616e-05, 0.12057123989936024, -6.192933357103449e-07, 4.33833398653778e-05, 0.9999999980622662, 4.464697974408446e-05, 0.031361128554269785, -0.12057124182887084, -3.909048248289883e-05, 0.992704676183092, 7.352998367797059e-05, 0.0, 0.0, 0.0, 2.0]}
data modify storage ps:ani_data data[-1].frames append value {}
data modify storage ps:ani_data data[-1].frames[-1].part_1 set value {interpolation_duration:1,start_interpolation:0,transformation:[0.9927046822358075, -3.387522302149268e-05, 0.1205711935728156, 5.096838772460842e-05, 2.8679789587764317e-05, 0.9999999985840731, 4.482547948695923e-05, 0.031364057332731295, -0.12057119492056871, -4.104050690815562e-05, 0.9927046818017445, 3.7930066178894665e-05, 0.0, 0.0, 0.0, 2.0]}
data modify storage ps:ani_data data[-1].frames append value {}
data modify storage ps:ani_data data[-1].frames[-1].part_1 set value {interpolation_duration:1,start_interpolation:0,transformation:[0.9927048461635455, 3.570845255505046e-05, 0.12056984336191734, 4.9550059288494787e-05, -4.015546643744745e-05, 0.9999999986002415, 3.4453670267075495e-05, 0.031358089926269955, -0.12056984196286144, -3.904386374073449e-05, 0.9927048462078882, -4.635870283881236e-05, 0.0, 0.0, 0.0, 2.0]}
data modify storage ps:ani_data data[-1].frames append value {}
data modify storage ps:ani_data data[-1].frames[-1].part_1 set value {interpolation_duration:1,start_interpolation:0,transformation:[0.9927048438115162, -4.074248337536493e-05, 0.12056986113122616, 4.881448647832877e-05, 3.528364786887813e-05, 0.9999999982536709, 4.74101496328216e-05, 0.0313621139515702, -0.12056986285227872, -4.2810140662577064e-05, 0.9927048435154705, -4.2740822310646e-05, 0.0, 0.0, 0.0, 2.0]}
data modify storage ps:ani_data data[-1].frames append value {}
data modify storage ps:ani_data data[-1].frames[-1].part_1 set value {interpolation_duration:1,start_interpolation:0,transformation:[0.9927052972109807, -6.542747781574599e-05, 0.1205661171660746, 1.893286814278011e-05, 6.132319047486678e-05, 0.9999999974071234, 3.775207933048678e-05, 0.0313569241291913, -0.12056611932348489, -3.0083190164313102e-05, 0.9927052986492401, 2.9806283257473245e-06, 0.0, 0.0, 0.0, 2.0]}
data modify storage ps:ani_data data[-1].frames append value {}
data modify storage ps:ani_data data[-1].frames[-1].part_1 set value {interpolation_duration:1,start_interpolation:0,transformation:[0.9927051198947459, -4.6428013017045385e-05, 0.12056758593916506, 1.7258656061789553e-05, 4.1613014754219706e-05, 0.999999998233013, 4.245386597373589e-05, 0.03136006174676348, -0.12056758769717231, -3.712698937888582e-05, 0.9927051200726582, 4.6783836048853414e-05, 0.0, 0.0, 0.0, 2.0]}
data modify storage ps:ani_data data[-1].frames append value {}
data modify storage ps:ani_data data[-1].frames[-1].part_1 set value {interpolation_duration:1,start_interpolation:0,transformation:[0.9927055553788079, -6.041084750737333e-05, 0.12056399408854292, 2.1130975338493512e-05, 5.619299679178438e-05, 0.9999999976845018, 3.838415701047191e-05, 0.03136089684003173, -0.12056399612819663, -3.132931376980567e-05, 0.9927055564748661, 7.052763573697074e-05, 0.0, 0.0, 0.0, 2.0]}
data modify storage ps:ani_data data[-1].frames append value {}
data modify storage ps:ani_data data[-1].frames[-1].part_1 set value {interpolation_duration:1,start_interpolation:0,transformation:[0.9927045740844792, -4.6681492426290996e-05, 0.12057207973901254, 2.5190597709577888e-05, 4.149432140012092e-05, 0.9999999981025285, 4.553201451916524e-05, 0.03136121814612996, -0.12057208163573287, -4.019678245188466e-05, 0.9927045741378674, 2.3504427976106012e-05, 0.0, 0.0, 0.0, 2.0]}
data modify storage ps:ani_data data[-1].frames append value {}
data modify storage ps:ani_data data[-1].frames[-1].part_1 set value {interpolation_duration:1,start_interpolation:0,transformation:[0.9927049767525145, -5.9830069755114175e-05, 0.12056875860334787, 2.996664017707162e-05, 5.581171296586883e-05, 0.9999999977688893, 3.670523318470124e-05, 0.031360587223675074, -0.12056876053042227, -2.970831870749329e-05, 0.9927049778768984, 4.396631727272075e-05, 0.0, 0.0, 0.0, 2.0]}
data modify storage ps:ani_data data[-1].frames append value {}
data modify storage ps:ani_data data[-1].frames[-1].part_1 set value {interpolation_duration:1,start_interpolation:0,transformation:[0.9927049406661204, -2.0610449922885695e-05, 0.12056906880408153, 5.708019917044102e-05, 1.456028500776698e-05, 0.9999999985903837, 5.1061048162522925e-05, 0.03136376203263658, -0.12056906968651658, -4.893303478161875e-05, 0.9927049395668814, -6.647433696031054e-05, 0.0, 0.0, 0.0, 2.0]}
data modify storage ps:ani_data data[-1].frames append value {}
data modify storage ps:ani_data data[-1].frames[-1].part_1 set value {interpolation_duration:1,start_interpolation:0,transformation:[0.9927049893089089, -2.6485538660883427e-05, 0.12056866715575423, 3.2697304631130985e-05, 2.0439540197949505e-05, 0.9999999984710382, 5.138238012286017e-05, 0.03136915672604261, -0.12056866833229936, -4.854317699158696e-05, 0.9927049883324532, -3.352936496144499e-05, 0.0, 0.0, 0.0, 2.0]}
data modify storage ps:ani_data data[-1].frames append value {}
data modify storage ps:ani_data data[-1].frames[-1].part_1 set value {interpolation_duration:1,start_interpolation:0,transformation:[0.9927050222895417, -4.5162894963939436e-05, 0.12056839005905641, 8.22008541691546e-06, 3.995303092635733e-05, 0.9999999981609107, 4.5628215006453116e-05, 0.0313616625798317, -0.12056839189802265, -4.0478285578242445e-05, 0.992705022268263, 4.126161026599667e-06, 0.0, 0.0, 0.0, 2.0]}
data modify storage ps:ani_data data[-1].frames append value {}
data modify storage ps:ani_data data[-1].frames[-1].part_1 set value {interpolation_duration:1,start_interpolation:0,transformation:[0.9927049704284756, -3.4978377112676816e-05, 0.1205688204433987, 5.559156454780813e-05, 3.043688979365671e-05, 0.9999999987563265, 3.9508765774685784e-05, 0.031365371012852354, -0.12056882167540295, -3.555080825963811e-05, 0.9927049702585079, 2.0844730047539673e-05, 0.0, 0.0, 0.0, 2.0]}
data modify storage ps:ani_data data[-1].frames append value {}
data modify storage ps:ani_data data[-1].frames[-1].part_1 set value {interpolation_duration:1,start_interpolation:0,transformation:[0.9927045860073078, -4.855786592965109e-05, 0.12057198083382965, 5.677647078712701e-05, 4.5158932015756175e-05, 0.9999999985022349, 3.092249890816534e-05, 0.031360843666321525, -0.1205719821547717, -2.5252004591461737e-05, 0.992704586713291, -3.5317138062964674e-06, 0.0, 0.0, 0.0, 2.0]}
data modify storage ps:ani_data data[-1].frames append value {}
data modify storage ps:ani_data data[-1].frames[-1].part_1 set value {interpolation_duration:1,start_interpolation:0,transformation:[0.9927061451526149, -3.991793020972855e-05, 0.12055914640869876, 2.765976272288897e-05, 3.3653395907292475e-05, 0.9999999979758126, 5.399836843929712e-05, 0.03136406564336182, -0.12055914832016758, -4.954728749356809e-05, 0.9927061444865657, -2.0671510561599125e-05, 0.0, 0.0, 0.0, 2.0]}
data modify storage ps:ani_data data[-1].frames append value {}
data modify storage ps:ani_data data[-1].frames[-1].part_1 set value {interpolation_duration:1,start_interpolation:0,transformation:[0.9927061673146245, -9.305497776692288e-06, 0.12055897017192857, -1.4232626714090882e-05, 7.175222408098015e-06, 0.9999999998103791, 1.810408827681731e-05, 0.03136165536529965, -0.12055897031753565, -1.7107002661730097e-05, 0.9927061671931559, -1.138543415765105e-05, 0.0, 0.0, 0.0, 2.0]}
data modify storage ps:ani_data data[-1].frames[-1].is_last set value 1
data modify storage ps:ani_data data[-1].frames[-1].keep_alive set value 1
