#0
data modify storage ps:ani_data data append value {ani_tag:'coin',height:0.1,width:0.3}
data modify storage ps:ani_data data[-1].parts.part_1 set value {name:'coin',init_pos:[1.0, 0.0, 0.0, 0.0, 0.0, 1.0, 0.0, 0.03125, 0.0, 0.0, 1.0, 0.0, 0.0, 0.0, 0.0, 2.0],item_model:'coin_test'}
#1
data modify storage ps:ani_data data[-1].frames append value {}
data modify storage ps:ani_data data[-1].frames[-1].part_1 set value {interpolation_duration:1,start_interpolation:0,transformation:[0.9421178571500662, 0.3249354076679704, -0.08264940461138699, 0.0011036736939811494, -0.33156837542054973, 0.8663453710272528, -0.3735078453267467, 0.25485124474077, -0.04976299488519806, 0.3792923396844464, 0.9239377497411573, 0.0005937046873475088, 0.0, 0.0, 0.0, 2.0]}
#2
data modify storage ps:ani_data data[-1].frames append value {}
data modify storage ps:ani_data data[-1].frames[-1].part_1 set value {interpolation_duration:1,start_interpolation:0,transformation:[0.8498651118762469, 0.4843744411243128, -0.20763114506519442, 0.0003820585899945798, -0.5055834367363516, 0.6382044459380952, -0.5805863188904026, 0.5386801455186098, -0.14871005384113614, 0.5983949247531756, 0.7872793874579771, 0.0002314449717284624, 0.0, 0.0, 0.0, 2.0]}
#3
data modify storage ps:ani_data data[-1].frames append value {}
data modify storage ps:ani_data data[-1].frames[-1].part_1 set value {interpolation_duration:1,start_interpolation:0,transformation:[0.7298481711424213, 0.5762814708840005, -0.3677245074724224, 9.736458194945232e-05, -0.6199033463313863, 0.33117065580564314, -0.7113689885990317, 0.7959866133185619, -0.2881692007956645, 0.747145008046653, 0.5989431097055501, 5.8783501883301495e-05, 0.0, 0.0, 0.0, 2.0]}
#4
data modify storage ps:ani_data data[-1].frames append value {}
data modify storage ps:ani_data data[-1].frames[-1].part_1 set value {interpolation_duration:1,start_interpolation:0,transformation:[0.59851744901596, 0.5896782093395884, -0.542269741598666, 2.422756579040292e-05, -0.6627443965030184, -0.0158082500712358, -0.7486788123979033, 1.0273992119523176, -0.4500519171465414, 0.8074835655663476, 0.3813444154737035, 1.4422322239055853e-05, 0.0, 0.0, 0.0, 2.0]}
#5
data modify storage ps:ani_data data[-1].frames append value {}
data modify storage ps:ani_data data[-1].frames[-1].part_1 set value {interpolation_duration:1,start_interpolation:0,transformation:[0.4730127014862239, 0.5234854221186725, -0.7086762286558931, 6.00574782585912e-06, -0.6316204995591717, -0.35930291731247954, -0.6869912358592094, 1.2331679726045026, -0.614259333481655, 0.7725700139404694, 0.1606892802606824, 3.5044705302969906e-06, 0.0, 0.0, 0.0, 2.0]}
#6
data modify storage ps:ani_data data[-1].frames append value {}
data modify storage ps:ani_data data[-1].frames[-1].part_1 set value {interpolation_duration:1,start_interpolation:0,transformation:[0.36901596682282517, 0.3864839523999895, -0.8452558019718639, 1.484864843701456e-06, -0.5332127033228197, -0.6568562757233155, -0.5331266698056538, 1.41341877602546, -0.7612564805930957, 0.6474333846660816, -0.03631230059959312, 8.430448111937925e-07, 0.0, 0.0, 0.0, 2.0]}
#7
data modify storage ps:ani_data data[-1].frames append value {}
data modify storage ps:ani_data data[-1].frames[-1].part_1 set value {interpolation_duration:1,start_interpolation:0,transformation:[0.2988958468363461, 0.19606137832059034, -0.9339278391155357, 3.65913437676703e-07, -0.38211210964387304, -0.8721955541202013, -0.3053936001891064, 1.5682367087772693, -0.87444359932902, 0.4481460156065046, -0.18577820186588742, 2.0000322136722955e-07, 0.0, 0.0, 0.0, 2.0]}
#8
data modify storage ps:ani_data data[-1].frames append value {}
data modify storage ps:ani_data data[-1].frames[-1].part_1 set value {interpolation_duration:1,start_interpolation:0,transformation:[0.2703566778282926, -0.024068712820422885, -0.9624593309936875, 8.977439443174476e-08, -0.19865535596165151, -0.9795692822890323, -0.0313060815737098, 1.6976933776967837, -0.9420420990069381, 0.19966150920725376, -0.26961447557518753, 4.649686569188553e-08, 0.0, 0.0, 0.0, 2.0]}
#9
data modify storage ps:ani_data data[-1].frames append value {}
data modify storage ps:ani_data data[-1].frames[-1].part_1 set value {interpolation_duration:1,start_interpolation:0,transformation:[0.2857304955981192, -0.2468682528720565, -0.9259666028584139, 2.189368542898676e-08, -0.0061712455106253845, -0.9667035011188299, 0.255824659979144, 1.801855860586487, -0.9582901437529768, -0.06738253964118214, -0.27774015506837274, 1.0481380034790426e-08, 0.0, 0.0, 0.0, 2.0]}
#10
data modify storage ps:ani_data data[-1].frames append value {}
data modify storage ps:ani_data data[-1].frames[-1].part_1 set value {interpolation_duration:1,start_interpolation:0,transformation:[0.34196178176279063, -0.44531262237604097, -0.8275015457183089, 5.295334848776399e-09, 0.17198955574326946, -0.8360556566633309, 0.5209899535273961, 1.8807896394637404, -0.9238407506322991, -0.3204802760137026, -0.20930996191612708, 2.247193250336485e-09, 0.0, 0.0, 0.0, 2.0]}
#11
data modify storage ps:ani_data data[-1].frames append value {}
data modify storage ps:ani_data data[-1].frames[-1].part_1 set value {interpolation_duration:1,start_interpolation:0,transformation:[0.43124660021204425, -0.5956522339245903, -0.6776612620079431, 1.2660050259979718e-09, 0.3152660872884992, -0.6042610542869002, 0.731762169340479, 1.9345595620140317, -0.845360079499472, -0.5292135622721025, -0.07279657612771182, 4.39856826343604e-10, 0.0, 0.0, 0.0, 2.0]}
#12
data modify storage ps:ani_data data[-1].frames append value {}
data modify storage ps:ani_data data[-1].frames[-1].part_1 set value {interpolation_duration:1,start_interpolation:0,transformation:[0.5422099060082084, -0.6802075026497778, -0.4932810265614541, 2.9768348710203516e-10, 0.4082071294140356, -0.2998878107963261, 0.8622263278463138, 1.9632301569253765, -0.7344217843461087, -0.6688684880264129, 0.1150634103576724, 7.008956429416974e-11, 0.0, 0.0, 0.0, 2.0]}
#13
data modify storage ps:ani_data data[-1].frames append value {}
data modify storage ps:ani_data data[-1].frames[-1].part_1 set value {interpolation_duration:1,start_interpolation:0,transformation:[0.6614464309196628, -0.68937541476385, -0.2953813747391828, 6.828751283174314e-11, 0.442047846619657, 0.04018479747755091, 0.8960908901169637, 1.9668657375017666, -0.6058731883179548, -0.7232888216824991, 0.3313170084776484, 4.477040922206025e-12, 0.0, 0.0, 0.0, 2.0]}
#14
data modify storage ps:ani_data data[-1].frames append value {}
data modify storage ps:ani_data data[-1].frames[-1].part_1 set value {interpolation_duration:1,start_interpolation:0,transformation:[0.7752174517842337, -0.62263026476132, -0.10662765050589589, 1.5070298265433716e-11, 0.41539754121970673, 0.3752957007063694, 0.8286121045338024, 1.9455304358991665, -0.47590207521903216, -0.6866474280404486, 0.5495748578379975, -3.1502485029848277e-12, 0.0, 0.0, 0.0, 2.0]}
#15
data modify storage ps:ani_data data[-1].frames append value {}
data modify storage ps:ani_data data[-1].frames[-1].part_1 set value {interpolation_duration:1,start_interpolation:0,transformation:[0.8710902079354215, -0.48842745398172227, 0.05138552165694508, 3.1137376109830286e-12, 0.334009948511526, 0.6658776410624102, 0.6671164226943356, 1.8992882146271768, -0.3600544457916767, -0.5639553079190691, 0.743179121568654, -2.1852982495819165e-12, 0.0, 0.0, 0.0, 2.0]}
#16
data modify storage ps:ani_data data[-1].frames append value {}
data modify storage ps:ani_data data[-1].frames[-1].part_1 set value {interpolation_duration:1,start_interpolation:0,transformation:[0.9393274687448301, -0.30305165297911935, 0.16069723733796185, 5.64686721784549e-13, 0.2097199497022509, 0.8780947546394635, 0.4300780679964344, 1.8282028706003903, -0.2714432706079028, -0.37028272644194976, 0.8883745006135647, -1.0040131371760177e-12, 0.0, 0.0, 0.0, 2.0]}
#17
data modify storage ps:ani_data data[-1].frames append value {}
data modify storage ps:ani_data data[-1].frames[-1].part_1 set value {interpolation_duration:1,start_interpolation:0,transformation:[0.9738773525511861, -0.0885732754255887, 0.20908772577144571, 7.124878201298987e-14, 0.058725160926821125, 0.9877046355547663, 0.14488239498898928, 1.7323380367477035, -0.21934962425773935, -0.12881897291940098, 0.9671046554297932, -4.0090044720455266e-13, 0.0, 0.0, 0.0, 2.0]}
#18
data modify storage ps:ani_data data[-1].frames append value {}
data modify storage ps:ani_data data[-1].frames[-1].part_1 set value {interpolation_duration:1,start_interpolation:0,transformation:[0.9728712144247441, 0.1298238735123537, 0.19148723719864835, -5.075441704093232e-15, -0.10054261438585514, 0.9827153188647769, -0.15544061490150107, 1.6117571828207025, -0.20835734408985987, 0.13197107234067584, 0.969108277350406, -1.4932354983360419e-13, 0.0, 0.0, 0.0, 2.0]}
#19
data modify storage ps:ani_data data[-1].frames append value {}
data modify storage ps:ani_data data[-1].frames[-1].part_1 set value {interpolation_duration:1,start_interpolation:0,transformation:[0.938602173139314, 0.3268162674580794, 0.11053093640662864, -8.763126135093054e-15, -0.24967861183082232, 0.864561563020959, -0.43611224993227343, 1.4665236159388746, -0.23808937685749576, 0.3817386947527396, 0.893078393846858, -5.3409680752764104e-14, 0.0, 0.0, 0.0, 2.0]}
#20
data modify storage ps:ani_data data[-1].frames append value {}
data modify storage ps:ani_data data[-1].frames[-1].part_1 set value {interpolation_duration:1,start_interpolation:0,transformation:[0.8770203192584289, 0.47986383338815347, -0.023792036774287578, -4.640500929131025e-15, -0.3724245573979876, 0.6477049794257544, -0.6646639817787598, 1.296700481047872, -0.30353798552200273, 0.5917845562644475, 0.7467635036021344, -1.8607760006318213e-14, 0.0, 0.0, 0.0, 2.0]}
#21
data modify storage ps:ani_data data[-1].frames append value {}
data modify storage ps:ani_data data[-1].frames[-1].part_1 set value {interpolation_duration:1,start_interpolation:0,transformation:[0.7968353098828624, 0.5717479613698094, -0.19534010748780944, -1.951041099879083e-15, -0.4564073897927434, 0.35774704671040813, -0.8146835858862969, 1.1023507613485632, -0.39591133283407887, 0.7383233161965342, 0.546015473493284, -6.3527326213178865e-15, 0.0, 0.0, 0.0, 2.0]}
#22
data modify storage ps:ani_data data[-1].frames append value {}
data modify storage ps:ani_data data[-1].frames[-1].part_1 set value {interpolation_duration:1,start_interpolation:0,transformation:[0.7083570256301389, 0.5924445719674084, -0.3837183255811184, -7.281770293813994e-16, -0.49431962928665646, 0.028311486174860137, -0.8688190627814707, 0.8835372787158007, -0.5038635016969631, 0.8051135875744023, 0.31291162132581385, -2.115065486607084e-15, 0.0, 0.0, 0.0, 2.0]}
#23
data modify storage ps:ani_data data[-1].frames append value {}
data modify storage ps:ani_data data[-1].frames[-1].part_1 set value {interpolation_duration:1,start_interpolation:0,transformation:[0.6222265764894754, 0.5401372459107018, -0.5666443709154699, -2.3569922854951727e-16, -0.4844416785533104, -0.30291556132979586, -0.820706051387892, 0.6403226941131047, -0.6149393039891317, 0.7851712668483586, 0.07318288136651604, -6.621575539763252e-16, 0.0, 0.0, 0.0, 2.0]}
#24
data modify storage ps:ani_data data[-1].frames append value {}
data modify storage ps:ani_data data[-1].frames[-1].part_1 set value {interpolation_duration:1,start_interpolation:0,transformation:[0.5481920130366117, 0.42127919852925266, -0.7225021479064389, -4.655408219660181e-17, -0.43049031792888987, -0.5985161492169111, -0.6756156490905485, 0.37276950800529884, -0.717052022528596, 0.6813972820705335, -0.1467451565624537, -1.6261450737696775e-16, 0.0, 0.0, 0.0, 2.0]}
#25
data modify storage ps:ani_data data[-1].frames append value {}
data modify storage ps:ani_data data[-1].frames[-1].part_1 set value {interpolation_duration:1,start_interpolation:0,transformation:[0.47580416162203343, 0.16303986482031466, -0.8643080482458363, 0.0008434764334096143, -0.0014522047958572988, -0.9825223815759667, -0.18613882132301499, 0.12466830612768046, -0.879550050244092, 0.08982077811767131, -0.4672514707670284, 0.001433246786783923, 0.0, 0.0, 0.0, 2.0]}
#26
data modify storage ps:ani_data data[-1].frames append value {}
data modify storage ps:ani_data data[-1].frames[-1].part_1 set value {interpolation_duration:1,start_interpolation:0,transformation:[0.5180407958549819, -0.18214116538855726, -0.8357381944729072, -0.0015802509444581936, -0.12480675028371924, -0.982703818045624, 0.1368081908445903, 0.005082750208370789, -0.846201517910216, 0.033433544075534706, -0.5318131149351198, -1.0428856684612553e-06, 0.0, 0.0, 0.0, 2.0]}
#27
data modify storage ps:ani_data data[-1].frames append value {}
data modify storage ps:ani_data data[-1].frames[-1].part_1 set value {interpolation_duration:1,start_interpolation:0,transformation:[0.6215793753140021, 0.05482992519308146, -0.7814299453486385, -0.0006735984687368797, 0.07748314841191203, -0.9969589482089054, -0.008319693406078093, 0.036934836808894846, -0.7795097445808054, -0.05537630259880683, -0.6239375154725456, 0.0001354915803357504, 0.0, 0.0, 0.0, 2.0]}
#28
data modify storage ps:ani_data data[-1].frames append value {}
data modify storage ps:ani_data data[-1].frames[-1].part_1 set value {interpolation_duration:1,start_interpolation:0,transformation:[0.6838830883646276, 0.09210764616889465, -0.723754173021534, -0.00017419130106772248, 0.11581712420953598, -0.9931258841824909, -0.016952047268070498, 0.0593663937724976, -0.7203404161843839, -0.0722299085142138, -0.6898496395065644, 0.00014160063088416777, 0.0, 0.0, 0.0, 2.0]}
#29
data modify storage ps:ani_data data[-1].frames append value {}
data modify storage ps:ani_data data[-1].frames[-1].part_1 set value {interpolation_duration:1,start_interpolation:0,transformation:[0.7412557088802414, 0.08977752035757268, -0.6651916798118391, -4.832795954413928e-05, 0.1229984925556632, -0.9924019409902946, 0.0031238354198690607, 0.05884677926008071, -0.6598570639778627, -0.08413313471600585, -0.7466661039322551, 9.197474772024296e-05, 0.0, 0.0, 0.0, 2.0]}
#30
data modify storage ps:ani_data data[-1].frames append value {}
data modify storage ps:ani_data data[-1].frames[-1].part_1 set value {interpolation_duration:1,start_interpolation:0,transformation:[0.7904349299404314, 0.03159713095548054, -0.6117305312353202, 7.4407340885497e-05, 0.040479605580802935, -0.999180123022248, 0.0006951900948484068, 0.04016063576814167, -0.6112070214437064, -0.0253121131600576, -0.7910659099375252, 0.0001053988898986095, 0.0, 0.0, 0.0, 2.0]}
#31
data modify storage ps:ani_data data[-1].frames append value {}
data modify storage ps:ani_data data[-1].frames[-1].part_1 set value {interpolation_duration:1,start_interpolation:0,transformation:[0.80488198931055, -0.009037883780791374, -0.5933660758252501, -2.4640563010017904e-05, -0.008090970621079892, -0.9999582114347212, 0.004255770045725894, 0.030327226134090123, -0.5933797430633273, 0.0013755148265954555, -0.8049214796991452, 0.0002880062764578912, 0.0, 0.0, 0.0, 2.0]}
#32
data modify storage ps:ani_data data[-1].frames append value {}
data modify storage ps:ani_data data[-1].frames[-1].part_1 set value {interpolation_duration:1,start_interpolation:0,transformation:[0.8049230597344447, -0.0028996831650706344, -0.5933721090052019, -0.0001102116602181644, -0.002631359277913338, -0.9999956703700674, 0.0013172659068647462, 0.031043208104822632, -0.5933733595773318, 0.0005010775000484029, -0.8049272048236714, 0.00025410399483486405, 0.0, 0.0, 0.0, 2.0]}
#33
data modify storage ps:ani_data data[-1].frames append value {}
data modify storage ps:ani_data data[-1].frames[-1].part_1 set value {interpolation_duration:1,start_interpolation:0,transformation:[0.8049472193784613, -0.0006325544767755918, -0.5933460827288883, -0.00016110719342373608, -0.0005656842178212097, -0.9999997954019312, 0.00029865944064161743, 0.031292267215502594, -0.5933461502497919, 9.524142842017339e-05, -0.8049474125138995, 0.00022562399868625727, 0.0, 0.0, 0.0, 2.0]}
#34
data modify storage ps:ani_data data[-1].frames append value {}
data modify storage ps:ani_data data[-1].frames[-1].part_1 set value {interpolation_duration:1,start_interpolation:0,transformation:[0.8049437540329849, -5.013136720260698e-05, -0.5933511189254903, -0.0001402280255768853, -2.2789288519729133e-05, -0.9999999983053208, 5.357244749517436e-05, 0.03136513224624767, -0.5933511206056106, -2.960075715680353e-05, -0.8049437538113213, 0.00019642543536943906, 0.0, 0.0, 0.0, 2.0]}
#35
data modify storage ps:ani_data data[-1].frames append value {}
data modify storage ps:ani_data data[-1].frames[-1].part_1 set value {interpolation_duration:1,start_interpolation:0,transformation:[0.8049415629287008, -4.279104358445408e-05, -0.5933540919542284, -0.0001235094722525534, -1.612468827502123e-05, -0.9999999986078411, 5.024253164727166e-05, 0.031360153549010554, -0.5933540932781157, -3.0874652180179344e-05, -0.8049415624980863, 0.00012146418679726948, 0.0, 0.0, 0.0, 2.0]}
#36
data modify storage ps:ani_data data[-1].frames append value {}
data modify storage ps:ani_data data[-1].frames[-1].part_1 set value {interpolation_duration:1,start_interpolation:0,transformation:[0.8049386461021013, -1.7859721897705564e-05, -0.5933580501622489, -0.0001222987833491386, 1.5969637762166268e-05, -0.999999998532754, 5.1763518607561645e-05, 0.03136964901558829, -0.593358050216129, -5.114216970980801e-05, -0.8049386446358454, 7.572799792015973e-05, 0.0, 0.0, 0.0, 2.0]}
#37
data modify storage ps:ani_data data[-1].frames append value {}
data modify storage ps:ani_data data[-1].frames[-1].part_1 set value {interpolation_duration:1,start_interpolation:0,transformation:[0.8049399853227059, 3.1670884105675876e-05, -0.5933562328194053, -0.0001308838303787296, 6.276632294401111e-05, -0.9999999975254573, 3.177221035065032e-05, 0.03135478515942419, -0.5933562303448663, -6.281751146330704e-05, -0.8049399853187128, 5.0964130559331496e-05, 0.0, 0.0, 0.0, 2.0]}
#38
data modify storage ps:ani_data data[-1].frames append value {}
data modify storage ps:ani_data data[-1].frames[-1].part_1 set value {interpolation_duration:1,start_interpolation:0,transformation:[0.8049353997732586, -5.8061391251841227e-05, -0.593362451475267, -8.538055538801426e-05, -4.621244338285925e-05, -0.9999999983140486, 3.516124000296852e-05, 0.03136040942976639, -0.5933624525163973, -8.817980839976181e-07, -0.8049354010993355, 3.782314953838548e-05, 0.0, 0.0, 0.0, 2.0]}
#39
data modify storage ps:ani_data data[-1].frames append value {}
data modify storage ps:ani_data data[-1].frames[-1].part_1 set value {interpolation_duration:1,start_interpolation:0,transformation:[0.8049274329779625, -6.190665824359112e-05, -0.5933732584192454, -5.282597175856053e-05, -5.6900313728509135e-05, -0.9999999980128008, 2.714317577834127e-05, 0.03135493820231273, -0.5933732589204381, 1.1914837760032944e-05, -0.80492743490092, 3.830223459354765e-06, 0.0, 0.0, 0.0, 2.0]}
#40
data modify storage ps:ani_data data[-1].frames append value {}
data modify storage ps:ani_data data[-1].frames[-1].part_1 set value {interpolation_duration:1,start_interpolation:0,transformation:[0.8049291274352874, -6.439875191351206e-05, -0.5933709595683521, 2.4572394111149702e-05, -6.493067066926913e-05, -0.999999997682912, 2.0449540853024995e-05, 0.03135119064858896, -0.5933709595103843, 2.206754328516322e-05, -0.8049291297516501, -1.384984506101709e-05, 0.0, 0.0, 0.0, 2.0]}
#41
data modify storage ps:ani_data data[-1].frames append value {}
data modify storage ps:ani_data data[-1].frames[-1].part_1 set value {interpolation_duration:1,start_interpolation:0,transformation:[0.8049291510107286, -6.242146818067486e-05, -0.593370927798715, 1.7621311999127847e-05, -5.94129197882289e-05, -0.9999999979324165, 2.4602278749250952e-05, 0.03135385231125091, -0.5933709281075816, 1.5450807991408165e-05, -0.8049291530551118, -2.64746412732497e-06, 0.0, 0.0, 0.0, 2.0]}
#42
data modify storage ps:ani_data data[-1].frames append value {}
data modify storage ps:ani_data data[-1].frames[-1].part_1 set value {interpolation_duration:1,start_interpolation:0,transformation:[0.8049298057077343, -6.28543597080825e-05, -0.5933700396317949, 3.557330496557297e-05, -6.113441596452605e-05, -0.9999999978668713, 2.29965200435326e-05, 0.031352766113174786, -0.593370039811492, 1.7764746413142748e-05, -0.8049298078332803, 1.5143809603213423e-05, 0.0, 0.0, 0.0, 2.0]}
#43
data modify storage ps:ani_data data[-1].frames append value {}
data modify storage ps:ani_data data[-1].frames[-1].part_1 set value {interpolation_duration:1,start_interpolation:0,transformation:[0.8049343744873854, -5.6384041859571616e-05, -0.5933638425025921, 1.9181942772501537e-05, -4.5846945314409156e-05, -0.9999999984101169, 3.2830209941602937e-05, 0.03135901462261094, -0.5933638434103135, 7.777551351303283e-07, -0.8049343757926701, 1.800360355364752e-06, 0.0, 0.0, 0.0, 2.0]}
#44
data modify storage ps:ani_data data[-1].frames append value {}
data modify storage ps:ani_data data[-1].frames[-1].part_1 set value {interpolation_duration:1,start_interpolation:0,transformation:[0.8049356520876627, 2.947851833912419e-06, -0.593362112027318, 1.148889257803832e-05, 3.607911166580578e-05, -0.999999998382218, 4.397569530882721e-05, 0.03136538062106052, -0.5933621109377536, -5.6805582877511166e-05, -0.8049356508918082, -3.8511060289853565e-05, 0.0, 0.0, 0.0, 2.0]}
#45
data modify storage ps:ani_data data[-1].frames append value {}
data modify storage ps:ani_data data[-1].frames[-1].part_1 set value {interpolation_duration:1,start_interpolation:0,transformation:[0.8049366190493575, -5.5997739880368165e-06, -0.5933608002573408, 5.603714609354253e-05, 2.786810764599939e-05, -0.9999999984957583, 4.724247762125551e-05, 0.0313648016982344, -0.5933607996293302, -5.456304286645626e-05, -0.804936617682483, -4.434703401556868e-05, 0.0, 0.0, 0.0, 2.0]}
#46
data modify storage ps:ani_data data[-1].frames append value {}
data modify storage ps:ani_data data[-1].frames[-1].part_1 set value {interpolation_duration:1,start_interpolation:0,transformation:[0.8049367496475597, 1.7622034976107973e-05, -0.5933606228561895, 2.0332933108671322e-05, 4.8975354266580316e-05, -0.9999999981257959, 3.673992963699211e-05, 0.031357465836689725, -0.5933606210966785, -5.863336625650114e-05, -0.8049367490019894, 2.332640650933007e-06, 0.0, 0.0, 0.0, 2.0]}
#47
data modify storage ps:ani_data data[-1].frames append value {}
data modify storage ps:ani_data data[-1].frames[-1].part_1 set value {interpolation_duration:1,start_interpolation:0,transformation:[0.8049366064121948, -5.33410104347181e-05, -0.5933608150294016, 2.485217377058693e-06, -3.8966151847594766e-05, -0.999999998554986, 3.703602895214008e-05, 0.03136296363433575, -0.5933608161475256, -6.6906678408711806e-06, -0.8049366073275444, 4.1419357645427526e-05, 0.0, 0.0, 0.0, 2.0]}
#48
data modify storage ps:ani_data data[-1].frames append value {}
data modify storage ps:ani_data data[-1].frames[-1].part_1 set value {interpolation_duration:1,start_interpolation:0,transformation:[0.8049356662294148, -6.211378601132483e-05, -0.5933620895993317, -2.5197460025739865e-05, -5.57839711556138e-05, -0.9999999980233897, 2.9006365932655945e-05, 0.031357233718137346, -0.5933620902281811, 9.751835204147232e-06, -0.8049356681033245, 8.3195100123141e-05, 0.0, 0.0, 0.0, 2.0]}
#49
data modify storage ps:ani_data data[-1].frames append value {}
data modify storage ps:ani_data data[-1].frames[-1].part_1 set value {interpolation_duration:1,start_interpolation:0,transformation:[0.804935902250471, 1.7038725612580775e-05, -0.5933617724271606, -3.0440399010322782e-05, 4.892402739159631e-05, -0.9999999980943374, 3.765321864042609e-05, 0.03136031650871247, -0.5933617706548504, -5.933807512631819e-05, -0.8049359015501377, 2.7502369652899702e-05, 0.0, 0.0, 0.0, 2.0]}
#50
data modify storage ps:ani_data data[-1].frames append value {}
data modify storage ps:ani_data data[-1].frames[-1].part_1 set value {interpolation_duration:1,start_interpolation:0,transformation:[0.804935261041669, 1.2933076216295253e-05, -0.5933626423735453, -1.0763621635711072e-05, 4.496930971918359e-05, -0.9999999982202643, 3.920756920478852e-05, 0.031361370800266415, -0.5933626408104414, -5.824266339335489e-05, -0.8049352601906887, 3.9961727902782514e-07, 0.0, 0.0, 0.0, 2.0]}
#51
data modify storage ps:ani_data data[-1].frames append value {}
data modify storage ps:ani_data data[-1].frames[-1].part_1 set value {interpolation_duration:1,start_interpolation:0,transformation:[0.804934880669889, 2.721651726193642e-05, -0.5933631578891739, -7.100107221931525e-05, 5.76818232836066e-05, -0.9999999978121444, 3.2380834711024535e-05, 0.031356550466768475, -0.5933631557096873, -6.029073214047602e-05, -0.8049348804787061, -2.7983730345087548e-05, 0.0, 0.0, 0.0, 2.0]}
#52
data modify storage ps:ani_data data[-1].frames append value {}
data modify storage ps:ani_data data[-1].frames[-1].part_1 set value {interpolation_duration:1,start_interpolation:0,transformation:[0.8049345606759852, 2.1998218254347007e-05, -0.5933635921974293, -5.483166492989371e-05, 5.275100716304215e-05, -0.9999999980140146, 3.448625907356247e-05, 0.031357943687481654, -0.5933635902603815, -5.9059708899031224e-05, -0.8049345602378252, 2.128443989491844e-05, 0.0, 0.0, 0.0, 2.0]}
#53
data modify storage ps:ani_data data[-1].frames append value {}
data modify storage ps:ani_data data[-1].frames[-1].part_1 set value {interpolation_duration:1,start_interpolation:0,transformation:[0.8049350848056103, 1.715354764093942e-06, -0.5933628815876859, -7.003544883727013e-05, 3.521157628714182e-05, -0.9999999983731502, 4.4875874797354374e-05, 0.031365347162343224, -0.5933628805453957, -5.70154084567175e-05, -0.8049350835565023, 5.99791750460439e-05, 0.0, 0.0, 0.0, 2.0]}
#54
data modify storage ps:ani_data data[-1].frames append value {}
data modify storage ps:ani_data data[-1].frames[-1].part_1 set value {interpolation_duration:1,start_interpolation:0,transformation:[0.8049344370362242, -6.166457991758324e-05, -0.5933637571259774, -4.861948657815209e-05, -5.485592458369538e-05, -0.9999999980600437, 2.9508302141481928e-05, 0.031357224595262675, -0.5933637577944948, 8.7972689394522e-06, -0.8049344388573542, 4.2614262170755336e-05, 0.0, 0.0, 0.0, 2.0]}
#55
data modify storage ps:ani_data data[-1].frames append value {}
data modify storage ps:ani_data data[-1].frames[-1].part_1 set value {interpolation_duration:1,start_interpolation:0,transformation:[0.8049340533328257, -5.487915636937457e-05, -0.5933642783092574, -2.039099660416249e-05, -4.402096587678272e-05, -0.999999998494106, 3.277106914375614e-05, 0.03136019576408281, -0.5933642792141621, -2.5808086998030185e-07, -0.804934054536514, 6.035243188939051e-05, 0.0, 0.0, 0.0, 2.0]}
#56
data modify storage ps:ani_data data[-1].frames append value {}
data modify storage ps:ani_data data[-1].frames[-1].part_1 set value {interpolation_duration:1,start_interpolation:0,transformation:[0.8049321623711339, -6.796658669453825e-05, -0.5933668421483229, -3.097342895847574e-05, -7.045959664476671e-05, -0.9999999973379446, 1.8961947697989085e-05, 0.031350673080007385, -0.5933668418575264, 2.6545306796839108e-05, -0.8049321650172585, 4.1300141318370845e-05, 0.0, 0.0, 0.0, 2.0]}
#57
data modify storage ps:ani_data data[-1].frames append value {}
data modify storage ps:ani_data data[-1].frames[-1].part_1 set value {interpolation_duration:1,start_interpolation:0,transformation:[0.804931517454854, -6.239774781807697e-05, -0.5933677176206562, -1.3779632743077719e-05, -5.840850139275729e-05, -0.9999999979581774, 2.592474038530375e-05, 0.03135504153319596, -0.59336771802675, 1.379007854309764e-05, -0.8049315194558856, 4.4260748712141845e-05, 0.0, 0.0, 0.0, 2.0]}
#58
data modify storage ps:ani_data data[-1].frames append value {}
data modify storage ps:ani_data data[-1].frames[-1].part_1 set value {interpolation_duration:1,start_interpolation:0,transformation:[0.8049312432119277, -5.47322353625883e-05, -0.5933680904006234, -2.779723844070589e-06, -4.129317180163612e-05, -0.9999999984913537, 3.62238406703837e-05, 0.031361558935923524, -0.5933680914880526, -4.655650606201043e-06, -0.8049312442576388, 1.4883753758339451e-05, 0.0, 0.0, 0.0, 2.0]}
#59
data modify storage ps:ani_data data[-1].frames append value {}
data modify storage ps:ani_data data[-1].frames[-1].part_1 set value {interpolation_duration:1,start_interpolation:0,transformation:[0.8049312967714091, -1.0077850519247367e-05, -0.5933680201833716, 1.643759028222881e-06, 2.4271288336369024e-05, -0.999999998459984, 4.990927904992529e-05, 0.031369919553563455, -0.5933680197725539, -5.457534701403354e-05, -0.8049312952871996, -1.580196964942875e-05, 0.0, 0.0, 0.0, 2.0]}
data modify storage ps:ani_data data[-1].frames[-1].is_last set value 1
data modify storage ps:ani_data data[-1].frames[-1].keep_alive set value 1
