data modify storage ps:ani_data data append value {ani_tag:'coin',height:0.1,width:0.3}
data modify storage ps:ani_data data[-1].parts.part_1 set value {name:'coin',init_pos:[1.0, 0.0, 0.0, 0.0, 0.0, 1.0, 0.0, 0.03125, 0.0, 0.0, 1.0, 0.0, 0.0, 0.0, 0.0, 2.0],item_model:'cointosser:test_coin'}
data modify storage ps:ani_data data[-1].frames append value {}
data modify storage ps:ani_data data[-1].frames[-1].part_1 set value {interpolation_duration:1,start_interpolation:0,transformation:[0.9153341072708929, -0.402441434975626, -0.01429557558672878, 0.0015000525840666496, 0.3857663782352869, 0.8661169267836921, 0.31784551367291947, 0.254215685947541, -0.11553256462931319, -0.29644959192674136, 0.9480347387921193, 0.0004414781029502863, 0.0, 0.0, 0.0, 2.0]}
data modify storage ps:ani_data data[-1].frames append value {}
data modify storage ps:ani_data data[-1].frames[-1].part_1 set value {interpolation_duration:1,start_interpolation:0,transformation:[0.7663803298630563, -0.6366760364254597, -0.08546820836170245, 0.0004248708458763892, 0.5840991200591877, 0.6352691366493219, 0.5052339477577765, 0.5380314680162821, -0.2673750323891058, -0.4371232648377247, 0.8587396831360087, 0.00020674948651297495, 0.0, 0.0, 0.0, 2.0]}
data modify storage ps:ani_data data[-1].frames append value {}
data modify storage ps:ani_data data[-1].frames[-1].part_1 set value {interpolation_duration:1,start_interpolation:0,transformation:[0.5738492400303091, -0.7932732512390701, -0.20350577039787238, 0.00010724136217428709, 0.6829444094662692, 0.32639079233192453, 0.6534952059959639, 0.7953114973386695, -0.45197785708528393, -0.5139908555115873, 0.7290606402454195, 5.323348387670755e-05, 0.0, 0.0, 0.0, 2.0]}
data modify storage ps:ani_data data[-1].frames append value {}
data modify storage ps:ani_data data[-1].frames[-1].part_1 set value {interpolation_duration:1,start_interpolation:0,transformation:[0.36852734293198053, -0.860064374053373, -0.3528127973808115, 2.6815917598708737e-05, 0.66947191823975, -0.01777630761910518, 0.7426246384115063, 1.0266933495813872, -0.644976703610203, -0.5098757450316793, 0.5692378908931713, 1.3155721552505105e-05, 0.0, 0.0, 0.0, 2.0]}
data modify storage ps:ani_data data[-1].frames append value {}
data modify storage ps:ani_data data[-1].frames[-1].part_1 set value {interpolation_duration:1,start_interpolation:0,transformation:[0.17984033072323236, -0.8381946920595024, -0.5148661123521668, 6.700653382911243e-06, 0.5462808460857627, -0.35017378990177916, 0.7608912892559934, 1.2324300087884532, -0.8180676577430388, -0.41810043658085366, 0.3949143353763167, 3.225453470633544e-06, 0.0, 0.0, 0.0, 2.0]}
data modify storage ps:ani_data data[-1].frames append value {}
data modify storage ps:ani_data data[-1].frames[-1].part_1 set value {interpolation_duration:1,start_interpolation:0,transformation:[0.03174853826259179, -0.7406279743509064, -0.6711648336489786, 1.6744929027752733e-06, 0.33080217846981846, -0.6258722220889456, 0.7062958872434891, 1.4126483231582978, -0.9431659180853657, -0.24444665108427663, 0.2251308191604845, 7.855435955465066e-07, 0.0, 0.0, 0.0, 2.0]}
data modify storage ps:ani_data data[-1].frames append value {}
data modify storage ps:ani_data data[-1].frames[-1].part_1 set value {interpolation_duration:1,start_interpolation:0,transformation:[-0.06012755417280192, -0.5890047115826513, -0.8058896493705789, 4.1854598131902573e-07, 0.05271136535201465, -0.8080974930244776, 0.5866855663217572, 1.5674336961218809, -0.9967979680917911, -0.007203575569967138, 0.07963616833502585, 1.8963259220430645e-07, 0.0, 0.0, 0.0, 2.0]}
data modify storage ps:ani_data data[-1].frames append value {}
data modify storage ps:ani_data data[-1].frames[-1].part_1 set value {interpolation_duration:1,start_interpolation:0,transformation:[-0.08981055168764453, -0.4095021871935551, -0.9078777580099948, 1.0464758884804543e-07, -0.25025104763015205, -0.8730382672781808, 0.4185434231091474, 1.6968578382035122, -0.9640064719521193, 0.26478697579678273, -0.024070302923347133, 4.521406568448915e-08, 0.0, 0.0, 0.0, 2.0]}
data modify storage ps:ani_data data[-1].frames append value {}
data modify storage ps:ani_data data[-1].frames[-1].part_1 set value {interpolation_duration:1,start_interpolation:0,transformation:[-0.06064166408357578, -0.22845182960589175, -0.9716647313383847, 2.6174641807210573e-08, -0.5374517406834279, -0.8128215676606045, 0.2246480037349779, 1.8009878610382128, -0.8411112976375528, 0.5358459299980525, -0.07349098101804054, 1.0589300608943198e-08, 0.0, 0.0, 0.0, 2.0]}
data modify storage ps:ani_data data[-1].frames append value {}
data modify storage ps:ani_data data[-1].frames[-1].part_1 set value {interpolation_duration:1,start_interpolation:0,transformation:[0.016456137789514446, -0.0684429439818898, -0.9975193025441382, 6.550111836828121e-09, -0.7708160500705663, -0.6363058722613015, 0.0309427516454816, 1.8798892575861885, -0.6368452029203504, 0.7683946904715542, -0.0632280568455305, 2.4144756915189163e-09, 0.0, 0.0, 0.0, 2.0]}
data modify storage ps:ani_data data[-1].frames append value {}
data modify storage ps:ani_data data[-1].frames[-1].part_1 set value {interpolation_duration:1,start_interpolation:0,transformation:[0.12569778340718157, 0.054503935134934456, -0.990570233906374, 1.6402101340223709e-09, -0.9198286653531748, -0.36764113145627514, -0.13694971652452165, 1.9336268789756457, -0.3716386600464466, 0.9283691719980561, 0.003922606598300718, 5.27614721785816e-10, 0.0, 0.0, 0.0, 2.0]}
data modify storage ps:ani_data data[-1].frames append value {}
data modify storage ps:ani_data data[-1].frames[-1].part_1 set value {interpolation_duration:1,start_interpolation:0,transformation:[0.24958423431080237, 0.13234282968306824, -0.9592669521123763, 4.1107331038954243e-10, -0.9654348339049071, -0.042841633158808984, -0.2570995448290204, 1.962265254880043, -0.07512184413666867, 0.9902777236208862, 0.11707578158501282, 1.0707254434613133e-10, 0.0, 0.0, 0.0, 2.0]}
data modify storage ps:ani_data data[-1].frames append value {}
data modify storage ps:ani_data data[-1].frames[-1].part_1 set value {interpolation_duration:1,start_interpolation:0,transformation:[0.3719038120869538, 0.16490856408937232, -0.9135057307128254, 1.0313823243934993e-10, -0.9023570562587959, 0.29512828680061326, -0.31408762686564956, 1.9658686987839804, 0.21780564174316563, 0.941118727802245, 0.2585657413593908, 1.864994912093305e-11, 0.0, 0.0, 0.0, 2.0]}
data modify storage ps:ani_data data[-1].frames append value {}
data modify storage ps:ani_data data[-1].frames[-1].part_1 set value {interpolation_duration:1,start_interpolation:0,transformation:[0.480090286846244, 0.15850864265937104, -0.862779419479959, 2.5914592507631845e-11, -0.739563996134323, 0.6020757876772093, -0.30091500712775887, 1.9445013427606674, 0.4717609692394257, 0.7825469673413551, 0.40627802279612163, 2.0069502070062155e-12, 0.0, 0.0, 0.0, 2.0]}
data modify storage ps:ani_data data[-1].frames append value {}
data modify storage ps:ani_data data[-1].frames[-1].part_1 set value {interpolation_duration:1,start_interpolation:0,transformation:[0.566599139540324, 0.12359667746263044, -0.8146712689130274, 6.523437994966591e-12, -0.498876871439285, 0.8383433266614556, -0.2197779192392973, 1.8982271491510134, 0.6558104011184294, 0.5309466338177524, 0.5366641312986012, -3.6726009909960633e-13, 0.0, 0.0, 0.0, 2.0]}
data modify storage ps:ani_data data[-1].frames append value {}
data modify storage ps:ani_data data[-1].frames[-1].part_1 set value {interpolation_duration:1,start_interpolation:0,transformation:[0.6291674943402233, 0.07204860988293417, -0.7739232919867329, 1.6460577725779783e-12, -0.21194058971472257, 0.9738668651405552, -0.08163648334343775, 1.8271099146731247, 0.7478164550857519, 0.2153887805695657, 0.6279954002281661, -3.7626523589833736e-13, 0.0, 0.0, 0.0, 2.0]}
data modify storage ps:ani_data data[-1].frames append value {}
data modify storage ps:ani_data data[-1].frames[-1].part_1 set value {interpolation_duration:1,start_interpolation:0,transformation:[0.6700350755454887, 0.014587288678833047, -0.7421861010203243, 4.1660568089417845e-13, 0.08400872504068106, 0.9918938354624797, 0.09533705097479503, 1.7312132720506628, 0.7375605274523511, -0.1262292762418125, 0.663378201453498, -1.8718735555848604e-13, 0.0, 0.0, 0.0, 2.0]}
data modify storage ps:ani_data data[-1].frames append value {}
data modify storage ps:ani_data data[-1].frames[-1].part_1 set value {interpolation_duration:1,start_interpolation:0,transformation:[0.6943859191278243, -0.0411730052738323, -0.7184239548857814, 1.0583475724261743e-13, 0.35100627924263816, 0.8909172303020012, 0.28820319339530215, 1.6106006908274748, 0.6281900884678503, -0.4522955586646103, 0.6330923632164762, -7.727383445033985e-14, 0.0, 0.0, 0.0, 2.0]}
data modify storage ps:ani_data data[-1].frames append value {}
data modify storage ps:ani_data data[-1].frames[-1].part_1 set value {interpolation_duration:1,start_interpolation:0,transformation:[0.7083936402563324, -0.09174338272683996, -0.6998296951189039, 2.700962104232769e-14, 0.5552140897198207, 0.6846234826544504, 0.472258405509825, 1.4653354779148473, 0.43579325949465114, -0.7231001581550981, 0.5359201398110538, -2.927588643326634e-14, 0.0, 0.0, 0.0, 2.0]}
data modify storage ps:ani_data data[-1].frames append value {}
data modify storage ps:ani_data data[-1].frames[-1].part_1 set value {interpolation_duration:1,start_interpolation:0,transformation:[0.7172990296888216, -0.1377198855760491, -0.6830192787355234, 6.937283009259969e-15, 0.6711520339264831, 0.3999106714862693, 0.6242006105313784, 1.2954807780504387, 0.1871818617383091, -0.906148270399674, 0.379286517935794, -1.0548017631904427e-14, 0.0, 0.0, 0.0, 2.0]}
data modify storage ps:ani_data data[-1].frames append value {}
data modify storage ps:ani_data data[-1].frames[-1].part_1 set value {interpolation_duration:1,start_interpolation:0,transformation:[0.7239141410795504, -0.18277641930633612, -0.6652376243798985, 1.8088976599865877e-15, 0.6847845395342881, 0.0732764490999334, 0.725052202549663, 1.1010995742275518, -0.08377619446996551, -0.9804199827384482, 0.17820832384395305, -3.653006947485087e-15, 0.0, 0.0, 0.0, 2.0]}
data modify storage ps:ani_data data[-1].frames append value {}
data modify storage ps:ani_data data[-1].frames[-1].part_1 set value {interpolation_duration:1,start_interpolation:0,transformation:[0.7278424169558864, -0.23196292237742375, -0.6453205550127304, 4.998335073540843e-16, 0.5951027505856853, -0.2539281546116765, 0.7624783331615792, 0.8822546881139686, -0.3407317600769924, -0.9389961101823764, -0.046777908645012, -1.1949042685482391e-15, 0.0, 0.0, 0.0, 2.0]}
data modify storage ps:ani_data data[-1].frames append value {}
data modify storage ps:ani_data data[-1].frames[-1].part_1 set value {interpolation_duration:1,start_interpolation:0,transformation:[0.7255518365552336, -0.2897031188063664, -0.6242168176404664, 1.7031220813269386e-16, 0.414041592787872, -0.5407552269750756, 0.732224927150678, 0.6390087804666583, -0.5496763519681458, -0.789718866086532, -0.2723968073124063, -3.3112471601010196e-16, 0.0, 0.0, 0.0, 2.0]}
data modify storage ps:ani_data data[-1].frames append value {}
data modify storage ps:ani_data data[-1].frames[-1].part_1 set value {interpolation_duration:1,start_interpolation:0,transformation:[0.7112667302847325, -0.35793115586218616, -0.6049668801291729, 9.01494850519741e-17, 0.16478401727666117, -0.7517576916814129, 0.6385190683511327, 0.37142435154441933, -0.6833343735245802, -0.5538462427975771, -0.4757189015571869, -2.6412648651023876e-17, 0.0, 0.0, 0.0, 2.0]}
data modify storage ps:ani_data data[-1].frames append value {}
data modify storage ps:ani_data data[-1].frames[-1].part_1 set value {interpolation_duration:1,start_interpolation:0,transformation:[0.7098775626874276, -0.20880325802269112, -0.6726626535136809, 0.0007604699760709537, -0.1178125473143206, -0.9767920409049375, 0.17887848534711373, 0.10306543786225811, -0.6944019366968007, -0.04773372250177087, -0.7180023969652577, 0.001242592835144985, 0.0, 0.0, 0.0, 2.0]}
data modify storage ps:ani_data data[-1].frames append value {}
data modify storage ps:ani_data data[-1].frames[-1].part_1 set value {interpolation_duration:1,start_interpolation:0,transformation:[0.7154505938113827, 0.07021784042310632, -0.6951258178928867, -0.0003158233806610071, 0.03163082918165113, -0.9971719524141266, -0.06817322028392281, 0.002804218895455144, -0.697946945304742, 0.02678716492864134, -0.7156483140026701, -0.0034231585551323107, 0.0, 0.0, 0.0, 2.0]}
data modify storage ps:ani_data data[-1].frames append value {}
data modify storage ps:ani_data data[-1].frames[-1].part_1 set value {interpolation_duration:1,start_interpolation:0,transformation:[0.6755507789112652, -0.059810135336655475, -0.7348835913417808, 0.0003857495488873852, -0.04317086138213208, -0.9982030886031408, 0.04155563295962724, 0.026511367603592247, -0.7360485186724497, 0.003652617439792597, -0.6769189290793478, -0.0011354286184437525, 0.0, 0.0, 0.0, 2.0]}
data modify storage ps:ani_data data[-1].frames append value {}
data modify storage ps:ani_data data[-1].frames[-1].part_1 set value {interpolation_duration:1,start_interpolation:0,transformation:[0.6516828058645016, -0.035131170512963536, -0.7576775840678933, 0.00025015230658402717, 0.006645089650100039, -0.9986240077678952, 0.05201859180263091, 0.041263995274177366, -0.7584624996162382, -0.03893445733506102, -0.6505526456082642, -0.00031997686464172874, 0.0, 0.0, 0.0, 2.0]}
data modify storage ps:ani_data data[-1].frames append value {}
data modify storage ps:ani_data data[-1].frames[-1].part_1 set value {interpolation_duration:1,start_interpolation:0,transformation:[0.6322946808127524, 0.011183412482971238, -0.774647253852445, 0.00018628719847690092, 0.021311320563277263, -0.9997685014144889, 0.0029616203801742323, 0.03608612752235613, -0.7744348030865789, -0.018381372763282687, -0.6323866387769341, -0.00026309775653004825, 0.0, 0.0, 0.0, 2.0]}
data modify storage ps:ani_data data[-1].frames append value {}
data modify storage ps:ani_data data[-1].frames[-1].part_1 set value {interpolation_duration:1,start_interpolation:0,transformation:[0.6252500940986316, -0.0019768570576104397, -0.7804219447618228, 0.0002750628939160534, -0.010377496376754084, -0.9999294398793471, -0.005781248267067528, 0.02906214034437126, -0.7803554493938017, 0.011713551927096716, -0.6252264912035064, -0.00028010343670929646, 0.0, 0.0, 0.0, 2.0]}
data modify storage ps:ani_data data[-1].frames append value {}
data modify storage ps:ani_data data[-1].frames[-1].part_1 set value {interpolation_duration:1,start_interpolation:0,transformation:[0.625294487288141, -0.0007730353326744143, -0.7803884972136859, 1.1656230914910667e-05, -0.003470210959531837, -0.999992376787213, -0.0017899730045329903, 0.03061997640829326, -0.7803811644337381, 0.003827372967852583, -0.6252924031308935, -0.00030306314422966403, 0.0, 0.0, 0.0, 2.0]}
data modify storage ps:ani_data data[-1].frames append value {}
data modify storage ps:ani_data data[-1].frames[-1].part_1 set value {interpolation_duration:1,start_interpolation:0,transformation:[0.6253206402374363, -0.00022362121932339285, -0.7803678920141405, -7.560969143319995e-05, -0.0009383533218696124, -0.9999994514672409, -0.00046535820740049394, 0.031164565887984465, -0.7803673598928176, 0.0010232588959432779, -0.625320507064294, -0.0003065146022024776, 0.0, 0.0, 0.0, 2.0]}
data modify storage ps:ani_data data[-1].frames append value {}
data modify storage ps:ani_data data[-1].frames[-1].part_1 set value {interpolation_duration:1,start_interpolation:0,transformation:[0.6253534801579229, -3.726062395918043e-05, -0.7803416069043223, -5.6553921407988786e-05, -2.5503132842041403e-05, -0.9999999993018411, 2.73113093892471e-05, 0.03134749313872783, -0.7803416073771563, 2.8219332888175533e-06, -0.6253534806715896, -0.00024829205808728417, 0.0, 0.0, 0.0, 2.0]}
data modify storage ps:ani_data data[-1].frames append value {}
data modify storage ps:ani_data data[-1].frames[-1].part_1 set value {interpolation_duration:1,start_interpolation:0,transformation:[0.6253509344402444, -6.504056266134262e-05, -0.7803436451746357, 1.9240676733663043e-05, -5.44341281775788e-05, -0.9999999977293752, 3.972625366281204e-05, 0.03134837901948377, -0.7803436459865862, 1.763447615414551e-05, -0.6253509365607335, -0.00014168752622340615, 0.0, 0.0, 0.0, 2.0]}
data modify storage ps:ani_data data[-1].frames append value {}
data modify storage ps:ani_data data[-1].frames[-1].part_1 set value {interpolation_duration:1,start_interpolation:0,transformation:[0.6253535172909533, -2.0031916476553717e-05, -0.7803415777789593, 1.2994672990164234e-05, -1.0525440783730686e-05, -0.9999999997960717, 1.723577910023246e-05, 0.03135000965036812, -0.7803415779650912, -2.5650160155848608e-06, -0.6253535173742706, -0.00012315613791093901, 0.0, 0.0, 0.0, 2.0]}
data modify storage ps:ani_data data[-1].frames append value {}
data modify storage ps:ani_data data[-1].frames[-1].part_1 set value {interpolation_duration:1,start_interpolation:0,transformation:[0.6253358237656904, 1.8453943588123883e-05, -0.780355756802458, 1.0336292106084122e-05, -6.6737182671921575e-06, -0.9999999995573444, -2.8996080945011634e-05, 0.031355587952294484, -0.7803557569921213, 2.334016263280662e-05, -0.6253358233657257, -0.0001199809312180439, 0.0, 0.0, 0.0, 2.0]}
data modify storage ps:ani_data data[-1].frames append value {}
data modify storage ps:ani_data data[-1].frames[-1].part_1 set value {interpolation_duration:1,start_interpolation:0,transformation:[0.6253366087534507, 2.0950507982135297e-05, -0.7803551276911106, 2.7211838502490935e-05, -3.146610079630093e-05, -0.9999999981496784, -5.206272280958832e-05, 0.03135607466787927, -0.7803551273379433, 5.711145962905767e-05, -0.6253366069371462, -0.00012723566745366345, 0.0, 0.0, 0.0, 2.0]}
data modify storage ps:ani_data data[-1].frames append value {}
data modify storage ps:ani_data data[-1].frames[-1].part_1 set value {interpolation_duration:1,start_interpolation:0,transformation:[0.6253370772751037, -2.1276447554745476e-05, -0.7803547522328189, 8.944618772387428e-06, -3.879152895003627e-05, -0.9999999992403105, -3.820485221030327e-06, 0.03135629030810837, -0.780354751558705, 3.26602450244296e-05, -0.6253370776253875, -0.00013342802913015784, 0.0, 0.0, 0.0, 2.0]}
data modify storage ps:ani_data data[-1].frames append value {}
data modify storage ps:ani_data data[-1].frames[-1].part_1 set value {interpolation_duration:1,start_interpolation:0,transformation:[0.6253375446348979, -2.8613349217034663e-05, -0.7803543774794071, -5.4444204263970846e-05, -5.4836970489574806e-05, -0.9999999984699793, -7.276523938076147e-06, 0.03136232661327579, -0.7803543760772431, 4.734255358216237e-05, -0.6253375452471878, -6.542164692149475e-05, 0.0, 0.0, 0.0, 2.0]}
data modify storage ps:ani_data data[-1].frames append value {}
data modify storage ps:ani_data data[-1].frames[-1].part_1 set value {interpolation_duration:1,start_interpolation:0,transformation:[0.6253397430621875, -5.524550392862231e-05, -0.7803526143320411, -6.186774668854503e-05, -6.522445643901896e-05, -0.999999997701249, 1.8527597274797824e-05, 0.031364571173198116, -0.7803526135617713, 3.9312032181193026e-05, -0.6253397452280453, -3.9411392097752655e-05, 0.0, 0.0, 0.0, 2.0]}
data modify storage ps:ani_data data[-1].frames append value {}
data modify storage ps:ani_data data[-1].frames[-1].part_1 set value {interpolation_duration:1,start_interpolation:0,transformation:[0.6253401103871156, 2.8698622872581284e-05, -0.7803523214019541, -7.877344343112869e-05, -2.296244550262662e-05, -0.9999999982140797, -5.5177590744321784e-05, 0.031354246952510836, -0.780352321591828, 5.242355833998981e-05, -0.6253401086113173, -2.3928558186590376e-05, 0.0, 0.0, 0.0, 2.0]}
data modify storage ps:ani_data data[-1].frames append value {}
data modify storage ps:ani_data data[-1].frames[-1].part_1 set value {interpolation_duration:1,start_interpolation:0,transformation:[0.6253407559804238, -5.2402958279825165e-06, -0.7803518045614883, -0.00011104637002104643, -2.27305244416075e-05, -0.9999999996755372, -1.1499976625167123e-05, 0.03135422577015674, -0.7803518042480295, 2.492920984317664e-05, -0.6253407558966383, 8.609729909146469e-06, 0.0, 0.0, 0.0, 2.0]}
data modify storage ps:ani_data data[-1].frames append value {}
data modify storage ps:ani_data data[-1].frames[-1].part_1 set value {interpolation_duration:1,start_interpolation:0,transformation:[0.6253407695452214, 2.3796860487015487e-05, -0.7803517933459881, -9.670781615409654e-05, -1.4952152485868118e-05, -0.9999999989860662, -4.247706135540429e-05, 0.031349907002506686, -0.7803517935655835, 3.823057724273797e-05, -0.6253407685553528, -1.8137401266782225e-05, 0.0, 0.0, 0.0, 2.0]}
data modify storage ps:ani_data data[-1].frames append value {}
data modify storage ps:ani_data data[-1].frames[-1].part_1 set value {interpolation_duration:1,start_interpolation:0,transformation:[0.6253366403518382, 1.1733186117011849e-07, -0.7803551026510059, -4.657929668179048e-05, -1.518180414198024e-05, -0.9999999998089111, -1.2316277839566526e-05, 0.03135558081691979, -0.7803551025033337, 1.9549018135476785e-05, -0.625336640230562, -2.98646338878156e-05, 0.0, 0.0, 0.0, 2.0]}
data modify storage ps:ani_data data[-1].frames append value {}
data modify storage ps:ani_data data[-1].frames[-1].part_1 set value {interpolation_duration:1,start_interpolation:0,transformation:[0.6253372746533021, -1.3634904481404882e-05, -0.7803545942347427, -2.0071559633254764e-05, -1.492550201275137e-05, -0.999999999873423, 5.512150194247157e-06, 0.031360845193269295, -0.7803545942111253, 8.200231086960242e-06, -0.6253372747776564, -3.878323372765516e-07, 0.0, 0.0, 0.0, 2.0]}
data modify storage ps:ani_data data[-1].frames append value {}
data modify storage ps:ani_data data[-1].frames[-1].part_1 set value {interpolation_duration:1,start_interpolation:0,transformation:[0.6253346696473034, -4.8765401744121516e-05, -0.7803566803449771, 2.6113802223313658e-06, -6.020856791871305e-05, -0.9999999980860276, 1.4243354354942666e-05, 0.03136098648374588, -0.7803566795459789, 3.807729489915446e-05, -0.6253346713865252, -1.1155542371463057e-05, 0.0, 0.0, 0.0, 2.0]}
data modify storage ps:ani_data data[-1].frames append value {}
data modify storage ps:ani_data data[-1].frames[-1].part_1 set value {interpolation_duration:1,start_interpolation:0,transformation:[0.6253320725366059, -3.1519390389145497e-06, -0.7803587630360399, -8.354909727390284e-06, -2.894617964472728e-05, -0.9999999993975714, -1.9156618955720103e-05, 0.0313517946262628, -0.7803587625055489, 3.456765317655285e-05, -0.6253320722511246, -1.3703491011855756e-05, 0.0, 0.0, 0.0, 2.0]}
data modify storage ps:ani_data data[-1].frames append value {}
data modify storage ps:ani_data data[-1].frames[-1].part_1 set value {interpolation_duration:1,start_interpolation:0,transformation:[0.6253319587140421, -5.1934260139543825e-05, -0.7803588525247165, 2.5761541265373968e-05, -2.7743135909757764e-05, -0.9999999986330231, 4.432011046883941e-05, 0.03135739856252648, -0.7803588537597158, -6.065179785926249e-06, -0.625331959300047, 1.1641027288245742e-05, 0.0, 0.0, 0.0, 2.0]}
data modify storage ps:ani_data data[-1].frames append value {}
data modify storage ps:ani_data data[-1].frames[-1].part_1 set value {interpolation_duration:1,start_interpolation:0,transformation:[0.6253341029765639, -5.202718396328169e-05, -0.7803571342325691, 1.356922049911481e-05, -3.557347623464173e-05, -0.999999998639002, 3.8164418232446304e-05, 0.03135175110426428, -0.7803571351560923, 3.8945037281462e-06, -0.6253341039762733, 2.002789626736518e-05, 0.0, 0.0, 0.0, 2.0]}
data modify storage ps:ani_data data[-1].frames append value {}
data modify storage ps:ani_data data[-1].frames[-1].part_1 set value {interpolation_duration:1,start_interpolation:0,transformation:[0.625336199554931, -8.536895924542265e-06, -0.7803554558361958, 6.499021269527273e-06, 1.1088462942552656e-05, -0.9999999997419984, 1.982546938326115e-05, 0.031356301886109175, -0.7803554558041106, -2.105052623257961e-05, -0.625336199298932, 5.160146750101781e-06, 0.0, 0.0, 0.0, 2.0]}
data modify storage ps:ani_data data[-1].frames append value {}
data modify storage ps:ani_data data[-1].frames[-1].part_1 set value {interpolation_duration:1,start_interpolation:0,transformation:[0.6253329262050774, -3.4064940968519436e-05, -0.7803580782201047, 2.003972126223107e-05, -4.234178122848501e-05, -0.9999999990563206, 9.72275573456585e-06, 0.03135667793390605, -0.7803580778149021, 2.696179173360341e-05, -0.625332927057334, -2.5498917360890192e-05, 0.0, 0.0, 0.0, 2.0]}
data modify storage ps:ani_data data[-1].frames append value {}
data modify storage ps:ani_data data[-1].frames[-1].part_1 set value {interpolation_duration:1,start_interpolation:0,transformation:[0.6253220102436002, 3.853114126825626e-05, -0.7803668252945235, 2.4280962633987796e-05, 1.3002678086839793e-05, -0.9999999991566647, -3.895639774855235e-05, 0.03136011847456263, -0.7803668261374471, 1.4213434333020178e-05, -0.625322010217252, -2.7434238383744536e-05, 0.0, 0.0, 0.0, 2.0]}
data modify storage ps:ani_data data[-1].frames append value {}
data modify storage ps:ani_data data[-1].frames[-1].part_1 set value {interpolation_duration:1,start_interpolation:0,transformation:[0.6253230928376865, -1.0772849056435071e-05, -0.7803659586680183, 5.328526254505753e-05, -5.8910740396539065e-05, -0.999999997706932, -3.34015048514928e-05, 0.031358400518022564, -0.7803659565187568, 6.685866872455643e-05, -0.6253230920384146, -4.896928654423814e-05, 0.0, 0.0, 0.0, 2.0]}
data modify storage ps:ani_data data[-1].frames append value {}
data modify storage ps:ani_data data[-1].frames[-1].part_1 set value {interpolation_duration:1,start_interpolation:0,transformation:[0.6253225796693123, 5.929463946088808e-06, -0.7803663699318145, 4.376544359243927e-06, 3.39679542379848e-05, -0.9999999992305997, 1.9620867093487115e-05, 0.03135142206269813, -0.7803663692150591, -3.8776820368954276e-05, -0.6253225793896007, -1.9373393767779877e-05, 0.0, 0.0, 0.0, 2.0]}
data modify storage ps:ani_data data[-1].frames append value {}
data modify storage ps:ani_data data[-1].frames[-1].part_1 set value {interpolation_duration:1,start_interpolation:0,transformation:[0.6253222542392879, 4.08743822019457e-05, -0.7803666296570992, -2.6776923004762288e-05, 9.827961329561883e-06, -0.9999999989614424, -4.450310649697728e-05, 0.03135308820745881, -0.7803666306656802, 2.0159369816190415e-05, -0.6253222539915664, -3.936662652657019e-05, 0.0, 0.0, 0.0, 2.0]}
data modify storage ps:ani_data data[-1].frames append value {}
data modify storage ps:ani_data data[-1].frames[-1].part_1 set value {interpolation_duration:1,start_interpolation:0,transformation:[0.6253224975236426, -5.074200067592042e-05, -0.7803664341295335, -3.725281487496416e-05, -4.6236086371999934e-05, -0.9999999985398553, 2.797344252808856e-05, 0.03135232604930053, -0.780366434409514, 1.8588666904224294e-05, -0.6253224989566927, -5.2233301930270166e-05, 0.0, 0.0, 0.0, 2.0]}
data modify storage ps:ani_data data[-1].frames append value {}
data modify storage ps:ani_data data[-1].frames[-1].part_1 set value {interpolation_duration:1,start_interpolation:0,transformation:[0.6253286240012944, -1.671893020052291e-05, -0.7803615262973468, -1.632532958520053e-05, 9.669932838920509e-06, -0.9999999995277016, 2.917342183307363e-05, 0.031348439001641505, -0.780361526416532, -2.578901928165811e-05, -0.625328623544282, -5.2472831252036586e-05, 0.0, 0.0, 0.0, 2.0]}
data modify storage ps:ani_data data[-1].frames append value {}
data modify storage ps:ani_data data[-1].frames[-1].part_1 set value {interpolation_duration:1,start_interpolation:0,transformation:[0.625329753640992, 4.961079724065453e-06, -0.7803606212429504, -3.2593994125884834e-05, -5.669548287349812e-05, -0.999999997051737, -5.1789455986270594e-05, 0.03135055505226717, -0.7803606191991738, 7.662840998992767e-05, -0.6253297515160849, -4.30015251420273e-05, 0.0, 0.0, 0.0, 2.0]}
data modify storage ps:ani_data data[-1].frames append value {}
data modify storage ps:ani_data data[-1].frames[-1].part_1 set value {interpolation_duration:1,start_interpolation:0,transformation:[0.6253299235231629, -2.7853231968531337e-05, -0.7803604846291954, 7.659479275076829e-06, -5.767175556037053e-05, -0.999999998281632, -1.052160217626252e-05, 0.031357986674295006, -0.7803604829951882, 5.158423180273063e-05, -0.6253299240549608, -9.358288508055326e-06, 0.0, 0.0, 0.0, 2.0]}
data modify storage ps:ani_data data[-1].frames append value {}
data modify storage ps:ani_data data[-1].frames[-1].part_1 set value {interpolation_duration:1,start_interpolation:0,transformation:[0.625330587930902, 9.431387412452967e-07, -0.7803599527122743, 2.1269437443851293e-05, -2.7305425542413746e-05, -0.9999999993606462, -2.3089417244130118e-05, 0.031359883066596726, -0.7803599522351248, 3.574657944532031e-05, -0.6253305875053418, -2.676502612524531e-05, 0.0, 0.0, 0.0, 2.0]}
data modify storage ps:ani_data data[-1].frames[-1].is_last set value 1
data modify storage ps:ani_data data[-1].frames[-1].keep_alive set value 1
