#0
data modify storage ps:ani_data data append value {ani_tag:'coin',height:0.1,width:0.3}
data modify storage ps:ani_data data[-1].parts.part_1 set value {name:'coin',init_pos:[1.0, 0.0, 0.0, 0.0, 0.0, 1.0, 0.0, 0.03125, 0.0, 0.0, 1.0, 0.0, 0.0, 0.0, 0.0, 2.0],item_model:'coin_test'}
#1
data modify storage ps:ani_data data[-1].frames append value {}
data modify storage ps:ani_data data[-1].frames[-1].part_1 set value {interpolation_duration:1,start_interpolation:0,transformation:[0.8707789985546217, -0.4867472499194568, -0.06943378408279147, -0.00029333962434914036, 0.4903408417230565, 0.8493190514616994, 0.19550705297386003, 0.25287988565492403, -0.03619108473829105, -0.20428965593011622, 0.9782412493170692, 0.0003635805185191326, 0.0, 0.0, 0.0, 2.0]}
#2
data modify storage ps:ani_data data[-1].frames append value {}
data modify storage ps:ani_data data[-1].frames[-1].part_1 set value {interpolation_duration:1,start_interpolation:0,transformation:[0.6145278947330196, -0.7729645839548985, -0.15773781584145538, -5.637569583815207e-05, 0.7820121574175424, 0.570510329182995, 0.2509481020981652, 0.5367771397920836, -0.10398294209226433, -0.27756749854213986, 0.9550622134221917, 2.338750554953765e-05, 0.0, 0.0, 0.0, 2.0]}
#3
data modify storage ps:ani_data data[-1].frames append value {}
data modify storage ps:ani_data data[-1].frames[-1].part_1 set value {interpolation_duration:1,start_interpolation:0,transformation:[0.2710692776504565, -0.9240801817822237, -0.2694387951862007, -1.4242734257760852e-05, 0.9423869228024485, 0.19777176414346048, 0.26980218130792544, 0.7941126428464504, -0.1960314628956048, -0.32705067947477984, 0.9244509281785017, 4.677945662438096e-06, 0.0, 0.0, 0.0, 2.0]}
#4
data modify storage ps:ani_data data[-1].frames append value {}
data modify storage ps:ani_data data[-1].frames[-1].part_1 set value {interpolation_duration:1,start_interpolation:0,transformation:[-0.10007020734558802, -0.9158474029769625, -0.3888566420445511, -3.736477587129558e-06, 0.9483731197141759, -0.20600912309022415, 0.24114034711594393, 1.0255413759775571, -0.3009557764945076, -0.34465022220208996, 0.8891804344061097, 1.2496947837507925e-06, 0.0, 0.0, 0.0, 2.0]}
#5
data modify storage ps:ani_data data[-1].frames append value {}
data modify storage ps:ani_data data[-1].frames[-1].part_1 set value {interpolation_duration:1,start_interpolation:0,transformation:[-0.43653332404526424, -0.7507834206394861, -0.49574480561158124, -9.947654163463172e-07, 0.8031106874743493, -0.573546648915136, 0.1614232485817817, 1.2313220268501137, -0.4055266707165762, -0.3276713243649645, 0.8533344142400677, 3.4900408842692077e-07, 0.0, 0.0, 0.0, 2.0]}
#6
data modify storage ps:ani_data data[-1].frames append value {}
data modify storage ps:ani_data data[-1].frames[-1].part_1 set value {interpolation_duration:1,start_interpolation:0,transformation:[-0.6836132119171056, -0.4573008429159121, -0.5688136035299917, -2.686896610854789e-07, 0.5345404957976732, -0.8443584736127399, 0.036403659029574535, 1.411583312813291, -0.4969300100061939, -0.27916788337264026, 0.8216604274567954, 9.94804502947504e-08, 0.0, 0.0, 0.0, 2.0]}
#7
data modify storage ps:ani_data data[-1].frames append value {}
data modify storage ps:ani_data data[-1].frames[-1].part_1 set value {interpolation_duration:1,start_interpolation:0,transformation:[-0.8030366738341179, -0.08459445298371356, -0.589894803335156, -7.374287454491122e-08, 0.1898764652025649, -0.9746038901653991, -0.11871893377490374, 1.5664112499691942, -0.5648708068572982, -0.20734279779837334, 0.7987051619725062, 2.8886613184798808e-08, 0.0, 0.0, 0.0, 2.0]}
#8
data modify storage ps:ani_data data[-1].frames append value {}
data modify storage ps:ani_data data[-1].frames[-1].part_1 set value {interpolation_duration:1,start_interpolation:0,transformation:[-0.7786456573742969, 0.30576618085683094, -0.547921511620393, -2.059276585604912e-08, -0.17290522552884544, -0.9439819147803936, -0.2810728153919562, 1.6958777497895627, -0.603170558993862, -0.1241176345720842, 0.787895989043771, 8.538930839787027e-09, 0.0, 0.0, 0.0, 2.0]}
#9
data modify storage ps:ani_data data[-1].frames append value {}
data modify storage ps:ani_data data[-1].frames[-1].part_1 set value {interpolation_duration:1,start_interpolation:0,transformation:[-0.6181674810704522, 0.6500792536016796, -0.4418890464626782, -5.856014504263192e-09, -0.49499517193186604, -0.7586415644650474, -0.42360684181227204, 1.8000499899427402, -0.6106134170743008, -0.043127029838699975, 0.790753636846608, 2.5666404216884584e-09, 0.0, 0.0, 0.0, 2.0]}
#10
data modify storage ps:ani_data data[-1].frames append value {}
data modify storage ps:ani_data data[-1].frames[-1].part_1 set value {interpolation_duration:1,start_interpolation:0,transformation:[-0.35096515755053936, 0.8928768256617274, -0.282124852470963, -1.6961931020493115e-09, -0.726373377208652, -0.44973744001018284, -0.5197287291805066, 1.8789934852131223, -0.5909358468294358, 0.022521306563447977, 0.8064041267767996, 7.832525496282837e-10, 0.0, 0.0, 0.0, 2.0]}
#11
data modify storage ps:ani_data data[-1].frames append value {}
data modify storage ps:ani_data data[-1].frames[-1].part_1 set value {interpolation_duration:1,start_interpolation:0,transformation:[-0.022339911967274577, 0.9957363739197267, -0.08949861443893141, -5.00194562281376e-10, -0.8335422922938777, -0.06797936756110326, -0.5482572868129154, 1.9327730940661783, -0.5520037819533135, 0.06235286071373553, 0.831507032724349, 2.42226352079376e-10, 0.0, 0.0, 0.0, 2.0]}
#12
data modify storage ps:ani_data data[-1].frames append value {}
data modify storage ps:ani_data data[-1].frames[-1].part_1 set value {interpolation_duration:1,start_interpolation:0,transformation:[0.31449626676579456, 0.9431622820361361, 0.10741046473582702, -1.500158593979414e-10, -0.8041880277094648, 0.32484143306074353, -0.4977546177141938, 1.9614533487650787, -0.50435475042785, 0.07016375924528744, 0.8606412333890529, 7.576931704906222e-11, 0.0, 0.0, 0.0, 2.0]}
#13
data modify storage ps:ani_data data[-1].frames append value {}
data modify storage ps:ani_data data[-1].frames[-1].part_1 set value {interpolation_duration:1,start_interpolation:0,transformation:[0.6073340623727973, 0.7446739461611019, 0.2767779806823633, -4.568913366595414e-11, -0.6481642138223921, 0.6659137518532674, -0.36938059912873716, 1.9650985638279819, -0.4593783719351125, 0.0449398375782205, 0.8871031069704851, 2.392824744996257e-11, 0.0, 0.0, 0.0, 2.0]}
#14
data modify storage ps:ani_data data[-1].frames append value {}
data modify storage ps:ani_data data[-1].frames[-1].part_1 set value {interpolation_duration:1,start_interpolation:0,transformation:[0.8132574069603273, 0.43286862992423336, 0.38889219489684, -1.4105390717585613e-11, -0.39483703154666505, 0.9014113851677685, -0.17765481476544018, 1.9437728718512608, -0.4274530483498539, -0.009069945834576293, 0.9039920505950124, 7.616100562399583e-12, 0.0, 0.0, 0.0, 2.0]}
#15
data modify storage ps:ani_data data[-1].frames append value {}
data modify storage ps:ani_data data[-1].frames[-1].part_1 set value {interpolation_duration:1,start_interpolation:0,transformation:[0.9049932626947633, 0.05787273171812392, 0.42147116318980704, -4.40580865138137e-12, -0.08742850431866457, 0.9948581062836661, 0.05112342901526687, 1.8975402355312716, -0.4163453507722743, -0.08311495223580315, 0.9053996098989395, 2.4395311313658144e-12, 0.0, 0.0, 0.0, 2.0]}
#16
data modify storage ps:ani_data data[-1].frames append value {}
data modify storage ps:ani_data data[-1].frames[-1].part_1 set value {interpolation_duration:1,start_interpolation:0,transformation:[0.874400891885134, -0.32084792754407976, 0.36397759225143345, -1.3897076918329025e-12, 0.224549384623128, 0.9325773160445026, 0.2826254119229304, 1.8264644518861368, -0.4301170237689464, -0.16539696789814656, 0.8874926415887865, 7.853754463220478e-13, 0.0, 0.0, 0.0, 2.0]}
#17
data modify storage ps:ani_data data[-1].frames append value {}
data modify storage ps:ani_data data[-1].frames[-1].part_1 set value {interpolation_duration:1,start_interpolation:0,transformation:[0.73270619061917, -0.6439638649045634, 0.22011855652243786, -4.419036807223933e-13, 0.4934316669259976, 0.7254487539824994, 0.4798429903831776, 1.7306091539209028, -0.4686862791921431, -0.24297046331275823, 0.8492929563199072, 2.538573623254091e-13, 0.0, 0.0, 0.0, 2.0]}
#18
data modify storage ps:ani_data data[-1].frames append value {}
data modify storage ps:ani_data data[-1].frames[-1].part_1 set value {interpolation_duration:1,start_interpolation:0,transformation:[0.507642924878043, -0.8615302667080823, 0.008016256430890033, -1.4143512056882414e-13, 0.6807617334901326, 0.40679602768727, 0.6091637333864904, 1.6100378114542235, -0.528073974966363, -0.3037804987219523, 0.7930039631423456, 8.231781334150122e-14, 0.0, 0.0, 0.0, 2.0]}
#19
data modify storage ps:ani_data data[-1].frames append value {}
data modify storage ps:ani_data data[-1].frames[-1].part_1 set value {interpolation_duration:1,start_interpolation:0,transformation:[0.23815535329919676, -0.9405771550397238, -0.2420674350512971, -4.549254638130841e-14, 0.7627438646978397, 0.026835858386283783, 0.646143663259553, 1.4648137316695735, -0.6012518811286481, -0.3385180233341358, 0.7238105576165708, 2.676668428853703e-14, 0.0, 0.0, 0.0, 2.0]}
#20
data modify storage ps:ani_data data[-1].frames append value {}
data modify storage ps:ani_data data[-1].frames[-1].part_1 set value {interpolation_duration:1,start_interpolation:0,transformation:[-0.03233148455956214, -0.8699120210414882, -0.49214606648198284, -1.4674009562662213e-14, 0.7330386587321287, -0.35536154339217696, 0.5799762911379497, 1.2950000595754725, -0.6794181333393868, -0.34201059797240707, 0.6491685073724541, 8.730833109904932e-15, 0.0, 0.0, 0.0, 2.0]}
#21
data modify storage ps:ani_data data[-1].frames append value {}
data modify storage ps:ani_data data[-1].frames[-1].part_1 set value {interpolation_duration:1,start_interpolation:0,transformation:[-0.2629047601080562, -0.6614701346587629, -0.7023804866787254, -4.724524383336221e-15, 0.6026335917032563, -0.6810980716833628, 0.4158583543708575, 1.100659778435184, -0.7534678767295645, -0.3139469345346801, 0.577688048199821, 2.8648339710245257e-15, 0.0, 0.0, 0.0, 2.0]}
#22
data modify storage ps:ani_data data[-1].frames append value {}
data modify storage ps:ani_data data[-1].frames[-1].part_1 set value {interpolation_duration:1,start_interpolation:0,transformation:[-0.4212905179019138, -0.34809753285235995, -0.8374618839971386, -1.4993502945536944e-15, 0.39701100470502265, -0.9010154876355738, 0.174795174944668, 0.8818557101856925, -0.8154118969386239, -0.2588420341886704, 0.5177878326766916, 9.552791557714036e-16, 0.0, 0.0, 0.0, 2.0]}
#23
data modify storage ps:ani_data data[-1].frames append value {}
data modify storage ps:ani_data data[-1].frames[-1].part_1 set value {interpolation_duration:1,start_interpolation:0,transformation:[-0.4882047347418416, 0.021800795509721107, -0.8724567968047419, -4.531948049674154e-16, 0.15125415299359557, -0.9824461004095453, -0.10918718327838452, 0.6386505158524579, -0.8595221452515563, -0.18526841367383937, 0.4763373769891892, 3.335264619839318e-16, 0.0, 0.0, 0.0, 2.0]}
#24
data modify storage ps:ani_data data[-1].frames append value {}
data modify storage ps:ani_data data[-1].frames[-1].part_1 set value {interpolation_duration:1,start_interpolation:0,transformation:[-0.4593710771424247, 0.39185293771791413, -0.7971383121434126, -1.190024095814575e-16, -0.0959846820540626, -0.9140750665852185, -0.39402247836666504, 0.3711066959620743, -0.8830431214249894, -0.10448946286142513, 0.4575115275650897, 1.3071977409181395e-16, 0.0, 0.0, 0.0, 2.0]}
#25
data modify storage ps:ani_data data[-1].frames append value {}
data modify storage ps:ani_data data[-1].frames[-1].part_1 set value {interpolation_duration:1,start_interpolation:0,transformation:[-0.4517604637730626, 0.30265743788247934, -0.8392323627374962, 0.0017989496236543105, 0.053335099761257054, -0.9298516646969148, -0.36404841545299016, 0.11776308338824067, -0.8905435702451643, -0.20922322279037125, 0.4039279546406841, 0.0003258452162730224, 0.0, 0.0, 0.0, 2.0]}
#26
data modify storage ps:ani_data data[-1].frames append value {}
data modify storage ps:ani_data data[-1].frames[-1].part_1 set value {interpolation_duration:1,start_interpolation:0,transformation:[-0.43296560007559226, 0.05451059233961093, -0.8997607373485282, -0.0019214728405940015, -0.02013856471751634, -0.998505670558038, -0.0508022054104062, 0.02283572376973644, -0.9011854566970668, -0.0038757175113064593, 0.433416371923664, 0.0021345009766451806, 0.0, 0.0, 0.0, 2.0]}
#27
data modify storage ps:ani_data data[-1].frames append value {}
data modify storage ps:ani_data data[-1].frames[-1].part_1 set value {interpolation_duration:1,start_interpolation:0,transformation:[-0.42866967254694416, 0.043272797907903844, -0.9024243884114156, -0.0009553320870755452, 0.012085149483052079, -0.9984882843077281, -0.053619914790887374, 0.040031603792407895, -0.9033804630389501, -0.03389116494650854, 0.4274986876448869, 0.0009389601761471407, 0.0, 0.0, 0.0, 2.0]}
#28
data modify storage ps:ani_data data[-1].frames append value {}
data modify storage ps:ani_data data[-1].frames[-1].part_1 set value {interpolation_duration:1,start_interpolation:0,transformation:[-0.42545225634450007, 0.014469732884960338, -0.9048651857606252, -0.00022113712625345102, 0.005038958179185261, -0.999818791475591, -0.01835737216369146, 0.03516429826922703, -0.9049668427472035, -0.012369763236446746, 0.4253022483900502, 0.00024762342089211856, 0.0, 0.0, 0.0, 2.0]}
#29
data modify storage ps:ani_data data[-1].frames append value {}
data modify storage ps:ani_data data[-1].frames[-1].part_1 set value {interpolation_duration:1,start_interpolation:0,transformation:[-0.42695227635186644, -0.0018293451878614426, -0.9042723081097543, 0.00010862646493662764, -0.0029746633099345084, -0.999989701862996, 0.0034274693505209116, 0.03118753660293687, -0.9042692658141994, 0.004153271498455038, 0.4269424378528189, -6.531154838721763e-05, 0.0, 0.0, 0.0, 2.0]}
#30
data modify storage ps:ani_data data[-1].frames append value {}
data modify storage ps:ani_data data[-1].frames[-1].part_1 set value {interpolation_duration:1,start_interpolation:0,transformation:[-0.42692325634948086, -0.0003681554532373165, -0.9042877847508045, 5.02228616978343e-05, -0.0007768986422258176, -0.999999398750885, 0.0007739033324104512, 0.031298414634532715, -0.9042875259653065, 0.0010329372829266774, 0.4269227136427792, 4.5112371429682486e-05, 0.0, 0.0, 0.0, 2.0]}
#31
data modify storage ps:ani_data data[-1].frames append value {}
data modify storage ps:ani_data data[-1].frames[-1].part_1 set value {interpolation_duration:1,start_interpolation:0,transformation:[-0.42691237833285045, 6.554603421657152e-05, -0.9042929928567984, 1.627998469214944e-05, -5.6554787108447994e-05, -0.9999999973526932, -4.578393916520355e-05, 0.03136118886396962, -0.9042929934638138, 3.159636733621394e-05, 0.4269123809096244, 4.165479181096658e-05, 0.0, 0.0, 0.0, 2.0]}
#32
data modify storage ps:ani_data data[-1].frames append value {}
data modify storage ps:ani_data data[-1].frames[-1].part_1 set value {interpolation_duration:1,start_interpolation:0,transformation:[-0.4269093393250078, 3.868199759884755e-05, -0.9042944290997199, 8.41679191684983e-06, -4.494239373612974e-05, -0.999999998757696, -2.155898489016054e-05, 0.031360033925478537, -0.9042944288102557, 3.1437424290012017e-05, 0.4269093405331181, 4.826698485346051e-06, 0.0, 0.0, 0.0, 2.0]}
#33
data modify storage ps:ani_data data[-1].frames append value {}
data modify storage ps:ani_data data[-1].frames[-1].part_1 set value {interpolation_duration:1,start_interpolation:0,transformation:[-0.4269102905173653, 3.8414524799855166e-05, -0.9042939800610765, 2.9233353588275937e-06, -4.1998800545386316e-05, -0.9999999988614752, -2.265281541797277e-05, 0.03135769991714777, -0.9042939799017127, 2.8308542491855698e-05, 0.4269102916446814, -5.863635085348583e-06, 0.0, 0.0, 0.0, 2.0]}
#34
data modify storage ps:ani_data data[-1].frames append value {}
data modify storage ps:ani_data data[-1].frames[-1].part_1 set value {interpolation_duration:1,start_interpolation:0,transformation:[-0.4269340180080079, 4.378959765021147e-05, -0.904282777868742, 2.0383213125315867e-06, -4.389749054989544e-05, -0.9999999986528711, -2.7699593736951182e-05, 0.03135179582099245, -0.9042827778635109, 2.7869845844620288e-05, 0.4269340193551263, -7.738049089850646e-06, 0.0, 0.0, 0.0, 2.0]}
#35
data modify storage ps:ani_data data[-1].frames append value {}
data modify storage ps:ani_data data[-1].frames[-1].part_1 set value {interpolation_duration:1,start_interpolation:0,transformation:[-0.42692989053351665, 3.886474308778543e-05, -0.9042847267639608, -1.2525547482202137e-05, -4.2897257225772616e-05, -0.9999999988216812, -2.27258308165226e-05, 0.03135903544175374, -0.9042847265816583, 2.908899806654993e-05, 0.42692989169764806, -2.2526242742373512e-05, 0.0, 0.0, 0.0, 2.0]}
#36
data modify storage ps:ani_data data[-1].frames append value {}
data modify storage ps:ani_data data[-1].frames[-1].part_1 set value {interpolation_duration:1,start_interpolation:0,transformation:[-0.4269291191774697, 3.7045385091958866e-05, -0.9042850910116725, -8.193921986216565e-06, -4.16263264314818e-05, -0.999999998906482, -2.131395769435939e-05, 0.0313591253698903, -0.9042850908124044, 2.8542517200935412e-05, 0.42692912025267826, 8.33679618767278e-06, 0.0, 0.0, 0.0, 2.0]}
#37
data modify storage ps:ani_data data[-1].frames append value {}
data modify storage ps:ani_data data[-1].frames[-1].part_1 set value {interpolation_duration:1,start_interpolation:0,transformation:[-0.42692613495117504, 5.900241811854297e-05, -0.9042864987460365, 1.3626226949532983e-05, -3.4978240610419416e-05, -0.999999998200771, -4.873377298267294e-05, 0.03134892868656774, -0.9042864999944284, 1.0824629392812048e-05, 0.42692613624683795, 2.75724364660792e-05, 0.0, 0.0, 0.0, 2.0]}
#38
data modify storage ps:ani_data data[-1].frames append value {}
data modify storage ps:ani_data data[-1].frames[-1].part_1 set value {interpolation_duration:1,start_interpolation:0,transformation:[-0.4269237977197791, 3.085266434048999e-05, -0.9042876035800965, -3.102688822672434e-05, -5.9436745995140164e-05, -0.9999999982152897, -6.057478770459157e-06, 0.03134781874067096, -0.9042876021530948, 5.116183075925284e-05, 0.42692379879162595, -8.363510020448484e-06, 0.0, 0.0, 0.0, 2.0]}
#39
data modify storage ps:ani_data data[-1].frames append value {}
data modify storage ps:ani_data data[-1].frames[-1].part_1 set value {interpolation_duration:1,start_interpolation:0,transformation:[-0.4268315952325712, 6.290922174852154e-05, -0.904331125945385, -2.114010163179532e-05, -6.787077176993093e-05, -0.9999999969925167, -3.753031472804513e-05, 0.0313591240126349, -0.9043311255866274, 4.535852734853195e-05, 0.42683159821857974, 9.254919024946142e-06, 0.0, 0.0, 0.0, 2.0]}
#40
data modify storage ps:ani_data data[-1].frames append value {}
data modify storage ps:ani_data data[-1].frames[-1].part_1 set value {interpolation_duration:1,start_interpolation:0,transformation:[-0.42682353385501004, 3.867355272595325e-05, -0.9043349321196639, -3.743918726116331e-06, -4.3192135777559764e-05, -0.9999999988168093, -2.2379023450344416e-05, 0.031354222410461464, -0.9043349319151396, 2.9508263303202683e-05, 0.4268235350203897, -1.0110924536656962e-05, 0.0, 0.0, 0.0, 2.0]}
#41
data modify storage ps:ani_data data[-1].frames append value {}
data modify storage ps:ani_data data[-1].frames[-1].part_1 set value {interpolation_duration:1,start_interpolation:0,transformation:[-0.42682531909790133, 4.167976204021763e-05, -0.9043340893938321, 9.444273050815644e-06, -5.109986443466637e-05, -0.9999999984530412, -2.197091347720047e-05, 0.031356575646109795, -0.9043340889106071, 3.683360721589383e-05, 0.42682532056745043, 4.709014107755359e-05, 0.0, 0.0, 0.0, 2.0]}
#42
data modify storage ps:ani_data data[-1].frames append value {}
data modify storage ps:ani_data data[-1].frames[-1].part_1 set value {interpolation_duration:1,start_interpolation:0,transformation:[-0.42682790504552875, 4.2607141012423134e-05, -0.9043328688370654, 1.5135509223818816e-05, -3.915698544987105e-05, -0.9999999988234385, -2.863309273290587e-05, 0.031356133233790925, -0.904332868993036, 2.3189546000732553e-05, 0.4268279062117067, 2.2263209577488905e-05, 0.0, 0.0, 0.0, 2.0]}
#43
data modify storage ps:ani_data data[-1].frames append value {}
data modify storage ps:ani_data data[-1].frames[-1].part_1 set value {interpolation_duration:1,start_interpolation:0,transformation:[-0.4268277962791619, 4.162313402873197e-05, -0.9043329202185381, 4.723785811014067e-05, -4.873994432347623e-05, -0.999999998547202, -2.3022020404689434e-05, 0.031353896886656185, -0.9043329198629739, 3.425069794611072e-05, 0.4268277976877766, 2.6457729183806965e-05, 0.0, 0.0, 0.0, 2.0]}
#44
data modify storage ps:ani_data data[-1].frames append value {}
data modify storage ps:ani_data data[-1].frames[-1].part_1 set value {interpolation_duration:1,start_interpolation:0,transformation:[-0.42682848249490246, 4.728992412906774e-05, -0.9043325960589732, 3.738087894691191e-05, -3.7189945994480313e-05, -0.9999999987050323, -3.473964777101621e-05, 0.03135469691141418, -0.904332596530727, 1.8804209267971124e-05, 0.4268284837008832, 3.293130187494905e-05, 0.0, 0.0, 0.0, 2.0]}
#45
data modify storage ps:ani_data data[-1].frames append value {}
data modify storage ps:ani_data data[-1].frames[-1].part_1 set value {interpolation_duration:1,start_interpolation:0,transformation:[-0.42682876411747406, 4.667183437208082e-05, -0.904332463170315, 8.321302427660928e-06, -4.3998602379283696e-05, -0.9999999985564284, -3.08426008842811e-05, 0.031354067302755764, -0.904332463304327, 2.6624855248102696e-05, 0.4268287655548118, 4.920551388560911e-05, 0.0, 0.0, 0.0, 2.0]}
#46
data modify storage ps:ani_data data[-1].frames append value {}
data modify storage ps:ani_data data[-1].frames[-1].part_1 set value {interpolation_duration:1,start_interpolation:0,transformation:[-0.4268348011821017, 2.9520704001997373e-05, -0.9043296144815582, -2.02734750750237e-05, -5.453082736090513e-05, -0.99999999848935, -6.9057222084833304e-06, 0.03135560199625945, -0.9043296133192944, 4.6366239518770936e-05, 0.42683480214709213, 6.224266770886315e-05, 0.0, 0.0, 0.0, 2.0]}
#47
data modify storage ps:ani_data data[-1].frames append value {}
data modify storage ps:ani_data data[-1].frames[-1].part_1 set value {interpolation_duration:1,start_interpolation:0,transformation:[-0.4268337123182222, 4.053614956437736e-05, -0.9043301279872665, 7.094033433324754e-06, -3.28325775714041e-05, -0.9999999990309483, -2.9327894465206586e-05, 0.03135261111436512, -0.9043301282997633, 1.717335500823856e-05, 0.4268337132355047, 6.078136799413233e-05, 0.0, 0.0, 0.0, 2.0]}
#48
data modify storage ps:ani_data data[-1].frames append value {}
data modify storage ps:ani_data data[-1].frames[-1].part_1 set value {interpolation_duration:1,start_interpolation:0,transformation:[-0.4268317750426561, 4.423065175028187e-05, -0.9043310421839917, 6.212533168701675e-05, -2.7680101169012006e-05, -0.9999999989744679, -3.5845175580069255e-05, 0.031358847049723464, -0.9043310428420264, 9.73211481837433e-06, 0.42683177582923537, 4.9795075264666e-05, 0.0, 0.0, 0.0, 2.0]}
#49
data modify storage ps:ani_data data[-1].frames append value {}
data modify storage ps:ani_data data[-1].frames[-1].part_1 set value {interpolation_duration:1,start_interpolation:0,transformation:[-0.4268349111262028, 4.7816174445041926e-05, -0.9043295618067011, 7.22350924802122e-05, -3.5051579267051535e-05, -0.9999999987257331, -3.6330711778555176e-05, 0.031357444626910064, -0.9043295623915394, 1.619096318605428e-05, 0.4268349122583337, 5.180372353176906e-05, 0.0, 0.0, 0.0, 2.0]}
#50
data modify storage ps:ani_data data[-1].frames append value {}
data modify storage ps:ani_data data[-1].frames[-1].part_1 set value {interpolation_duration:1,start_interpolation:0,transformation:[-0.42683046646876505, 4.034952936334655e-05, -0.9043316599931529, 4.965778075959175e-05, -3.4246917675453344e-05, -0.9999999990087577, -2.845405354603427e-05, 0.03135337762715744, -0.9043316602448487, 1.8825514963110555e-05, 0.4268304674275197, 3.3917511313616644e-05, 0.0, 0.0, 0.0, 2.0]}
#51
data modify storage ps:ani_data data[-1].frames append value {}
data modify storage ps:ani_data data[-1].frames[-1].part_1 set value {interpolation_duration:1,start_interpolation:0,transformation:[-0.4268317460402595, 4.5345623462780365e-05, -0.904331055817502, 7.538843532465865e-05, -3.706247112570757e-05, -0.9999999987801834, -3.26497513873648e-05, 0.031355572443608704, -0.9043310561949073, 1.95807932518675e-05, 0.42683174720022393, 4.650676943246891e-05, 0.0, 0.0, 0.0, 2.0]}
#52
data modify storage ps:ani_data data[-1].frames append value {}
data modify storage ps:ani_data data[-1].frames[-1].part_1 set value {interpolation_duration:1,start_interpolation:0,transformation:[-0.42683146095764335, 4.317982330707053e-05, -0.904331190478503, 5.3930571576713863e-05, -2.200561992208926e-05, -0.999999999059937, -3.73614586354997e-05, 0.03136102580527241, -0.9043311912416359, 3.953322488461543e-06, 0.42683146150659373, 3.4895280502177824e-05, 0.0, 0.0, 0.0, 2.0]}
#53
data modify storage ps:ani_data data[-1].frames append value {}
data modify storage ps:ani_data data[-1].frames[-1].part_1 set value {interpolation_duration:1,start_interpolation:0,transformation:[-0.42682930210478437, 4.9491988635880414e-05, -0.9043322090997787, 7.64468338298035e-05, -3.517611550186528e-05, -0.9999999986545574, -3.812513962451299e-05, 0.03135888975370412, -0.9043322097699404, 1.5537967500772454e-05, 0.4268293032714459, 2.646627107348248e-05, 0.0, 0.0, 0.0, 2.0]}
#54
data modify storage ps:ani_data data[-1].frames append value {}
data modify storage ps:ani_data data[-1].frames[-1].part_1 set value {interpolation_duration:1,start_interpolation:0,transformation:[-0.4268169445673741, 4.6579971624828895e-05, -0.9043380416970616, 5.1704629759407306e-05, -3.6673219904579626e-05, -0.99999999874276, -3.419873816334129e-05, 0.03135837728291565, -0.9043380421530686, 1.856838694029627e-05, 0.4268169457390006, 2.5782960184913416e-05, 0.0, 0.0, 0.0, 2.0]}
#55
data modify storage ps:ani_data data[-1].frames append value {}
data modify storage ps:ani_data data[-1].frames[-1].part_1 set value {interpolation_duration:1,start_interpolation:0,transformation:[-0.42681452441054607, 4.852366089836131e-05, -0.9043391838230018, 1.5526992684676664e-05, -3.543088798710318e-05, -0.9999999986902502, -3.693441999046013e-05, 0.031356685756445755, -0.9043391844307372, 1.6277393421773485e-05, 0.42681452557076227, 3.834424054003731e-05, 0.0, 0.0, 0.0, 2.0]}
#56
data modify storage ps:ani_data data[-1].frames append value {}
data modify storage ps:ani_data data[-1].frames[-1].part_1 set value {interpolation_duration:1,start_interpolation:0,transformation:[-0.4268146845967377, 5.567098747475051e-05, -0.9043391078093043, 1.107528237267575e-05, -3.504146746238451e-05, -0.9999999983725765, -4.502157890751216e-05, 0.03135353211269878, -0.9043391088439574, 1.2473498419804633e-05, 0.4268146858529226, 4.7578785556343245e-05, 0.0, 0.0, 0.0, 2.0]}
#57
data modify storage ps:ani_data data[-1].frames append value {}
data modify storage ps:ani_data data[-1].frames[-1].part_1 set value {interpolation_duration:1,start_interpolation:0,transformation:[-0.42681385175591263, 4.1057447876473725e-05, -0.9043395016605035, 2.0482847082484877e-05, -3.847020405418905e-05, -0.9999999988889038, -2.7244007162588626e-05, 0.031354278911851, -0.9043395017742647, 2.3162005528813077e-05, 0.4268138528611697, 5.532496608148245e-05, 0.0, 0.0, 0.0, 2.0]}
#58
data modify storage ps:ani_data data[-1].frames append value {}
data modify storage ps:ani_data data[-1].frames[-1].part_1 set value {interpolation_duration:1,start_interpolation:0,transformation:[-0.4268124678010209, 4.979751902520588e-05, -0.9043401543942463, 4.395764886087115e-06, -3.518740967233343e-05, -0.9999999986414153, -3.84579780415408e-05, 0.031358875433142155, -0.9043401550807354, 1.5407042981264113e-05, 0.42681246897340563, 3.989931164803966e-05, 0.0, 0.0, 0.0, 2.0]}
#59
data modify storage ps:ani_data data[-1].frames append value {}
data modify storage ps:ani_data data[-1].frames[-1].part_1 set value {interpolation_duration:1,start_interpolation:0,transformation:[-0.42681767475202487, 3.6265983675427353e-05, -0.9043376975466919, -9.954196722850854e-06, -4.178559006195973e-05, -0.9999999989192928, -2.038083262242404e-05, 0.03136133574396809, -0.9043376973084991, 2.9089384717849367e-05, 0.42681767580615554, 4.499054561152681e-05, 0.0, 0.0, 0.0, 2.0]}
data modify storage ps:ani_data data[-1].frames[-1].is_last set value 1
data modify storage ps:ani_data data[-1].frames[-1].keep_alive set value 1
